  0.5050025E+10  0.2419845E+00  0.4942345E+00  0.4852264E+00  0.2616929E+02
  0.5728455E+10  0.2453064E+00  0.4893644E+00  0.4729696E+00  0.2732733E+02
  0.5193714E+10  0.2450335E+00  0.4771170E+00  0.4645898E+00  0.2877863E+02
  0.3016644E+10  0.2415002E+00  0.4708166E+00  0.4665952E+00  0.3050392E+02
  0.1348446E+10  0.2370984E+00  0.4665833E+00  0.4695517E+00  0.3214819E+02
  0.6904562E+09  0.2324855E+00  0.4601111E+00  0.4700841E+00  0.3317075E+02
  0.5475232E+09  0.2234685E+00  0.4540162E+00  0.4744031E+00  0.3365299E+02
  0.4961846E+09  0.2110632E+00  0.4522982E+00  0.4813708E+00  0.3396235E+02
  0.4707742E+09  0.1978447E+00  0.4564213E+00  0.4854905E+00  0.3403793E+02
  0.4627317E+09  0.1859733E+00  0.4631311E+00  0.4797111E+00  0.3365938E+02
  0.4666509E+09  0.1755030E+00  0.4711554E+00  0.4664042E+00  0.3296079E+02
  0.4768967E+09  0.1675885E+00  0.4835904E+00  0.4547605E+00  0.3209449E+02
  0.4900993E+09  0.1587679E+00  0.5037929E+00  0.4466045E+00  0.3127525E+02
  0.5038649E+09  0.1496012E+00  0.5299231E+00  0.4453600E+00  0.3043380E+02
  0.5189604E+09  0.1386331E+00  0.5609589E+00  0.4468544E+00  0.2944576E+02
  0.5318469E+09  0.1304533E+00  0.5870684E+00  0.4509146E+00  0.2863745E+02
  0.5426416E+09  0.1232694E+00  0.6068117E+00  0.4548886E+00  0.2800393E+02
  0.5517882E+09  0.1169541E+00  0.6234398E+00  0.4593447E+00  0.2746707E+02
  0.5589851E+09  0.1124678E+00  0.6347303E+00  0.4664290E+00  0.2713347E+02
  0.5648109E+09  0.1090447E+00  0.6455883E+00  0.4752209E+00  0.2687211E+02
  0.5700704E+09  0.1067935E+00  0.6537325E+00  0.4892213E+00  0.2660148E+02
  0.5742622E+09  0.1052804E+00  0.6591463E+00  0.5016903E+00  0.2638805E+02
  0.5790152E+09  0.1040361E+00  0.6654465E+00  0.5175518E+00  0.2620788E+02
  0.5843832E+09  0.1024070E+00  0.6709381E+00  0.5299167E+00  0.2605290E+02
  0.5894345E+09  0.1010719E+00  0.6732620E+00  0.5406453E+00  0.2593847E+02
  0.5954297E+09  0.9962976E-01  0.6726952E+00  0.5524304E+00  0.2572912E+02
  0.5994603E+09  0.9880414E-01  0.6678134E+00  0.5533817E+00  0.2575884E+02
  0.6067952E+09  0.9564215E-01  0.6649772E+00  0.5511284E+00  0.2558877E+02
  0.6112148E+09  0.9295388E-01  0.6544138E+00  0.5290191E+00  0.2579057E+02
  0.6169452E+09  0.8940876E-01  0.6412432E+00  0.5046803E+00  0.2588075E+02
  0.6194639E+09  0.8609110E-01  0.6233427E+00  0.4659616E+00  0.2621837E+02
  0.6213305E+09  0.8297003E-01  0.6075938E+00  0.4266309E+00  0.2660796E+02
  0.6225900E+09  0.7948677E-01  0.5965167E+00  0.3883607E+00  0.2697481E+02
  0.6206041E+09  0.7755350E-01  0.5877936E+00  0.3588862E+00  0.2730736E+02
  0.6158117E+09  0.7617275E-01  0.5840171E+00  0.3322577E+00  0.2766872E+02
  0.6098555E+09  0.7556761E-01  0.5819503E+00  0.3116967E+00  0.2798590E+02
  0.6011321E+09  0.7557551E-01  0.5801770E+00  0.2913734E+00  0.2833732E+02
  0.5899384E+09  0.7608029E-01  0.5781841E+00  0.2688440E+00  0.2874480E+02
  0.5788742E+09  0.7687348E-01  0.5753057E+00  0.2490805E+00  0.2912112E+02
  0.5690918E+09  0.7777932E-01  0.5721354E+00  0.2329196E+00  0.2944023E+02
  0.5621575E+09  0.7847208E-01  0.5698745E+00  0.2214739E+00  0.2966068E+02
  0.5559152E+09  0.7912429E-01  0.5676076E+00  0.2115595E+00  0.2985604E+02
  0.5518799E+09  0.7954998E-01  0.5660992E+00  0.2052102E+00  0.2998131E+02
  0.5489138E+09  0.7986913E-01  0.5650138E+00  0.2005253E+00  0.3007434E+02
  0.5470799E+09  0.8007096E-01  0.5644205E+00  0.1975193E+00  0.3013315E+02
  0.5461979E+09  0.8016821E-01  0.5641291E+00  0.1960876E+00  0.3016158E+02
  0.5455868E+09  0.8023696E-01  0.5639574E+00  0.1950439E+00  0.3018136E+02
  0.5452131E+09  0.8028014E-01  0.5638831E+00  0.1943457E+00  0.3019322E+02
  0.5450254E+09  0.8030255E-01  0.5638635E+00  0.1939642E+00  0.3019921E+02
  0.5449468E+09  0.8031272E-01  0.5638766E+00  0.1937641E+00  0.3020162E+02
  0.5449161E+09  0.8031712E-01  0.5638926E+00  0.1936664E+00  0.3020255E+02
  0.5449063E+09  0.8031897E-01  0.5639097E+00  0.1936129E+00  0.3020281E+02
  0.5449036E+09  0.8031961E-01  0.5639183E+00  0.1935910E+00  0.3020286E+02
  0.5449034E+09  0.8031986E-01  0.5639241E+00  0.1935797E+00  0.3020284E+02
  0.5449036E+09  0.8031994E-01  0.5639270E+00  0.1935747E+00  0.3020283E+02
  0.5449038E+09  0.8031998E-01  0.5639288E+00  0.1935719E+00  0.3020281E+02
  0.5449039E+09  0.8031999E-01  0.5639296E+00  0.1935706E+00  0.3020280E+02
  0.5449040E+09  0.8032000E-01  0.5639299E+00  0.1935702E+00  0.3020280E+02
  0.5449040E+09  0.8032000E-01  0.5639300E+00  0.1935700E+00  0.3020280E+02
  0.5449040E+09  0.8032000E-01  0.5639300E+00  0.1935700E+00  0.3020280E+02
  0.5449040E+09  0.8032000E-01  0.5639300E+00  0.1935700E+00  0.3020280E+02
  0.5449040E+09  0.8032000E-01  0.5639300E+00  0.1935700E+00  0.3020280E+02
  0.5449040E+09  0.8032000E-01  0.5639300E+00  0.1935700E+00  0.3020280E+02
  0.5449040E+09  0.8032000E-01  0.5639300E+00  0.1935700E+00  0.3020280E+02
  0.5449040E+09  0.8032000E-01  0.5639300E+00  0.1935700E+00  0.3020280E+02
  0.5449040E+09  0.8032000E-01  0.5639300E+00  0.1935700E+00  0.3020280E+02
  0.5449040E+09  0.8032000E-01  0.5639300E+00  0.1935700E+00  0.3020280E+02
  0.5449040E+09  0.8032000E-01  0.5639300E+00  0.1935700E+00  0.3020280E+02
  0.5449040E+09  0.8032000E-01  0.5639300E+00  0.1935700E+00  0.3020280E+02
  0.5449040E+09  0.8032000E-01  0.5639300E+00  0.1935700E+00  0.3020280E+02
  0.5449040E+09  0.8032000E-01  0.5639300E+00  0.1935700E+00  0.3020280E+02
  0.5449040E+09  0.8032000E-01  0.5639300E+00  0.1935700E+00  0.3020280E+02
  0.5449040E+09  0.8032000E-01  0.5639300E+00  0.1935700E+00  0.3020280E+02
  0.5449040E+09  0.8032000E-01  0.5639300E+00  0.1935700E+00  0.3020280E+02
  0.5449040E+09  0.8032000E-01  0.5639300E+00  0.1935700E+00  0.3020280E+02
  0.5449040E+09  0.8032000E-01  0.5639300E+00  0.1935700E+00  0.3020280E+02
  0.5449040E+09  0.8032000E-01  0.5639300E+00  0.1935700E+00  0.3020280E+02
  0.5449040E+09  0.8032000E-01  0.5639300E+00  0.1935700E+00  0.3020280E+02
  0.5449040E+09  0.8032000E-01  0.5639300E+00  0.1935700E+00  0.3020280E+02
  0.5449040E+09  0.8032000E-01  0.5639300E+00  0.1935700E+00  0.3020280E+02
  0.5449040E+09  0.8032000E-01  0.5639300E+00  0.1935700E+00  0.3020280E+02
  0.5449040E+09  0.8032000E-01  0.5639300E+00  0.1935700E+00  0.3020280E+02
  0.5449040E+09  0.8032000E-01  0.5639300E+00  0.1935700E+00  0.3020280E+02
  0.5449040E+09  0.8032000E-01  0.5639300E+00  0.1935700E+00  0.3020280E+02
  0.5449040E+09  0.8032000E-01  0.5639300E+00  0.1935700E+00  0.3020280E+02
