# C		CN		K0		e_x		e_y		e_z		n		overlap		p		q
3.34290764472	5.12504235852	0.73581896655	-0.0	-0.0	1.87240000048e-07	0.391041655017	0.000156031686363	5.58694503598	1.79148194847
3.38311975254	5.13255033557	0.66114619746	-0.0	-0.0	0.000531443826667	0.390718055936	0.00016380170233	6.0642144994	2.65455221793
3.41449403447	5.14219114219	0.584250331453	-0.0	-0.0	0.00134984762667	0.390219213178	0.000176893871986	6.83438089729	3.93090715817
3.44807777287	5.15504132231	0.538655178003	-0.0	-0.0	0.00212068413333	0.389748990678	0.000188661586707	7.59034094747	5.05716127085
3.47459125055	5.16365428853	0.508302116898	-0.0	-0.0	0.00286652962667	0.389293667934	0.00020010473455	8.34661916877	6.1053352575
3.50243040212	5.17920209287	0.486144312819	-0.0	-0.0	0.00361248325333	0.388837939375	0.00021130471063	9.12809613031	7.13464152567
3.51878038003	5.18463041355	0.469769148334	-0.0	-0.0	0.00433858268	0.388394013806	0.000222689553563	9.91194598496	8.12918141958
3.53336279275	5.19032153297	0.457014139417	-0.0	-0.0	0.00503626472	0.387967158406	0.000233615929547	10.6877567985	9.0959484044
3.54529385771	5.19805510535	0.446809970788	-0.0	-0.0	0.00572674384	0.387544416578	0.000244474886061	11.4748286487	10.0565493466
3.56517896597	5.20167796063	0.438498740925	-0.0	-0.0	0.00641326198667	0.387123810346	0.000254645034648	12.2765508917	11.0175408057
3.58373840035	5.20694087404	0.43154026638	-0.0	-0.0	0.00707321445333	0.386719207698	0.000264433249401	13.0674323847	11.9613333969
3.60362350862	5.21414852753	0.425603301391	-0.0	-0.0	0.00772982676	0.386316387749	0.000273990570842	13.8716817431	12.91241321
3.62129916041	5.21158129176	0.420566012069	-0.0	-0.0	0.00836371930667	0.385927255394	0.000283284499963	14.6652373161	13.846161216
3.63323022536	5.22575516693	0.416192594423	-0.0	-0.0	0.00898968749333	0.385542744624	0.00029285325013	15.4650129055	14.7816994754
3.64781263809	5.22482583914	0.412399091079	-0.0	-0.0	0.00960245564	0.385166109407	0.000301936067612	16.2628116052	15.7103009652
3.66283694211	5.23081780865	0.409020806024	-0.0	-0.0	0.01020852716	0.384793366591	0.000310812497052	17.0661957869	16.6427983224
3.66813963765	5.23579545455	0.40600039585	-0.0	-0.0	0.0108068733867	0.384425146433	0.000320363081282	17.8738693977	17.5779250134
3.68139637649	5.24103209566	0.403267065212	-0.0	-0.0	0.0114085767867	0.384054641495	0.000329262887504	18.7006587851	18.5315607572
3.6973044631	5.25353440151	0.400214284721	-0.0	-0.0	0.0121410528933	0.383603310962	0.000340084166687	19.727110223	19.715370745
3.7057003977	5.25446568474	0.398079462081	-0.0	-0.0	0.0127213886267	0.38324549012	0.000349021429951	20.5546769504	20.6645671054
3.7229341582	5.26743822333	0.396225487197	-0.0	-0.0	0.0132863232	0.382896965736	0.000356870447968	21.3736173699	21.5986583712
3.73177198409	5.27099594131	0.394449404554	-0.0	-0.0	0.0138520024667	0.382547784592	0.000365527492817	22.2074477223	22.55197408
3.74016791869	5.28027465668	0.392741616386	-0.0	-0.0	0.01442276032	0.382195270396	0.000374316089847	23.0620493975	23.5308110145
3.74900574459	5.28286604361	0.390991717142	-0.0	-0.0	0.0150851648267	0.381785896091	0.000384543674519	24.0682062731	24.6765542684
3.7560760053	5.28646967341	0.389570204039	-0.0	-0.0	0.0156255701333	0.381451719621	0.000392900732394	24.902243243	25.632161227
3.76844896156	5.30006218905	0.388290063145	-0.0	-0.0	0.0161585611733	0.381121951056	0.000400540929509	25.7350789536	26.5832144952
3.78568272205	5.30380922886	0.386981022149	-0.0	-0.0	0.01669558644	0.38078950865	0.000407721552405	26.5858539658	27.5614121663
3.79363676536	5.30909653465	0.386484399807	-0.0	-0.0	0.0169151308667	0.380653549513	0.000410553667808	26.9369173965	27.9636376807
3.79098541759	5.30857319715	0.386732306846	-0.0	-0.0	0.0169067821467	0.380658719931	0.000410671364489	26.9207270422	27.927727529
3.7896597437	5.30907401672	0.386905894226	-0.0	-0.0	0.0168967420667	0.380664938032	0.000410629227394	26.9028566129	27.8958279428
3.78656650464	5.31100775194	0.387199422934	-0.0	-0.0	0.01688252576	0.380673743041	0.000410694601633	26.877085528	27.8465468343
3.78435704817	5.31017369727	0.387416268147	-0.0	-0.0	0.0168722147467	0.38068012889	0.000410740077512	26.8584043351	27.810547569
3.78347326558	5.30986352357	0.387780818202	-0.0	-0.0	0.0168547711067	0.380690923317	0.000410506657983	26.8268670476	27.7499619118
3.78303137428	5.30924317618	0.388142163189	-0.0	-0.0	0.01683766904	0.380701514499	0.000410230553087	26.7958717521	27.6902698778
3.7812638091	5.3070719603	0.388656065012	-0.0	-0.0	0.0168131410133	0.380716705334	0.000409958062744	26.7514873729	27.6052122996
3.77728678745	5.30571073867	0.390447318118	-0.0	-0.0	0.01672814476	0.380769343821	0.000408778633515	26.5979250569	27.311278648
3.76579761379	5.29881840796	0.39821621707	-0.0	-0.0	0.01636665716	0.380993149758	0.000403170695197	25.9494965683	26.0783304397
3.75386654883	5.28829389788	0.406023200698	-0.0	-0.0	0.01601647492	0.381209878872	0.00039781657749	25.3287785544	24.9078171581
3.74414494034	5.2828188338	0.413296517865	-0.0	-0.0	0.0157008088667	0.381405169579	0.000392866955904	24.7753106048	23.8735625044
3.73795846222	5.28004995317	0.420732616032	-0.0	-0.0	0.0153861453067	0.381599797709	0.000387541717442	24.2290187308	22.8650751346
3.72779496244	5.27258518287	0.428624519617	-0.0	-0.0	0.0150615938533	0.381800458797	0.00038242449468	23.6718489989	21.8476582422
3.7145382236	5.26432821798	0.436964195243	-0.0	-0.0	0.0147288175867	0.382006155734	0.000377477601466	23.1071305694	20.8281307682
3.70967741935	5.25806451613	0.445927055439	-0.0	-0.0	0.01438135024	0.382220845884	0.000371403694041	22.5255260907	19.7913536204
3.69907202828	5.25392341494	0.455819349745	-0.0	-0.0	0.0140122525067	0.382448829921	0.000365503808204	21.9160254262	18.7163143914
3.68493150685	5.25	0.466528293774	-0.0	-0.0	0.0136243910667	0.382688307762	0.000359578719035	21.2850234829	17.6222846258
3.67300044189	5.2395964691	0.478405035039	-0.0	-0.0	0.0132094509467	0.382944402014	0.000352893067195	20.6192744788	16.4884317294
3.66548828988	5.23351214894	0.491060972061	-0.0	-0.0	0.01277572772	0.383211975328	0.000345465704728	19.9362232002	15.3567575694
3.64427750773	5.21765264157	0.504895202223	-0.0	-0.0	0.01231776044	0.38349437508	0.000338871689295	19.2284304567	14.210568652
3.62439239947	5.21226564983	0.520352516224	-0.0	-0.0	0.01182521716	0.383797960323	0.000331520972678	18.4825843895	13.0324446039
3.61069376933	5.20445859873	0.537450590936	-0.0	-0.0	0.0113024593733	0.384120000555	0.000323036440257	17.7083965692	11.8429857385
3.59787892179	5.19597829556	0.551953881415	-0.0	-0.0	0.0108728496533	0.384384531763	0.000316180098705	17.0852654208	10.9153837331
3.59876270437	5.19661666135	0.551386284917	-0.0	-0.0	0.0108816798667	0.384379101746	0.000316271361856	17.0983204564	10.9434674558
3.59522757402	5.19578409454	0.551236483398	-0.0	-0.0	0.0108864721867	0.384376145463	0.000316656732649	17.1047698302	10.9528114476
3.59566946531	5.19546470776	0.550668886877	-0.0	-0.0	0.0108968437467	0.38436976045	0.000316813934205	17.1198628938	10.9822711227
3.59743703049	5.1977004152	0.550031253999	-0.0	-0.0	0.0109103873067	0.384361422569	0.000316906820642	17.1391435302	11.0169276759
3.59522757402	5.19744408946	0.549153626491	-0.0	-0.0	0.0109278105333	0.384350696065	0.000317426150229	17.1642553963	11.0638357968
3.59964648696	5.19968051118	0.547263551456	-0.0	-0.0	0.0109653968133	0.384327555663	0.000317735794977	17.2184682757	11.1654246426
3.60715863897	5.20574162679	0.530416694943	-0.0	-0.0	0.01131748792	0.384110745721	0.000323615888805	17.7305317288	12.1202835666
3.61732213875	5.21485495697	0.513563107936	-0.0	-0.0	0.0117002902933	0.383874936736	0.000329806328844	18.2960603335	13.1711760067
3.62748563853	5.22048997773	0.498771460034	-0.0	-0.0	0.01206754608	0.383648618654	0.000335688295255	18.8469375692	14.1873642449
3.63190455148	5.22678117048	0.485370446958	-0.0	-0.0	0.0124285490533	0.383426073805	0.000341973349757	19.3962090609	15.1950909892
3.6473707468	5.24142312579	0.472910802649	-0.0	-0.0	0.01279275704	0.383201471758	0.000347275119906	19.9582138298	16.2189979998
3.65885992046	5.2463538364	0.461244676031	-0.0	-0.0	0.0131643214933	0.38297225689	0.000353065876212	20.538991927	17.2674421907
3.66769774635	5.2603043754	0.450515238616	-0.0	-0.0	0.0135363507067	0.382742653713	0.000359099501308	21.1278884075	18.3207784291
3.67167476801	5.26124129196	0.441117760563	-0.0	-0.0	0.01388941736	0.382524682251	0.000365232537455	21.6932094819	19.3237499129
3.68272205038	5.27382082938	0.432475105951	-0.0	-0.0	0.0142436939733	0.382305886431	0.000370665881999	22.2665471405	20.3278667593
3.69244365886	5.2760581175	0.42466790123	-0.0	-0.0	0.0145923324	0.382090500985	0.000376108279609	22.8365264489	21.3134683376
3.69863013699	5.27989902177	0.417295615575	-0.0	-0.0	0.0149523432267	0.38186800435	0.000382087208184	23.4303923058	22.3259417579
3.706142289	5.28792179123	0.410641218306	-0.0	-0.0	0.01531051036	0.381646568606	0.000387873075161	24.0260197555	23.3241348745
3.70835174547	5.29179810726	0.404913188902	-0.0	-0.0	0.0156541339733	0.381434051255	0.000393920534738	24.6008643665	24.2669409159
3.72160848431	5.30028328612	0.399564069746	-0.0	-0.0	0.0160203404533	0.381207488849	0.000399168168583	25.2157843782	25.2463334065
3.74060980999	5.31177394035	0.395283054141	-0.0	-0.0	0.0163805580933	0.380984546784	0.000403600535375	25.818767043	26.158843083
3.74679628811	5.31608654751	0.392162455078	-0.0	-0.0	0.0167494498533	0.380756157859	0.000409421387315	26.4297648513	27.0102209894
3.75916924437	5.32040050063	0.389989250404	-0.0	-0.0	0.0171536889067	0.380505781813	0.000415055464437	27.0932526631	27.8551263824
3.76049491825	5.32123866124	0.389743713157	-0.0	-0.0	0.0172135081733	0.380468723807	0.000415935380406	27.1911335783	27.9747301956
3.76005302696	5.320925868	0.389838750508	-0.0	-0.0	0.0172105263333	0.380470570355	0.00041592205098	27.1852759552	27.9613614295
3.75784357048	5.32008760951	0.39006397878	-0.0	-0.0	0.0172006025333	0.380476713282	0.000415977671193	27.167228061	27.9254155647
3.75430844012	5.3210147197	0.390285408262	-0.0	-0.0	0.01718904456	0.380483878803	0.00041615320594	27.1465301908	27.8870720874
3.75298276624	5.31976197933	0.390417364513	-0.0	-0.0	0.0171828699867	0.380487697545	0.00041618358365	27.1353795586	27.8654541884
3.75695978789	5.32164108988	0.390716024913	-0.0	-0.0	0.01716859528	0.380496547332	0.000415474337401	27.1095840506	27.8159952297
3.75298276624	5.31923558897	0.391106875426	-0.0	-0.0	0.0171501267867	0.380507985115	0.000415566286214	27.0762794585	27.7518233603
3.74723817941	5.31702728128	0.392955053196	-0.0	-0.0	0.01706294408	0.380561995158	0.000414558235185	26.9192479086	27.4501947599
3.73265576668	5.30662896638	0.399869329404	-0.0	-0.0	0.01674356016	0.380759802106	0.000410143442317	26.3479013711	26.3574663597
3.72823685373	5.30377358491	0.407462394184	-0.0	-0.0	0.0164037507733	0.38097018999	0.000404219178215	25.7468346633	25.2175206375
3.70879363677	5.29337539432	0.414703733496	-0.0	-0.0	0.0160906825333	0.381163958231	0.000400432660208	25.1994352097	24.1867417932
3.69818824569	5.28720379147	0.422132943142	-0.0	-0.0	0.0157808553067	0.381355660786	0.000395763366285	24.6637939255	23.1838491065
3.69553689792	5.28508217446	0.429707924084	-0.0	-0.0	0.0154743623067	0.381545241892	0.000390304104582	24.1394087042	22.2110296331
3.68537339814	5.27387729285	0.437839245902	-0.0	-0.0	0.0151550994533	0.381742654404	0.000385396053655	23.5991286114	21.2187280404
3.68316394167	5.2690483718	0.44630155858	-0.0	-0.0	0.0148316887067	0.381942571793	0.000379569127147	23.0582657254	20.2377228668
3.67786124613	5.26280834915	0.455357500116	-0.0	-0.0	0.0144959934	0.382150022899	0.000373835890715	22.5038543683	19.2439304114
3.66681396376	5.25998731769	0.464702159236	-0.0	-0.0	0.0141610572533	0.382356928538	0.000368707270481	21.9579343173	18.2761612719
3.65841802916	5.25118934348	0.475342564741	-0.0	-0.0	0.0137938848667	0.382583659932	0.000362710209704	21.3674105946	17.2409744729
3.65134776845	5.2453968254	0.486880755722	-0.0	-0.0	0.0134071160933	0.382822416273	0.000356219465747	20.7547340986	16.1868393128
3.63632346443	5.23321667197	0.499566098943	-0.0	-0.0	0.0129895113467	0.383080102052	0.000349924724247	20.1041077204	15.0977164958
3.61997348652	5.22328548644	0.512534295911	-0.0	-0.0	0.0125746587867	0.383335979771	0.000343791175049	19.4680857026	14.0588187619
3.6053910738	5.20983711274	0.527448531715	-0.0	-0.0	0.0121117381733	0.383621380194	0.00033658579649	18.7708123019	12.9498091247
3.59566946531	5.19948849105	0.544300692106	-0.0	-0.0	0.0115982158533	0.383937823116	0.000327952057398	18.0113629297	11.7893711314
3.58152894388	5.19493427381	0.562235315338	-0.0	-0.0	0.0110636225333	0.384267077824	0.000319345588775	17.2377707172	10.6559542222
3.55899248785	5.17550626808	0.585439849874	-0.0	-0.0	0.0104102220533	0.384669266601	0.00030928751435	16.3150511678	9.34676858724
3.53071144498	5.16219709208	0.61356239455	-0.0	-0.0	0.00965482125333	0.38513391241	0.000297783775386	15.2795910502	7.9536745403
3.50861688025	5.14355152301	0.641867404511	-0.0	-0.0	0.00892951114667	0.385579719304	0.000286278097363	14.3183184963	6.73614538677
