# C		CN		K0		e_x		e_y		e_z		n		overlap		p		q
3.36456031816	5.14677037538	0.735903959089	-0.0	-0.0	1.87240000048e-07	0.390740110059	0.000138588065484	5.58483180384	1.79010507779
3.39991162174	5.15209380235	0.655176808017	-0.0	-0.0	0.000531443826667	0.390416350737	0.00014673809088	6.12179555383	2.74105712938
3.44586831639	5.16876657825	0.577942676958	-0.0	-0.0	0.00134984762667	0.389917260961	0.000159142775118	6.98716431301	4.10362804346
3.46619531595	5.17713152677	0.53449659571	-0.0	-0.0	0.00212068413333	0.389446805615	0.000171471063478	7.83547891917	5.28872031997
3.47680070703	5.17616068489	0.506893842721	-0.0	-0.0	0.00286652962667	0.388991257404	0.000183637100043	8.68571722399	6.38048490587
3.50154661953	5.17658600392	0.486903587037	-0.0	-0.0	0.00361248325333	0.388535303177	0.000194932285993	9.56493841419	7.45929337221
3.52231551038	5.18087182824	0.471983817997	-0.0	-0.0	0.00433858268	0.388091157784	0.000206021994345	10.4501164156	8.51531239888
3.54441007512	5.18446601942	0.460193467782	-0.0	-0.0	0.00503626472	0.387664091013	0.000216540635382	11.3314328155	9.55554530168
3.55678303137	5.18504190845	0.450609075003	-0.0	-0.0	0.00572674384	0.387241139851	0.000227479923542	12.2305146698	10.6026766591
3.57931948741	5.19544287548	0.442651683589	-0.0	-0.0	0.00641326198667	0.386820325342	0.000237640696039	13.149386118	11.6619770732
3.59832081308	5.2043492165	0.436115192282	-0.0	-0.0	0.00707321445333	0.386415523195	0.000247527987298	14.05669949	12.7009357733
3.62571807335	5.21660305344	0.43054641507	-0.0	-0.0	0.00772982676	0.386012502924	0.000256690928332	14.9814300373	13.751966969
3.63543968184	5.22363405337	0.425906092389	-0.0	-0.0	0.00836371930667	0.385623179801	0.000266646500211	15.8939376332	14.7821893141
3.64913831198	5.23579815931	0.421924312078	-0.0	-0.0	0.00898968749333	0.385238476706	0.000276109002138	16.8139101485	15.814279787
3.66106937693	5.24184868629	0.418503221018	-0.0	-0.0	0.00960245564	0.384861654986	0.00028544999696	17.7324248935	16.8393769175
3.67388422448	5.24755288917	0.415501715585	-0.0	-0.0	0.01020852716	0.384488724154	0.00029459538897	18.6598714863	17.8699766786
3.68669907203	5.25519848771	0.412796079755	-0.0	-0.0	0.0108068733867	0.38412032554	0.000303595949354	19.5942658062	18.907557697
3.70083959346	5.25628140704	0.410348832069	-0.0	-0.0	0.0114085767867	0.383749636695	0.000312502606478	20.551277874	19.9672113162
3.70879363677	5.2682160804	0.407680296555	-0.0	-0.0	0.0121410528933	0.383298082673	0.000324098708795	21.7405925968	21.2806999477
3.71939902784	5.27572145546	0.405713211356	-0.0	-0.0	0.0127213886267	0.382940084644	0.00033289238433	22.7009909861	22.3429980865
3.73221387539	5.2815139193	0.403872306075	-0.0	-0.0	0.0132863232	0.382591387677	0.000341215298971	23.6515416036	23.3982259316
3.74149359258	5.28709778194	0.402237480393	-0.0	-0.0	0.0138520024667	0.382242033625	0.000349849072943	24.6172466378	24.4646243852
3.75121520106	5.28825179184	0.40061549382	-0.0	-0.0	0.01442276032	0.381889344314	0.000358532689322	25.6086713647	25.5649180119
3.76314626602	5.29486780715	0.398874472279	-0.0	-0.0	0.0150851648267	0.381479767851	0.000368518950721	26.778777162	26.8626049293
3.76712328767	5.29481205343	0.397585733378	-0.0	-0.0	0.0156255701333	0.381145426204	0.000377211160044	27.747734534	27.9343195777
3.77817057004	5.3007751938	0.396409863369	-0.0	-0.0	0.0161585611733	0.380815494042	0.000385046266526	28.7158804219	29.0033993861
3.79673000442	5.30880989181	0.39530775995	-0.0	-0.0	0.01669558644	0.380482894218	0.000392157127358	29.7041403803	30.0933332461
3.79893946089	5.31149567367	0.394878010863	-0.0	-0.0	0.0169151308667	0.380346862132	0.000395609269207	30.1119614718	30.5428390263
3.79319487406	5.31228721758	0.395102016574	-0.0	-0.0	0.0169067821467	0.380352033845	0.00039604138867	30.0934556582	30.5051328869
3.79231109147	5.31135871247	0.395341515811	-0.0	-0.0	0.0168967420667	0.380358249191	0.000395942926872	30.0721379568	30.4633031623
3.79098541759	5.31248064416	0.395637375323	-0.0	-0.0	0.01688252576	0.380367061165	0.000395813694846	30.0422471206	30.4080844903
3.790101635	5.31186125736	0.395872263644	-0.0	-0.0	0.0168722147467	0.380373453094	0.000395710150123	30.0203679037	30.3661654271
3.79142730888	5.31248064416	0.396253915989	-0.0	-0.0	0.0168547711067	0.380384261542	0.000395241415512	29.983506275	30.2968123913
3.790101635	5.31257744734	0.396636804712	-0.0	-0.0	0.01683766904	0.380394858161	0.000395056247909	29.9473888999	30.2282130773
3.7896597437	5.31093217714	0.397188353527	-0.0	-0.0	0.0168131410133	0.380410048205	0.000394637432385	29.8955943084	30.1298144751
3.78700839593	5.31215127092	0.399097579306	-0.0	-0.0	0.01672814476	0.380462707964	0.000393303840123	29.7164395214	29.7910052042
3.77817057004	5.3069522036	0.407430739503	-0.0	-0.0	0.01636665716	0.380686630824	0.000387358742204	28.9596831434	28.3668228507
3.76756517897	5.3032659409	0.415796426129	-0.0	-0.0	0.01601647492	0.380903465399	0.000381783302741	28.234933861	27.0173842117
3.7565178966	5.29595015576	0.423618665168	-0.0	-0.0	0.0157008088667	0.381098862317	0.000376881849889	27.5883959097	25.8246780733
3.75033141847	5.29547581903	0.431607171288	-0.0	-0.0	0.0153861453067	0.381293577316	0.000371518254032	26.9514697591	24.6654747942
3.74414494034	5.29571741169	0.439955667275	-0.0	-0.0	0.0150615938533	0.381494346803	0.000365964125076	26.3021142013	23.5069863026
3.73177198409	5.28978696742	0.4487132285	-0.0	-0.0	0.0147288175867	0.381700136535	0.00036085489226	25.6445532011	22.3526496461
3.71895713654	5.28226059655	0.458087800162	-0.0	-0.0	0.01438135024	0.381914938255	0.000355496604634	24.9670761521	21.1827608474
3.70923552806	5.273955388	0.468346856945	-0.0	-0.0	0.0140122525067	0.382143029953	0.000349412505745	24.2573069097	19.9770465016
3.70039770217	5.26706511482	0.479421322002	-0.0	-0.0	0.0136243910667	0.382382626379	0.000342904745219	23.5234702872	18.7546719511
3.6893504198	5.25393329138	0.491488465773	-0.0	-0.0	0.0132094509467	0.382638847444	0.000336093227625	22.7512149764	17.5028590335
3.67388422448	5.24180327869	0.504405223002	-0.0	-0.0	0.01277572772	0.382906553256	0.000329290814392	21.957578401	16.2515002738
3.66062748564	5.23616819475	0.518475115091	-0.0	-0.0	0.01231776044	0.383189096716	0.000321818957275	21.1351624882	14.9887413063
3.63809102961	5.2253968254	0.534083506863	-0.0	-0.0	0.01182521716	0.383492828419	0.000314554318862	20.2699384135	13.6992301284
3.62439239947	5.21360457724	0.551284277774	-0.0	-0.0	0.0113024593733	0.38381502812	0.000305950491573	19.3729244258	12.403308923
3.61113566063	5.20445859873	0.565942268097	-0.0	-0.0	0.0108728496533	0.384079690319	0.000299054863964	18.651236394	11.3923337248
3.61290322581	5.20541401274	0.56532946431	-0.0	-0.0	0.0108816798667	0.384074251587	0.000299076591312	18.6662667944	11.4241787992
3.61422889969	5.20668789809	0.565122885855	-0.0	-0.0	0.0108864721867	0.384071303765	0.000299053380675	18.6740150665	11.4365702157
3.61422889969	5.20700636943	0.564593872073	-0.0	-0.0	0.0108968437467	0.384064913572	0.000299242131931	18.6910118775	11.4665995955
3.61201944322	5.20573248408	0.56383031293	-0.0	-0.0	0.0109103873067	0.384056569682	0.000299676449954	18.7136201072	11.5088568076
3.60980998674	5.20752311125	0.562884851839	-0.0	-0.0	0.0109278105333	0.384045837866	0.000300182658762	18.742546513	11.5619076447
3.61157755192	5.21014030612	0.5608438483	-0.0	-0.0	0.0109653968133	0.384022686006	0.000300731709304	18.8050893989	11.6770776953
3.61908970393	5.21599235425	0.54270455547	-0.0	-0.0	0.01131748792	0.383805767686	0.000306633191627	19.3965698273	12.7600329954
3.63367211666	5.23304680038	0.524742299706	-0.0	-0.0	0.0117002902933	0.383569841918	0.000312482001005	20.0502297789	13.9484230784
3.64869642068	5.24166402032	0.509057162614	-0.0	-0.0	0.01206754608	0.383343412799	0.000317984153972	20.6873448835	15.0977132487
3.65709235528	5.25373134328	0.494992172499	-0.0	-0.0	0.0124285490533	0.383120757751	0.000323926164163	21.3227223049	16.2335071047
3.66327883341	5.26118692479	0.482049871475	-0.0	-0.0	0.01279275704	0.382896044485	0.000330113987415	21.972863196	17.3833035068
3.68139637649	5.2743110548	0.470064099316	-0.0	-0.0	0.0131643214933	0.382666707987	0.000335327534189	22.6444304867	18.555624325
3.68625718073	5.27879746835	0.459068696282	-0.0	-0.0	0.0135363507067	0.382436999242	0.000341746935562	23.3258240216	19.7342512281
3.69465311533	5.2862112587	0.449493951161	-0.0	-0.0	0.01388941736	0.382218919844	0.000347483056771	23.9808428099	20.8557395342
3.70039770217	5.29276003794	0.440685880297	-0.0	-0.0	0.0142436939733	0.382000017606	0.000353470052844	24.6459472429	21.981024551
3.70835174547	5.29943145925	0.432797639024	-0.0	-0.0	0.0145923324	0.381784519576	0.000359130950454	25.3069558613	23.0824422894
3.71144498453	5.30050505051	0.425367751691	-0.0	-0.0	0.0149523432267	0.381561915242	0.000365455927651	25.9962468233	24.214613702
3.71586389748	5.30179754021	0.418726792677	-0.0	-0.0	0.01531051036	0.381340371373	0.000371587652402	26.6876087894	25.3276470445
3.72691117985	5.30626377085	0.413034315718	-0.0	-0.0	0.0156541339733	0.381127748787	0.000376741550567	27.3543917445	26.3781256498
3.72912063632	5.31004091911	0.407938226438	-0.0	-0.0	0.0160203404533	0.380901072256	0.000383137405522	28.0662967986	27.4528282476
3.73574900574	5.31143934632	0.403937832936	-0.0	-0.0	0.0163805580933	0.38067802173	0.000388899776793	28.7647728883	28.4515022575
3.7397260274	5.31271585557	0.401027064226	-0.0	-0.0	0.0167494498533	0.380449521034	0.000394973968082	29.4739101515	29.3899182274
3.75165709236	5.31610275689	0.398974311285	-0.0	-0.0	0.0171536889067	0.380199019684	0.000400697424876	30.2448150622	30.3310849508
3.75033141847	5.3164160401	0.39873263329	-0.0	-0.0	0.0172135081733	0.380161942535	0.000401863940488	30.3585938589	30.4656208818
3.74944763588	5.31578947368	0.398839483356	-0.0	-0.0	0.0172105263333	0.38016379079	0.000401899731571	30.3520647618	30.4500357482
3.74723817941	5.31702728128	0.399026939454	-0.0	-0.0	0.0172006025333	0.38016994189	0.000401951532164	30.3313565603	30.4134293133
3.7476800707	5.3173408592	0.399276280247	-0.0	-0.0	0.01718904456	0.380177105828	0.000401686900769	30.3071609082	30.3681374164
3.74723817941	5.3173408592	0.399418841136	-0.0	-0.0	0.0171828699867	0.380180931782	0.000401617417547	30.2941263235	30.3430626456
3.748121962	5.31838143036	0.399739284095	-0.0	-0.0	0.01716859528	0.38018978063	0.000401253649867	30.2641046144	30.2860285583
3.74723817941	5.31744040151	0.400151970761	-0.0	-0.0	0.0171501267867	0.380201221176	0.000401000122939	30.22532256	30.2125653661
3.74635439682	5.31775407779	0.402121039567	-0.0	-0.0	0.01706294408	0.380255260865	0.000399450004526	30.0424149836	29.8658279513
3.73840035351	5.31448319196	0.409531965126	-0.0	-0.0	0.01674356016	0.380453159358	0.000394266141473	29.3769090068	28.607228328
3.73000441891	5.31151667716	0.417757480497	-0.0	-0.0	0.0164037507733	0.380663653586	0.000388738536448	28.6768842232	27.2897279669
3.72381794079	5.30604534005	0.425586066303	-0.0	-0.0	0.0160906825333	0.380857522018	0.000383497216106	28.0396064357	26.101852467
3.72116659302	5.30393700787	0.433577483992	-0.0	-0.0	0.0157808553067	0.381049311425	0.000377955723401	27.416080251	24.9509313707
3.71100309324	5.2985168823	0.441682823179	-0.0	-0.0	0.0154743623067	0.381238994484	0.000373248706201	26.8065437563	23.8401191919
3.70083959346	5.29434081568	0.450283875001	-0.0	-0.0	0.0151550994533	0.381436504141	0.000368307248004	26.1794977703	22.7163047495
3.69421122404	5.28851629231	0.459181152095	-0.0	-0.0	0.0148316887067	0.381636522486	0.000362925376797	25.5518943501	21.6105362903
3.69023420239	5.2849002849	0.468687899805	-0.0	-0.0	0.0144959934	0.381844071432	0.000357044687916	24.908633613	20.4930686766
3.68007070261	5.27399429838	0.478475089667	-0.0	-0.0	0.0141610572533	0.38205107542	0.000351777262343	24.275680862	19.408320792
3.67565178966	5.26725775807	0.489501740532	-0.0	-0.0	0.0137938848667	0.382277935192	0.000345373836863	23.5916157318	18.2568836554
3.66593018118	5.25903614458	0.501431670744	-0.0	-0.0	0.0134071160933	0.3825168046	0.000339101647785	22.8820364495	17.0879237434
3.65178965974	5.24476190476	0.514462012553	-0.0	-0.0	0.0129895113467	0.382774614679	0.000332664315975	22.1285536422	15.8866274945
3.64118426867	5.23475222363	0.527731759028	-0.0	-0.0	0.0125746587867	0.383030619104	0.000325930995888	21.3918999075	14.7451631006
3.6301369863	5.22123331214	0.542956707099	-0.0	-0.0	0.0121117381733	0.383316160852	0.000318337879433	20.5845369372	13.5307982785
3.61511268228	5.20789557466	0.560130773166	-0.0	-0.0	0.0115982158533	0.38363276047	0.000310120393224	19.706318638	12.2648120814
3.59832081308	5.19923371648	0.578246755207	-0.0	-0.0	0.0110636225333	0.383962172812	0.000301621950345	18.8108373492	11.0367107311
3.57357490057	5.1744	0.601543068476	-0.0	-0.0	0.0104102220533	0.384364566153	0.000291552628366	17.7447197623	9.62809370274
3.53689792311	5.1563003545	0.62999100836	-0.0	-0.0	0.00965482125333	0.384829442046	0.000280576360134	16.5544318974	8.13097884173
3.50950066284	5.1295638126	0.65879147114	-0.0	-0.0	0.00892951114667	0.385275467671	0.000269394681817	15.4517210055	6.82468648234
