# C		CN		K0		e_x		e_y		e_z		n		overlap		p		q
3.35704816615	5.13315309226	0.735753451669	-0.0	-0.0	1.87240000048e-07	0.391050404523	0.000146305005044	5.58973838752	1.79291719515
3.39328325232	5.14003350084	0.656275935288	-0.0	-0.0	0.000531443826667	0.390726810091	0.000154347530779	6.09793112085	2.71908150195
3.43305346885	5.14991708126	0.576245172833	-0.0	-0.0	0.00134984762667	0.3902279745	0.000167087734004	6.91957621491	4.08671355333
3.45514803358	5.16325181758	0.529172739503	-0.0	-0.0	0.00212068413333	0.389757758756	0.000179507252933	7.7284150875	5.30340782062
3.48519664163	5.17060367454	0.498545951603	-0.0	-0.0	0.00286652962667	0.389302442554	0.000190792809352	8.53847031009	6.43182794527
3.51126822802	5.17302052786	0.476425881294	-0.0	-0.0	0.00361248325333	0.388846720543	0.000202118008067	9.37671431417	7.54190107123
3.53026955369	5.18007787151	0.460136314458	-0.0	-0.0	0.00433858268	0.388402801352	0.00021336732379	10.2185605749	8.61851024149
3.54087494476	5.18214170171	0.447698289371	-0.0	-0.0	0.00503626472	0.387975952086	0.000224561789405	11.0524600926	9.66176580292
3.55192222713	5.18489835431	0.437595352357	-0.0	-0.0	0.00572674384	0.387553216961	0.000235517583034	11.9004288065	10.7074813024
3.57003977022	5.20032206119	0.429394715405	-0.0	-0.0	0.00641326198667	0.387132616142	0.000245894803118	12.7654724637	11.7561127593
3.59257622625	5.20602371035	0.422454783026	-0.0	-0.0	0.00707321445333	0.386728020773	0.000255481948348	13.6199907034	12.7911318213
3.61069376933	5.21494730118	0.416732593673	-0.0	-0.0	0.00772982676	0.386325205146	0.000265189818688	14.4878757286	13.8267785356
3.62262483429	5.21521808341	0.411702060057	-0.0	-0.0	0.00836371930667	0.385936077948	0.000274963087901	15.346354907	14.8539134213
3.63764913831	5.22246905744	0.407453507955	-0.0	-0.0	0.00898968749333	0.385551573137	0.000284301187704	16.2105911539	15.8777207394
3.65399911622	5.22879746835	0.403788084162	-0.0	-0.0	0.00960245564	0.385174943332	0.000293271129526	17.0739492781	16.8950424138
3.66593018118	5.23783954517	0.400588876344	-0.0	-0.0	0.01020852716	0.384802202433	0.000302478024216	17.9450625447	17.9157277863
3.67874502872	5.24503311258	0.397718260104	-0.0	-0.0	0.0108068733867	0.384433991004	0.000311463533166	18.8217395181	18.9413380489
3.68846663721	5.24552027664	0.395082549311	-0.0	-0.0	0.0114085767867	0.384063491389	0.000320722310307	19.7194151692	19.9902540203
3.70349094123	5.25015673981	0.392146866439	-0.0	-0.0	0.0121410528933	0.383612167342	0.000331707481068	20.8346689002	21.2931624615
3.71232876712	5.25665101721	0.390147523951	-0.0	-0.0	0.0127213886267	0.38325435164	0.000340643787916	21.7340028752	22.3354024664
3.73309765798	5.26943490478	0.388241915012	-0.0	-0.0	0.0132863232	0.382905833479	0.000348219157756	22.6247302531	23.3734663143
3.73530711445	5.27434456929	0.386470301349	-0.0	-0.0	0.0138520024667	0.382556661745	0.000357534420135	23.5307009394	24.4285406423
3.74723817941	5.28068535826	0.38475555227	-0.0	-0.0	0.01442276032	0.382204150403	0.000365998340056	24.4598983431	25.5135160368
3.76270437472	5.29064345664	0.38289091869	-0.0	-0.0	0.0150851648267	0.381794786685	0.000375658375707	25.5567518874	26.7948792053
3.77110030932	5.29875776398	0.381516280767	-0.0	-0.0	0.0156255701333	0.381460606914	0.00038390978986	26.4647546676	27.8520435513
3.78303137428	5.30583126551	0.380145717917	-0.0	-0.0	0.0161585611733	0.381130843641	0.0003916297147	27.3731118038	28.9168149434
3.78745028723	5.30824039653	0.378926900411	-0.0	-0.0	0.01669558644	0.380798405458	0.000400171010741	28.2992607104	29.9955142298
3.78921785241	5.30712074303	0.378470886404	-0.0	-0.0	0.0169151308667	0.380662448645	0.000403660053042	28.6809310987	30.4381749449
3.78789217852	5.30793060719	0.378714325425	-0.0	-0.0	0.0169067821467	0.380667608779	0.000403631787996	28.6633338205	30.3991607504
3.78568272205	5.30812151271	0.378888632888	-0.0	-0.0	0.0168967420667	0.380673837044	0.000403680812124	28.6438889692	30.3639921566
3.78568272205	5.30812151271	0.379185238138	-0.0	-0.0	0.01688252576	0.380682640964	0.000403411185957	28.615828782	30.3095323264
3.78479893946	5.30914728682	0.379396473378	-0.0	-0.0	0.0168722147467	0.380689027269	0.000403309811046	28.5955143764	30.2704370635
3.78214759169	5.30964939497	0.37975318251	-0.0	-0.0	0.0168547711067	0.380699830213	0.000403262849677	28.5611918737	30.2044744745
3.7817057004	5.31036623215	0.380106726146	-0.0	-0.0	0.01683766904	0.380710421435	0.000402987209024	28.5275782938	30.1396183752
3.78082191781	5.30974549969	0.38061176246	-0.0	-0.0	0.0168131410133	0.380725603504	0.000402617758357	28.4793629187	30.0469227584
3.77905435263	5.31137352393	0.382377946312	-0.0	-0.0	0.01672814476	0.380778244966	0.000401197894129	28.3124689617	29.7260464717
3.76844896156	5.30482115086	0.390107423779	-0.0	-0.0	0.01636665716	0.381002036684	0.000395464739047	27.6069779152	28.3740317729
3.75916924437	5.30143391521	0.397842474812	-0.0	-0.0	0.01601647492	0.38121876964	0.000389794864565	26.9317285001	27.0935215881
3.748121962	5.29235569423	0.405049801951	-0.0	-0.0	0.0157008088667	0.381414067043	0.000384955768226	26.3301568607	25.9628785153
3.73663278833	5.28633948109	0.412437611519	-0.0	-0.0	0.0153861453067	0.381608682874	0.00038016422164	25.7369431405	24.8598801599
3.72867874503	5.27909887359	0.420308341132	-0.0	-0.0	0.0150615938533	0.38180935011	0.000374819502128	25.1316341441	23.7451917514
3.72558550597	5.27730829421	0.428557752782	-0.0	-0.0	0.0147288175867	0.382015035061	0.000368816423427	24.5181973549	22.633057156
3.71144498453	5.26882057716	0.437421702434	-0.0	-0.0	0.01438135024	0.382229722683	0.000363575235273	23.8844232906	21.5007687975
3.70172337605	5.26461345066	0.447132430109	-0.0	-0.0	0.0140122525067	0.382457701495	0.00035750186562	23.2215017161	20.332555641
3.6889085285	5.25298930145	0.45762216335	-0.0	-0.0	0.0136243910667	0.382697175254	0.000351403416017	22.5363701548	19.1462167831
3.6725585506	5.24061810155	0.469229047123	-0.0	-0.0	0.0132094509467	0.382953267226	0.000345137260543	21.8164918197	17.9207796949
3.6557666814	5.22685624013	0.481744758135	-0.0	-0.0	0.01277572772	0.38322083733	0.000338560877618	21.0774689673	16.689942096
3.64295183385	5.21214037306	0.495337230854	-0.0	-0.0	0.01231776044	0.383503234561	0.000331162547384	20.3120030357	15.4480984652
3.62306672559	5.20317460317	0.510518071267	-0.0	-0.0	0.01182521716	0.383806809949	0.00032372755501	19.5044332468	14.171544096
3.60053026955	5.19184193754	0.527429995449	-0.0	-0.0	0.0113024593733	0.384128843392	0.000315972621444	18.6665973552	12.8786496932
3.5881573133	5.17793367347	0.541902429226	-0.0	-0.0	0.0108728496533	0.384393374624	0.000309065188545	17.9928400137	11.8664801095
3.59036676977	5.17952806122	0.541430368679	-0.0	-0.0	0.0108816798667	0.384387940955	0.000309039626752	18.0065764162	11.8931654341
3.59080866107	5.17984693878	0.541112378854	-0.0	-0.0	0.0108864721867	0.384384990738	0.000309094137983	18.0142835025	11.9101432338
3.59301811754	5.18074593561	0.540657624648	-0.0	-0.0	0.0108968437467	0.384378609731	0.000309094015054	18.0302127956	11.9377025318
3.59169244366	5.18010838381	0.539991069469	-0.0	-0.0	0.0109103873067	0.384370268055	0.000309458779402	18.0511983285	11.9766111677
3.59257622625	5.18074593561	0.539112944031	-0.0	-0.0	0.0109278105333	0.384359547866	0.000309707394053	18.0783896802	12.0277047518
3.59434379143	5.18361491871	0.537253378233	-0.0	-0.0	0.0109653968133	0.384336401636	0.00031025370115	18.1369931893	12.1371004956
3.6053910738	5.19891616194	0.520517678073	-0.0	-0.0	0.01131748792	0.384119593793	0.000315845301203	18.691385979	13.1730042631
3.61908970393	5.20502225048	0.50379052332	-0.0	-0.0	0.0117002902933	0.383883788181	0.00032175435649	19.3040962729	14.3140555028
3.62615996465	5.21614748887	0.489096130818	-0.0	-0.0	0.01206754608	0.383657479922	0.000327954863886	19.9012147592	15.4195441249
3.63455589925	5.22734499205	0.475859883425	-0.0	-0.0	0.0124285490533	0.383434932731	0.000333902794984	20.4966979205	16.5133465673
3.64427750773	5.23499523658	0.463570087187	-0.0	-0.0	0.01279275704	0.383210333911	0.000339780414841	21.1056014589	17.6245756811
3.66018559434	5.24817749604	0.452065288585	-0.0	-0.0	0.0131643214933	0.382981114214	0.000345189667791	21.7349037982	18.7633795441
3.66902342024	5.25752296484	0.441472014939	-0.0	-0.0	0.0135363507067	0.382751522458	0.000351255839841	22.373360893	19.9094842656
3.68007070261	5.26930379747	0.432244001413	-0.0	-0.0	0.01388941736	0.382533562072	0.000356752943601	22.9868176063	20.9991754808
3.69067609368	5.2781289507	0.423709586178	-0.0	-0.0	0.0142436939733	0.382314761452	0.000362296875845	23.6093988707	22.0943959804
3.69642068051	5.28539823009	0.416022636527	-0.0	-0.0	0.0145923324	0.382099375098	0.000368179203933	24.2283029867	23.1688278249
3.70393283252	5.29175876224	0.408721883897	-0.0	-0.0	0.0149523432267	0.381876885595	0.000374067867784	24.8735034462	24.276665698
3.71100309324	5.29788576838	0.402148741766	-0.0	-0.0	0.01531051036	0.3816554531	0.000379938763801	25.5212632122	25.3692965751
3.71939902784	5.30286794831	0.396487099507	-0.0	-0.0	0.0156541339733	0.381442938802	0.000385363755321	26.146857815	26.4030001225
3.7224922669	5.30926860025	0.391203479762	-0.0	-0.0	0.0160203404533	0.381216377716	0.000391710239752	26.8162182544	27.4779341586
3.72779496244	5.31452883706	0.386992422937	-0.0	-0.0	0.0163805580933	0.38099344179	0.000397615597501	27.4726945689	28.4798993164
3.73707467963	5.31938325991	0.383914147529	-0.0	-0.0	0.0167494498533	0.380765052248	0.000403124739835	28.1385300794	29.4187229716
3.74326115776	5.32358490566	0.381841789299	-0.0	-0.0	0.0171536889067	0.380514682698	0.000409421590518	28.8596343971	30.3452731151
3.74326115776	5.32076657242	0.381560225298	-0.0	-0.0	0.0172135081733	0.380477630171	0.000410449976404	28.9666407398	30.4813935434
3.74237737517	5.32118164676	0.38170685659	-0.0	-0.0	0.0172105263333	0.380479471746	0.000410481589332	28.9598918675	30.461999544
3.74281926646	5.32222571518	0.381855776509	-0.0	-0.0	0.0172006025333	0.380485619713	0.000410250706747	28.9407803257	30.4294250685
3.74149359258	5.32159698208	0.382104533627	-0.0	-0.0	0.01718904456	0.380492771733	0.000410177794791	28.9180310264	30.3846986154
3.74060980999	5.32065388243	0.382221133623	-0.0	-0.0	0.0171828699867	0.380496605183	0.000410159591469	28.906015306	30.3623287065
3.74016791869	5.31898177247	0.382522121022	-0.0	-0.0	0.01716859528	0.380505442843	0.000409939513526	28.8779908705	30.3077738117
3.7392841361	5.32012578616	0.382904022692	-0.0	-0.0	0.0171501267867	0.380516887119	0.000409689688721	28.8418180229	30.2380033776
3.73795846222	5.31823899371	0.3847237962	-0.0	-0.0	0.01706294408	0.380570886267	0.000408196705852	28.6712727491	29.9089138287
3.72823685373	5.31600504096	0.391569817701	-0.0	-0.0	0.01674356016	0.380768699341	0.00040325081457	28.0502770864	28.7133461604
3.72425983208	5.31472721539	0.399128891651	-0.0	-0.0	0.0164037507733	0.380979079439	0.000397288092153	27.396563746	27.4629206822
3.7145382236	5.30650252525	0.406330724161	-0.0	-0.0	0.0160906825333	0.381172849183	0.000392430713539	26.8011142577	26.3330995004
3.70835174547	5.2993369119	0.413683103849	-0.0	-0.0	0.0157808553067	0.381364545329	0.000387264905588	26.2184701124	25.236865966
3.70216526734	5.28914141414	0.421213696169	-0.0	-0.0	0.0154743623067	0.38155412485	0.000382156410464	25.6481471001	24.1715841643
3.69553689792	5.28142766898	0.429266827353	-0.0	-0.0	0.0151550994533	0.38175154312	0.000376849958763	25.060845582	23.0876463367
3.6889085285	5.27393364929	0.437668680498	-0.0	-0.0	0.0148316887067	0.381951455376	0.000371453052682	24.4729114981	22.015054306
3.6805125939	5.26930379747	0.44660750987	-0.0	-0.0	0.0144959934	0.382158900159	0.000365994830703	23.8701109068	20.9319173628
3.67300044189	5.26084203862	0.455799560044	-0.0	-0.0	0.0141610572533	0.382365800639	0.000360458442493	23.2766312209	19.8794080067
3.66637207247	5.25229503007	0.466196509775	-0.0	-0.0	0.0137938848667	0.382592539419	0.000354249716817	22.6357910399	18.758706131
3.65311533363	5.24191502854	0.477524960582	-0.0	-0.0	0.0134071160933	0.382831287172	0.000348328576608	21.9716277846	17.6153462403
3.64339372514	5.23103776579	0.490039779139	-0.0	-0.0	0.0129895113467	0.383088965949	0.00034150135165	21.2669358715	16.4315993295
3.62571807335	5.21487603306	0.502844344641	-0.0	-0.0	0.0125746587867	0.383344839992	0.00033547899626	20.5789990698	15.3029218699
3.6133451171	5.20203627108	0.517500962465	-0.0	-0.0	0.0121117381733	0.383630236313	0.000328055826827	19.8243673279	14.1010748515
3.60141405214	5.18815663801	0.534255040658	-0.0	-0.0	0.0115982158533	0.383946671037	0.000319646446921	19.0035285174	12.8364822052
3.58506407424	5.17581365667	0.552218663563	-0.0	-0.0	0.0110636225333	0.384275924666	0.000311197575913	18.1662561752	11.5962262644
3.56827220504	5.15979546181	0.575213166745	-0.0	-0.0	0.0104102220533	0.384678107664	0.00030059594038	17.1684089257	10.1741416751
3.5466195316	5.14391025641	0.603426975041	-0.0	-0.0	0.00965482125333	0.385142746798	0.00028844115461	16.0480574784	8.65153767699
3.50684931507	5.12532299742	0.631817629953	-0.0	-0.0	0.00892951114667	0.385588547038	0.000278256008175	15.0097172793	7.32403322147
