# C		CN		K0		e_x		e_y		e_z		n		overlap		p		q
3.47105612019	5.22943722944	0.735690101851	-0.0	-0.0	1.87240000048e-07	0.387413697624	0.000134428606088	5.59006319599	1.79354317692
3.51215201061	5.24117452986	0.645107414583	-0.0	-0.0	0.000531443826667	0.387088170655	0.000142416208874	6.14624945763	2.85727565753
3.54971277066	5.25638506876	0.56033961875	-0.0	-0.0	0.00134984762667	0.386586355969	0.000155228511417	7.0423847198	4.38009317401
3.57931948741	5.26545217957	0.514674338146	-0.0	-0.0	0.00212068413333	0.38611333205	0.000167092181246	7.91809370955	5.68091740237
3.60053026955	5.28210116732	0.485567393361	-0.0	-0.0	0.00286652962667	0.385655296655	0.000178672403988	8.79583313483	6.88668790829
3.63234644278	5.30083925113	0.464519862771	-0.0	-0.0	0.00361248325333	0.385196853028	0.000189597606728	9.70557587754	8.08248223296
3.64781263809	5.30077120823	0.449131764041	-0.0	-0.0	0.00433858268	0.384750282707	0.000200890629861	10.6212995938	9.2467718274
3.6805125939	5.31142310147	0.437075841913	-0.0	-0.0	0.00503626472	0.384320884255	0.000210688361666	11.530830436	10.3902737509
3.70128148475	5.32231404959	0.427510016497	-0.0	-0.0	0.00572674384	0.383895623881	0.00022092267975	12.4568497065	11.5331719704
3.70879363677	5.31790808241	0.419624314836	-0.0	-0.0	0.00641326198667	0.383472511826	0.00023184666309	13.4047535231	12.6896269785
3.73221387539	5.3209331652	0.413137142152	-0.0	-0.0	0.00707321445333	0.3830654987	0.000241286209127	14.3409278884	13.8251269217
3.74193548387	5.3191957273	0.407734045168	-0.0	-0.0	0.00772982676	0.382660280296	0.000251475211821	15.293730054	14.9679672393
3.75430844012	5.32820834641	0.403235070053	-0.0	-0.0	0.00836371930667	0.382268827789	0.000261052535928	16.233583431	16.0882259783
3.77596111357	5.33676975945	0.399410011465	-0.0	-0.0	0.00898968749333	0.381882026677	0.000269810874857	17.1814353386	17.2096117257
3.78435704817	5.34561348736	0.396058268703	-0.0	-0.0	0.00960245564	0.381503149996	0.000279260346634	18.128295761	18.3276602256
3.79893946089	5.350249066	0.393093463714	-0.0	-0.0	0.01020852716	0.381128180657	0.000288123576114	19.0841556645	19.4531131671
3.8152894388	5.36233685519	0.390540047706	-0.0	-0.0	0.0108068733867	0.380757770233	0.000296668704846	20.0451503039	20.5774850543
3.81882456916	5.36502019261	0.388192527142	-0.0	-0.0	0.0114085767867	0.380385057958	0.000306258231647	21.0294290988	21.7283327873
3.83473265577	5.36819306931	0.385606570764	-0.0	-0.0	0.0121410528933	0.37993104392	0.000316949734088	22.2515092034	23.1556226485
3.83738400354	5.36962573461	0.383872242184	-0.0	-0.0	0.0127213886267	0.379571085947	0.000326196699402	23.2359072368	24.2958542141
3.8488731772	5.37542451374	0.382289900302	-0.0	-0.0	0.0132863232	0.379220486266	0.000334439837381	24.2101651493	25.4250845265
3.86301369863	5.3809670465	0.380829597494	-0.0	-0.0	0.0138520024667	0.378869223737	0.000342471462154	25.2019344722	26.5731736686
3.8736190897	5.38402457757	0.379463813716	-0.0	-0.0	0.01442276032	0.378514607278	0.000350870280163	26.2177755785	27.7482908618
3.88864339373	5.39374425023	0.377996938755	-0.0	-0.0	0.0150851648267	0.378102796176	0.000360378835048	27.417624366	29.1353742849
3.89792311091	5.39638812366	0.37696311175	-0.0	-0.0	0.0156255701333	0.377766628801	0.000368387876539	28.4116511826	30.2775108309
3.92090145824	5.4	0.375880238287	-0.0	-0.0	0.0161585611733	0.377434904207	0.000374984084794	29.4074163902	31.4319508097
3.92664604507	5.40492850624	0.374933169667	-0.0	-0.0	0.01669558644	0.377100482136	0.000383261424599	30.4227969419	32.6018293401
3.92797171896	5.40644965014	0.374565757939	-0.0	-0.0	0.0169151308667	0.37696371113	0.000386735437945	30.8416293464	33.0839806482
3.92752982766	5.40584119258	0.37481188436	-0.0	-0.0	0.0169067821467	0.376968904454	0.000386612866093	30.8222537979	33.0408864743
3.92620415378	5.40773447016	0.375021748102	-0.0	-0.0	0.0168967420667	0.376975155432	0.000386559251142	30.8006812698	32.9987614234
3.92355280601	5.40785866585	0.375347615011	-0.0	-0.0	0.01688252576	0.376984017313	0.000386553756457	30.7694687939	32.9358675411
3.9239946973	5.40816326531	0.375594949823	-0.0	-0.0	0.0168722147467	0.376990441206	0.000386316842884	30.7468185391	32.8892979166
3.9239946973	5.40816326531	0.375991258057	-0.0	-0.0	0.0168547711067	0.377001307083	0.000385990934085	30.7087228728	32.8128471893
3.92311091471	5.4069448675	0.376390166034	-0.0	-0.0	0.01683766904	0.37701196314	0.000385756443142	30.6711887629	32.73688308
3.92266902342	5.40542187024	0.376959849454	-0.0	-0.0	0.0168131410133	0.37702724362	0.000385340471425	30.6175368879	32.6285544382
3.92045956695	5.40463132236	0.378946725983	-0.0	-0.0	0.01672814476	0.37708019172	0.000383963516245	30.4319439027	32.2542729327
3.91073795846	5.39871873093	0.387600047945	-0.0	-0.0	0.01636665716	0.377305319159	0.00037811984224	29.6479991853	30.6834705366
3.89350419797	5.39106487148	0.396277178579	-0.0	-0.0	0.01601647492	0.37752334499	0.000373190424946	28.8979135005	29.1979930238
3.8736190897	5.38556067588	0.40442189633	-0.0	-0.0	0.0157008088667	0.377719801325	0.000369164067002	28.2297581131	27.8847060298
3.8652231551	5.38080590588	0.412813450847	-0.0	-0.0	0.0153861453067	0.377915589085	0.000364047127544	27.5709437209	26.6033885982
3.8568272205	5.37677141097	0.421796312975	-0.0	-0.0	0.0150615938533	0.378117454725	0.000358722668497	26.8986443564	25.3085662048
3.84754750331	5.37106724244	0.431292645307	-0.0	-0.0	0.0147288175867	0.378324368047	0.000353312008103	26.2175195078	24.0151625395
3.83031374282	5.35795981453	0.441504213745	-0.0	-0.0	0.01438135024	0.378540342505	0.000348337265295	25.5153357734	22.7033622999
3.81970835175	5.35274078662	0.452742745642	-0.0	-0.0	0.0140122525067	0.378769677798	0.000342356317035	24.7800550901	21.3505665199
3.80954485197	5.34304307406	0.46495064374	-0.0	-0.0	0.0136243910667	0.379010584095	0.000335985236212	24.0189490622	19.9771718644
3.79142730888	5.33716951788	0.478438845389	-0.0	-0.0	0.0132094509467	0.379268204065	0.000329754996903	23.2173912616	18.5641996695
3.77728678745	5.33218964442	0.493132977977	-0.0	-0.0	0.01277572772	0.379537371486	0.000322832318205	22.3940705731	17.1439516874
3.76093680954	5.32176360225	0.509110133571	-0.0	-0.0	0.01231776044	0.379821458013	0.000315640140536	21.541297383	15.7184100772
3.74635439682	5.31410658307	0.526972764469	-0.0	-0.0	0.01182521716	0.380126843765	0.00030763969756	20.642779722	14.2622044567
3.72867874503	5.29566854991	0.546603277958	-0.0	-0.0	0.0113024593733	0.380450806405	0.0002993189943	19.7104779257	12.808099692
3.71100309324	5.28557934509	0.563302255798	-0.0	-0.0	0.0108728496533	0.380716913595	0.000292729240376	18.9616660998	11.6813212334
3.71144498453	5.28620906801	0.562673427592	-0.0	-0.0	0.0108816798667	0.380711451756	0.000292859905089	18.9770503564	11.7145608961
3.71056120194	5.28589420655	0.562415218926	-0.0	-0.0	0.0108864721867	0.380708477333	0.000293015724176	18.9850697261	11.7292807441
3.70967741935	5.28557934509	0.561795580759	-0.0	-0.0	0.0108968437467	0.380702054281	0.000293275841036	19.0027399037	11.7636832659
3.71144498453	5.28746851385	0.560951284768	-0.0	-0.0	0.0109103873067	0.380693666725	0.000293387157212	19.0260423886	11.8101927769
3.71144498453	5.28809823678	0.559886705262	-0.0	-0.0	0.0109278105333	0.380682876316	0.00029370951157	19.0559445172	11.8693457765
3.71321254971	5.28935768262	0.557602552558	-0.0	-0.0	0.0109653968133	0.380659603936	0.000294263881974	19.1205185716	11.9972317428
3.72160848431	5.29933899906	0.537234399482	-0.0	-0.0	0.01131748792	0.380441495411	0.000300089747526	19.731317853	13.2047902959
3.73265576668	5.31194968553	0.517071990766	-0.0	-0.0	0.0117002902933	0.380204281545	0.000306249118823	20.4067354014	14.534345934
3.74679628811	5.32788431311	0.499507181506	-0.0	-0.0	0.01206754608	0.379976621493	0.000311852321959	21.065696291	15.822642256
3.7565178966	5.33699748744	0.483797674057	-0.0	-0.0	0.0124285490533	0.379752745486	0.000317682734175	21.7232460096	17.0974028698
3.76579761379	5.3397054215	0.469311094152	-0.0	-0.0	0.01279275704	0.37952680534	0.000323599827976	22.3966668746	18.3929535781
3.77861246133	5.34981226533	0.455835887971	-0.0	-0.0	0.0131643214933	0.37929621672	0.000329330584929	23.0934289698	19.7208779675
3.78745028723	5.3569865583	0.443588132244	-0.0	-0.0	0.0135363507067	0.37906525382	0.000335382515251	23.8000680547	21.0515158041
3.79673000442	5.36855267271	0.432992957459	-0.0	-0.0	0.01388941736	0.378845983761	0.000341013222984	24.4785620337	22.3145045524
3.80424215643	5.37172284644	0.423291501556	-0.0	-0.0	0.0142436939733	0.378625884434	0.000346807481465	25.1670535168	23.5798557977
3.81749889527	5.38080398878	0.414651845182	-0.0	-0.0	0.0145923324	0.378409216494	0.000351940727483	25.8506933202	24.8154350458
3.82501104728	5.389598256	0.40657405513	-0.0	-0.0	0.0149523432267	0.378185396908	0.000357779176452	26.5627694884	26.0812172367
3.83429076447	5.39607965152	0.399394705734	-0.0	-0.0	0.01531051036	0.377962638627	0.00036339112419	27.2766520202	27.3225451107
3.84357048166	5.40304536979	0.393314348249	-0.0	-0.0	0.0156541339733	0.377748864037	0.000368692410693	27.9652545119	28.4884912459
3.84975695979	5.40701645452	0.387850016476	-0.0	-0.0	0.0160203404533	0.377520949538	0.000374632648696	28.7001345478	29.6820181864
3.85505965532	5.40638561686	0.383716014405	-0.0	-0.0	0.0163805580933	0.377296672715	0.000380445888823	29.4187554383	30.7739831981
3.86168802475	5.41462658816	0.380881705073	-0.0	-0.0	0.0167494498533	0.377066920214	0.000386145772907	30.1462792465	31.781985421
3.87715422006	5.41692402718	0.378867819162	-0.0	-0.0	0.0171536889067	0.376815062213	0.000391467355061	30.9388965959	32.7986937791
3.87980556783	5.41864773078	0.37864474463	-0.0	-0.0	0.0172135081733	0.376777775851	0.000392209333174	31.0557982187	32.9428080305
3.88024745913	5.41926520531	0.378743900443	-0.0	-0.0	0.0172105263333	0.376779634197	0.000392104242752	31.0487832903	32.9263952669
3.87847989395	5.41952425085	0.378983107632	-0.0	-0.0	0.0172006025333	0.376785813886	0.00039209790677	31.0271267771	32.881809132
3.87671232877	5.41661519456	0.379242749557	-0.0	-0.0	0.01718904456	0.376793021932	0.000392062585825	31.0021189839	32.8318717693
3.87803800265	5.41679530719	0.379385775413	-0.0	-0.0	0.0171828699867	0.376796869957	0.000391813613206	30.9886803852	32.8047423314
3.874060981	5.41612604263	0.37972178468	-0.0	-0.0	0.01716859528	0.376805765935	0.000391949727459	30.9576420876	32.7416314777
3.87450287229	5.41612604263	0.380154875429	-0.0	-0.0	0.0171501267867	0.376817275288	0.000391561166805	30.9175267251	32.6602943517
3.87052585064	5.41496598639	0.382201097206	-0.0	-0.0	0.01706294408	0.376871603676	0.000390339676964	30.7285581938	32.2784730092
3.85903667698	5.41351518909	0.389897735826	-0.0	-0.0	0.01674356016	0.377070589088	0.00038555273918	30.0411919687	30.8937732406
3.8484312859	5.40502793296	0.398420766716	-0.0	-0.0	0.0164037507733	0.377282230388	0.000380285336777	29.3182524669	29.4470906512
3.83650022095	5.3952765693	0.406616224395	-0.0	-0.0	0.0160906825333	0.377477153031	0.000375644048998	28.6598434172	28.1369651858
3.82898806894	5.39340180517	0.415058264382	-0.0	-0.0	0.0157808553067	0.37766998974	0.000370619957284	28.0152822547	26.862728523
3.82589482987	5.39072229141	0.423708041891	-0.0	-0.0	0.0154743623067	0.377860708244	0.000365221979048	27.3844829064	25.6273463479
3.82059213433	5.38336966677	0.433001653347	-0.0	-0.0	0.0151550994533	0.378059295366	0.00035978810339	26.7351138057	24.3709621591
3.80777728679	5.37324602432	0.4427166027	-0.0	-0.0	0.0148316887067	0.378260412289	0.000354985723174	26.0854739527	23.1304956912
3.79319487406	5.36835522201	0.453165691332	-0.0	-0.0	0.0144959934	0.378469088887	0.000350123198448	25.4201627388	21.8754471189
3.78524083076	5.36056338028	0.464015250859	-0.0	-0.0	0.0141610572533	0.378677230631	0.000344668672194	24.7652516469	20.6539219886
3.77596111357	5.35202004385	0.476336173981	-0.0	-0.0	0.0137938848667	0.378905321318	0.000338739809582	24.0571622094	19.3548071987
3.76403004861	5.34347553325	0.489686809756	-0.0	-0.0	0.0134071160933	0.379145491892	0.000332659289278	23.3219011859	18.0382425219
3.75165709236	5.33239082626	0.504743815435	-0.0	-0.0	0.0129895113467	0.379404711203	0.00032603568422	22.5408417478	16.66617566
3.73707467963	5.32064191315	0.520099519779	-0.0	-0.0	0.0125746587867	0.379662114704	0.000319651535306	21.7785323333	15.368394832
3.72072470172	5.30560806553	0.537544788415	-0.0	-0.0	0.0121117381733	0.379949215441	0.000312474054711	20.9418998183	14.001358042
3.71144498453	5.29747634069	0.557186859726	-0.0	-0.0	0.0115982158533	0.380267543617	0.000303748253295	20.0310073821	12.5852774277
3.69421122404	5.28246445498	0.577951400221	-0.0	-0.0	0.0110636225333	0.380598759907	0.000295255708686	19.102734718	11.2188950792
3.664162616	5.25880114177	0.604436050763	-0.0	-0.0	0.0104102220533	0.381003344782	0.00028554458901	17.9993009932	9.66992327823
3.63764913831	5.23703468024	0.636296180463	-0.0	-0.0	0.00965482125333	0.381470758786	0.000273638398358	16.7668580597	8.050062681
3.60671674768	5.21437699681	0.668529723231	-0.0	-0.0	0.00892951114667	0.381919221639	0.000262601311694	15.6253739389	6.64854336332
