# u f
0.00020244678218128698 45.17044344594973
0.0003960915303546919 123.61790260867097
0.0005897362785280968 224.58192711434535
0.0007833810267015018 343.8330423633283
0.0009770257748749067 478.90246040847825
0.0011706705230483117 628.1162968085196
0.0013643152712217166 790.2420716786248
0.0015579600193951215 964.3229432225302
0.0017516047675685265 1149.5879813552344
0.0019540515497498134 1354.5407091270283
0.0021476962979232184 1560.800299084405
0.0023413410460966233 1776.5811713883456
0.0025349857942700282 2001.4803548993057
0.002728630542443433 2235.1421106514454
0.002922275290616838 2477.249364405382
0.003115920038790243 2727.5171696256843
0.003309564786963648 2985.6876209530265
0.003503209535137053 3251.525828747363
0.003696854283310458 3524.8166859479074
0.003899301065491745 3818.2836641646963
0.00409294581366515 4106.218255277594
0.004286590561838555 4401.047358554874
0.00448023531001196 4702.613362851261
0.0046738800581853646 5010.768997697341
0.0048675248063587695 5325.376249555722
0.005061169554532174 5646.305430743717
0.005254814302705579 5973.434374433428
0.005448459050878984 6306.647734590819
0.005650905833060271 6661.394316981906
0.005844550581233676 7006.719297044441
0.006038195329407081 7357.813469086058
0.006231840077580486 7714.583545780241
0.006425484825753891 8076.940624276538
0.006619129573927296 8444.79985312246
0.006812774322100701 8818.080133571326
0.007006419070274106 9196.703850841875
0.007200063818447511 9580.596631575054
0.007393708566620916 9969.687124293036
0.007596155348802203 10381.946670186184
0.007789800096975608 10781.458266541238
0.007983444845149013 11185.966920616824
0.008177089593322417 11595.41164746284
0.008370734341495822 12009.733641998737
0.008564379089669227 12428.87615215827
0.008758023837842632 12852.784362135326
0.008951668586016037 13281.405284719629
0.009145313334189442 13714.68766183209
0.009347760116370729 14172.594948924436
0.009541404864544134 14615.259249682156
0.009735049612717539 15062.438633722542
0.009928694360890944 15514.08796506027
0.010122339109064349 15970.16343491725
0.010315983857237754 16430.622497924844
0.010509628605411159 16895.4238125388
0.010703273353584564 17364.527185315805
0.010896918101757969 17837.893518735782
0.011090562849931374 18315.48476228498
0.01129300963211266 18819.261833394816
0.011486654380286065 19305.38058113987
0.01168029912845947 19795.61434636167
0.011873943876632875 20289.928873192002
0.01206758862480628 20788.290747298593
0.012261233372979685 21290.667361982956
0.01245487812115309 21797.026886160067
0.012648522869326495 22307.33823408774
0.0128421676174999 22821.57103672459
0.013044614399681187 23363.338729081122
0.013238259147854592 23885.50096762421
0.013431903896027997 24411.496314690172
0.013625548644201402 24941.29703797865
0.013819193392374807 25474.875998553274
0.014012838140548212 26012.206629978904
0.014206482888721617 26553.262918471562
0.014400127636895022 27098.019383998864
0.014593772385068426 27646.451062273045
0.014787417133241831 28198.53348758326
0.014989863915423118 28779.587975353126
0.015183508663596523 29339.06364330058
0.015377153411769928 29902.118454579475
0.015570798159943333 30468.7298007795
0.015764442908116738 31038.875496591332
0.015958087656290143 31612.533766772096
0.016151732404463548 32189.68323366619
0.016345377152636953 32770.302905251374
0.016539021900810358 33354.372163682114
0.016741468682991645 33968.65639400607
0.01693511343116505 34559.71892162417
0.017128758179338455 35154.1704388755
0.01732240292751186 35751.99173401683
0.017516047675685265 36353.16391837721
0.01770969242385867 36957.66841740332
0.017903337172032074 37565.48696204839
0.01809698192020548 38176.601580488146
0.018290626668378884 38790.994590147784
0.01848427141655229 39408.648590025245
0.018686718198733576 40057.845884563845
0.01888036294690698 40682.117037088414
0.019074007695080386 41309.597845195996
0.01926765244325379 41940.27197423131
0.019461297191427196 42574.12333642361
0.0196549419396006 43211.13608472946
0.019848586687774006 43851.294606888485
0.02004223143594741 44494.58351968249
0.020235876184120816 45140.98766338932
0.020438322966302103 45820.08844967787
0.020631967714475508 46472.81834959563
0.020825612462648913 47128.61863435006
0.021019257210822317 47787.474995467426
0.021212901958995722 48449.37332266952
0.021406546707169127 49114.29969933983
0.021600191455342532 49782.240398133705
0.021793836203515937 50453.18187672655
0.021987480951689342 51127.11077369448
0.022181125699862747 51804.01390452236
0.022383572482044034 52514.85133381059
0.02257721723021744 53197.79778206073
0.022770861978390844 53883.679361634706
0.02296450672656425 54572.48356539367
0.023158151474737654 55264.198044735764
0.02335179622291106 55958.81060627482
0.023545440971084464 56656.309208615734
0.02373908571925787 57356.68195922281
0.023932730467431274 58059.91711137772
0.02413517724961256 58798.16542676959
0.024328821997785965 59507.21950091545
0.02452246674595937 60219.101070581004
0.024716111494132775 60933.798949626915
0.02490975624230618 61651.30208363713
0.025103400990479585 62371.599547353784
0.02529704573865299 63094.680542181544
0.025490690486826395 63820.53439375883
0.0256843352349998 64549.15054959387
0.025877979983173205 65280.51857676315
0.026080426765354492 66048.06175165618
0.026274071513527897 66785.02660183539
0.026467716261701302 67524.71226399881
0.026661361009874707 68267.1087666538
0.02685500575804811 69012.20624714455
0.027048650506221517 69759.99494968665
0.02724229525439492 70510.4652234506
0.027435940002568326 71263.60752069356
0.02762958475074173 72019.41239493687
0.02783203153292302 72812.40875897217
0.028025676281096423 73573.630806735
0.028219321029269828 74337.48726829054
0.028412965777443233 75103.96908912214
0.028606610525616638 75873.06730743828
0.028800255273790043 76644.77305260043
0.028993900021963448 77419.07754358837
0.029187544770136853 78195.9720875012
0.029381189518310258 78975.44807809334
0.029574834266483663 79757.49699434428
0.02977728104866495 80577.8354421597
0.029970925796838355 81365.12097131723
0.03016457054501176 82154.95398644057
0.030358215293185165 82947.32629734755
0.03055186004135857 83742.22979234644
0.030745504789531974 84539.65643699022
0.03093914953770538 85339.59827285827
0.031132794285878784 86142.04741636498
0.03132643903405219 86946.99605759415
0.031528885816233476 87791.1973761788
0.03172253056440688 88601.23460448267
0.031916175312580286 89413.74798789306
0.03210982006075369 90228.73000313387
0.032303464808927096 91046.17319508911
0.0324971095571005 91866.07017577968
0.032690754305273906 92688.41362336186
0.03288439905344731 93513.19628114637
0.033078043801620716 94340.41095663777
0.03327168854979412 95170.0505205935
0.03347413533197541 96039.98603086629
0.03366778008014881 96874.56364952527
0.03386142482832222 97711.54482505984
0.03405506957649562 98550.92267489887
0.03424871432466903 99392.69037525955
0.03444235907284243 100236.84116031522
0.03463600382101584 101083.36832137957
0.03482964856918924 101932.26520610691
0.03502329331736265 102783.52521770787
0.035225740099543934 103675.99845648745
0.03541938484771734 104532.07181915916
0.035613029595890744 105390.48855282742
0.03580667434406415 106251.24227775703
0.036000319092237554 107114.32666603664
0.03619396384041096 107979.73544088095
0.036387608588584364 108847.4623759459
0.03658125333675777 109717.50129465671
0.036774898084931174 110589.84606954835
0.03696854283310458 111464.49062161811
0.037170989615285865 112381.34415446133
0.03736463436345927 113260.67406232223
0.037558279111632675 114142.2855260468
0.03775192385980608 115026.17265631817
0.037945568607979485 115912.3296091913
0.03813921335615289 116800.75058551332
0.038332858104326295 117691.4298303543
0.0385265028524997 118584.36163244798
0.038720147600673105 119479.54032364245
0.03892259438285439 120417.80525703031
0.0391162391310278 121317.5623815644
0.0393098838792012 122219.5493931477
0.03950352862737461 123123.7607926334
0.03969717337554801 124030.1911213597
0.03989081812372142 124938.8349606556
0.04008446287189482 125849.68693135478
0.040278107620068226 126762.741693318
0.04047175236824163 127677.99394496348
0.040665397116415036 128595.43842280512
0.04086784389859632 129556.92321147662
0.04106148864676973 130478.83555194424
0.04125513339494313 131402.92431890976
0.04144877814311654 132329.18439844451
0.04164242289128994 133257.61071249988
0.04183606763946335 134188.19821848956
0.04202971238763675 135120.9419088789
0.04222335713581016 136055.83681078057
0.04241700188398356 136992.87798555678
0.04261064663215697 137932.06052842806
0.042813093414338255 138916.21748252644
0.04300673816251166 139859.76495990882
0.043200382910685065 140805.43907271695
0.04339402765885847 141753.23504927574
0.043587672407031874 142703.14814988626
0.04378131715520528 143655.17366647042
0.043974961903378684 144609.30692222065
0.04416860665155209 145565.54327125542
0.044362251399725494 146523.87809827985
0.04456469818190678 147528.01234683915
0.044758342930080186 148490.62526679016
0.04495198767825359 149455.32279404273
0.045145632426426996 150422.1004336808
0.0453392771746004 151390.9537197401
0.045532921922773806 152361.87821489846
0.04572656667094721 153334.86951017103
0.045920211419120616 154309.92322460987
0.04611385616729402 155287.03500500822
0.046307500915467426 156266.20052560876
0.04650994769764871 157292.06479402093
0.04670359244582212 158275.41778732248
0.04689723719399552 159260.8115130676
0.04709088194216893 160248.2417536561
0.04728452669034233 161237.70431752995
0.04747817143851574 162229.19503890624
0.04767181618668914 163222.70977751433
0.04786546093486255 164218.2444183362
0.04805910568303595 165215.79487135098
0.04826155246521724 166260.83945095044
0.048455197213390644 167262.5005207736
0.04864884196156405 168266.16509820963
0.048842486709737454 169271.82919182628
0.04903613145791086 170279.4888339521
0.049229776206084264 171289.14008044184
0.04942342095425767 172300.77901044453
0.049617065702431074 173314.40172617545
0.04981071045060448 174330.00435269056
0.05000435519877788 175347.58303766444
0.05020680198095917 176413.52397354264
0.050400446729132575 177435.1326913949
0.05059409147730598 178458.70587270192
0.050787736225479385 179484.23975443424
0.05098138097365279 180511.73059510463
0.051175025721826195 181541.17467456346
0.0513686704699996 182572.5682937967
0.051562315218173005 183605.90777472654
0.05175595996634641 184641.18946001443
0.0519584067485277 185725.60209033775
0.0521520514967011 186764.84516103935
0.05234569624487451 187806.0194236001
0.05253934099304791 188849.12130262644
0.05273298574122132 189894.14724250976
0.05292663048939472 190941.0937072449
0.053120275237568126 191989.95718025067
0.05331391998574153 193040.7341641924
0.053507564733914936 194093.42118080737
0.05370120948208834 195148.01477073182
0.05390365626426963 196252.57923518223
0.05409730101244303 197311.06193785093
0.05429094576061644 198371.44079315933
0.05448459050878984 199433.71241648064
0.05467823525696325 200497.8734412484
0.05487188000513665 201563.92051879628
0.05506552475331006 202631.8503182
0.05525916950148346 203701.6595261214
0.05545281424965687 204773.34484665396
0.055655261031838155 205895.74554535502
0.05584890578001156 206971.25817570693
0.056042550528184965 208048.63698695047
0.05623619527635837 209127.87875216323
0.056429840024531774 210208.98026110485
0.05662348477270518 211291.93832007353
0.056817129520878584 212376.74975176473
0.05701077426905199 213463.41139513117
0.057204419017225394 214551.92010524485
0.0573980637653988 215642.2727531603
0.057600510547580086 216784.1550719909
0.05779415529575349 217878.26973164928
0.057987800043926896 218974.21889711398
0.0581814447921003 220071.99950273603
0.058375089540273706 221171.60849818436
0.05856873428844711 222273.0428483186
0.058762379036620516 223376.29953306357
0.05895602378479392 224481.37554728484
0.059149668532967326 225588.26790066608
0.05935211531514861 226747.41237008478
0.05954576006332202 227858.01071040586
0.05973940481149542 228970.41637304553
0.05993304955966883 230084.62642640894
0.06012669430784223 231200.63795312075
0.06032033905601564 232318.4480499107
0.06051398380418904 233438.05382750026
0.06070762855236245 234559.4524104906
0.06090127330053585 235682.64093725188
0.06109491804870926 236807.61655981358
0.061297364830890544 237985.6351510055
0.06149100957906395 239114.25738310697
0.061684654327237354 240244.65812067201
0.06187829907541076 241376.83456989547
0.062071943823584164 242510.78395009707
0.06226558857175757 243646.50349361915
0.062459233319930973 244783.99044572513
0.06265287806810438 245923.24206449935
0.06284652281627778 247064.25562074786
0.06304896959845907 248259.0143708598
0.06324261434663248 249403.62344250153
0.06343625909480588 250549.98621733894
0.06362990384297929 251698.1000166536
0.06382354859115269 252847.96217396448
0.0640171933393261 253999.57003493534
0.0642108380874995 255152.92095728265
0.0644044828356729 256308.01231068483
0.06459812758384631 257464.84147669206
0.06479177233201971 258623.40584863728
0.064994219114201 259836.48472901224
0.0651878638623744 260998.59031594772
0.06538150861054781 262162.423242011
0.06557515335872122 263327.9809473122
0.06576879810689462 264495.26088330895
0.06596244285506803 265664.26051272295
0.06615608760324143 266834.9773094569
0.06634973235141484 268007.4087585131
0.06654337709958824 269181.55235591193
0.06674582388176953 270410.8940654561
0.06693946862994293 271588.53203125007
0.06713311337811634 272767.87458667817
0.06732675812628974 273948.91927152453
0.06752040287446315 275131.66363619507
0.06771404762263655 276316.1052416414
0.06790769237080996 277502.241659285
0.06810133711898336 278690.070470943
0.06829498186715677 279879.58926875377
0.06848862661533017 281070.79565510416
0.06869107339751146 282317.9495898239
0.06888471814568486 283512.6004367109
0.06907836289385827 284708.9316326986
0.06927200764203167 285906.9408208998
0.06946565239020508 287106.62565431744
0.06965929713837848 288307.9837957751
0.06985294188655189 289511.0129178487
0.0700465866347253 290715.710702799
0.0702402313828987 291922.0748425046
0.07044267816507999 293185.05291234085
0.07063632291325339 294394.8183559647
0.0708299676614268 295606.2431836281
0.0710236124096002 296819.3251254476
0.0712172571577736 298034.0619208294
0.07141090190594701 299250.4513184061
0.07160454665412042 300468.49107597413
0.07179819140229382 301688.1789604316
0.07199183615046723 302909.5127477169
0.07218548089864063 304132.4902227483
0.07238792768082192 305412.81264390517
0.07258157242899532 306639.14534565626
0.07277521717716873 307867.1150439158
0.07296886192534213 309096.719559319
0.07316250667351554 310327.9567211823
0.07335615142168894 311560.82436744584
0.07354979616986235 312795.32034461637
0.07374344091803575 314031.4425077112
0.07393708566620916 315269.18872020196
0.07413953244839044 316564.93027214234
0.07433317719656385 317805.99178448884
0.07452682194473725 319048.67089104024
0.07472046669291066 320292.9654889102
0.07491411144108406 321538.8734833922
0.07510775618925747 322786.39278790704
0.07530140093743087 324035.5213239502
0.07549504568560428 325286.2570210399
0.07568869043377768 326538.59781666583
0.07588233518195109 327792.5416562379
0.07608478196413238 329105.19472005265
0.07627842671230578 330362.41114678036
0.07647207146047919 331621.2244085619
0.07666571620865259 332881.632482337
0.076859360956826 334143.6333527152
0.0770530057049994 335407.22501192725
0.0772466504531728 336672.4054597776
0.07744029520134621 337939.1727035964
0.07763393994951961 339207.5247581931
0.0778363867317009 340535.22153556935
0.0780300314798743 341806.80909652746
0.07822367622804771 343079.9754680448
0.07841732097622112 344354.7186947141
0.07861096572439452 345631.03682837565
0.07880461047256793 346908.92792807275
0.07899825522074133 348188.39006000716
0.07919189996891474 349469.4212974955
0.07938554471708814 350752.0197209255
0.07957918946526155 352036.1834177129
0.07978163624744283 353380.38973690587
0.07997528099561624 354667.74920142203
0.08016892574378964 355956.66815745994
0.08036257049196305 357247.1447204342
0.08055621524013645 358539.17701257544
0.08074985998830986 359832.76316288894
0.08094350473648326 361127.9013071146
0.08113714948465667 362424.5895876858
0.08133079423283007 363722.82615369046
0.08153324101501136 365081.72692076524
0.08172688576318476 366383.1246970046
0.08192053051135817 367686.0651623884
0.08211417525953157 368990.54649252153
0.08230782000770498 370296.56686946645
0.08250146475587838 371604.1244817047
0.08269510950405179 372913.21752409975
0.0828887542522252 374223.84419785923
0.0830823990003986 375536.002710498
0.083276043748572 376849.69127580133
0.08347849053075329 378224.7269808381
0.0836721352789267 379541.53966199426
0.0838657800271001 380859.87699422974
0.0840594247752735 382179.7372163274
0.08425306952344691 383501.11857315956
0.08444671427162032 384824.0193156529
0.08464035901979372 386148.43770075386
0.08483400376796713 387474.371991394
0.08502764851614053 388801.8204564558
0.08522129326431394 390130.7813707392
0.08542374004649522 391521.76486641506
0.08561738479466863 392853.81407807965
0.08581102954284203 394187.3705210501
0.08600467429101544 395522.4324937233
0.08619831903918884 396858.99830024614
0.08639196378736225 398197.0662504835
0.08658560853553565 399536.6346599858
0.08677925328370906 400877.70184995764
0.08697289803188246 402220.2661472259
0.08717534481406375 403625.4550138124
0.08736898956223715 404971.0763880732
0.08756263431041056 406318.1898083695
0.08775627905858396 407666.79362395644
0.08794992380675737 409016.88618955587
0.08814356855493077 410368.4658653265
0.08833721330310418 411721.5310168341
0.08853085805127758 413076.08001502126
0.08872450279945099 414432.1112361789
0.0889181475476244 415789.62306191627
0.08912059432980568 417210.4213042645
0.08931423907797909 418570.9566208029
0.08950788382615249 419932.9676456501
0.0897015285743259 421296.4527816383
0.0898951733224993 422661.41043677443
0.0900888180706727 424027.8390242121
0.09028246281884611 425395.736962224
0.09047610756701951 426765.1026741746
0.09066975231519292 428135.9345884928
0.0908721990973742 429570.64302947593
0.09106584384554761 430944.46912029444
0.09125948859372102 432319.75665825006
0.09145313334189442 433696.50409198523
0.09164677809006783 435074.70987507264
0.09184042283824123 436454.3724659886
0.09203406758641464 437835.4903280876
0.09222771233458804 439218.06192957633
0.09242135708276145 440602.08574348845
0.09261500183093485 441987.56024765916
0.09281744861311614 443437.5603183232
0.09301109336128954 444825.99742247135
0.09320473810946295 446215.88061051327
0.09339838285763635 447607.20837945445
0.09359202760580976 448999.97923097684
0.09378567235398316 450394.1916714149
0.09397931710215657 451789.8442117318
0.09417296185032997 453186.93536749505
0.09436660659850338 454585.46365885343
0.09456905338068466 456049.09642350755
0.09476269812885807 457450.55972026935
