# u f
0.0001948413285157713 43932.83083729336
0.00038940431227652006 124127.69760172818
0.0005839672960372688 227955.64635730707
0.0007785302797980176 350897.94734247157
0.0009730932635587664 490342.1919250066
0.0011676562473195151 644525.4576392812
0.0013622192310802639 812153.416652323
0.0015567822148410126 992223.1536945392
0.0017513451986017614 1183927.747300729
0.0019459081823625102 1386599.6344021345
0.002140471166123259 1599674.5588572593
0.0023350341498840077 1822667.374169694
0.0025295971336447565 2055155.1122938492
0.0027241601174055052 2296764.7315454013
0.002918723101166254 2547164.0009927596
0.0031132860849270028 2806054.5584283248
0.0033078490686877515 3073166.5175321368
0.0035024120524485003 3348254.206061283
0.003696975036209249 3631092.747135049
0.003891538019969998 3921475.2805278054
0.004086101003730747 4219210.677665865
0.004280663987491495 4524121.642944052
0.004475226971252244 4836043.121220798
0.004669789955012993 5154820.9507826045
0.004864352938773742 5480310.715165388
0.00505891592253449 5812376.757604056
0.005253478906295239 6150891.3296372
0.005448041890055988 6495733.851260242
0.005642604873816737 6846790.264509587
0.0058371678575774855 7203952.46583236
0.006031730841338234 7567117.805308428
0.006226293825098983 7936188.642929005
0.006420856808859732 8311071.953835533
0.0066154197926204805 8691678.975783998
0.006809982776381229 9077924.893198786
0.007004545760141978 9469728.553073237
0.007199108743902727 9867012.20870449
0.007393671727663476 10269701.287851462
0.007588234711424224 10677724.182402123
0.007782797695184973 11091012.057050323
0.007977360678945722 11509498.674828578
0.00817192366270647 11933120.23763405
0.00836648664646722 12361815.240130726
0.008561049630227968 12795524.33561879
0.008755612613988717 13234190.212639587
0.008950453942504488 13678395.540503133
0.009145016926265237 14126817.52500359
0.009339579910025986 14580035.400403464
0.009534142893786735 15037998.944038594
0.009728705877547483 15500659.478810975
0.009923268861308232 15967969.795503097
0.01011783184506898 16439884.080451624
0.01031239482882973 16916357.848114237
0.010506957812590478 17397347.87811201
0.010701520796351227 17882812.156372517
0.010896083780111976 18372709.8200365
0.011090646763872725 18867001.10582422
0.011285209747633473 19365647.301587056
0.011479772731394222 19868610.70079605
0.011674335715154971 20375854.559742447
0.01186889869891572 20887343.057245854
0.012063461682676468 21403041.256684218
0.012258024666437217 21922915.07017642
0.012452587650197966 22446931.224763058
0.012647150633958715 22975057.23044429
0.012841713617719464 23507261.349945735
0.013036276601480212 24043512.570094045
0.013230839585240961 24583780.574693643
0.01342540256900171 25128035.71880492
0.013619965552762459 25676249.00433211
0.013814528536523207 26228392.056836326
0.014009091520283956 26784437.103495833
0.014203654504044705 27344356.952141605
0.014398217487805454 27908124.971301593
0.014592780471566202 28475715.07119222
0.014787343455326951 29047101.685599957
0.0149819064390877 29622259.75460024
0.015176469422848449 30201164.708064497
0.015371032406609197 30783792.449909724
0.015565595390369946 31370119.343048178
0.015760158374130695 31960122.194997642
0.015954721357891444 32553778.24411548
0.016149284341652193 33151065.146422107
0.01634384732541294 33751960.96298185
0.01653841030917369 34356444.14781121
0.01673297329293444 34964493.536286585
0.016927536276695188 35576088.334025085
0.017122099260455936 36191208.10621415
0.017316662244216685 36809832.76736671
0.017511225227977434 37431942.57148035
0.017706066556493205 38058415.53386612
0.017900629540253954 38687442.614189446
0.018095192524014703 39319897.516959876
0.01828975550777545 39955761.76353219
0.0184843184915362 40595017.170923606
0.01867888147529695 41237645.84401241
0.018873444459057698 41883630.16802167
0.019068007442818447 42532952.801275015
0.019262570426579195 43185596.66821165
0.019457133410339944 43841544.95264909
0.019651696394100693 44500781.09128223
0.01984625937786144 45163288.76740831
0.02004082236162219 45829051.90486765
0.02023538534538294 46498054.66219091
0.020429948329143688 47170281.42694372
0.020624511312904437 47845716.81026034
0.020819074296665185 48524345.64155817
0.021013637280425934 49206152.96342566
0.021208200264186683 49891124.02667617
0.02140276324794743 50579244.285561115
0.02159732623170818 51270499.39313575
0.02179188921546893 51964875.196771376
0.021986452199229678 52662357.73380814
0.022181015182990427 53362933.22734279
0.022375578166751176 54066588.08214605
0.022570141150511924 54773308.88070445
0.022764704134272673 55483082.37938198
0.022959267118033422 56195895.50469667
0.02315383010179417 56911735.34970796
0.02334839308555492 57630589.17051051
0.023542956069315668 58352444.38283045
0.023737519053076417 59077288.55872037
0.023932082036837166 59805109.423349276
0.024126645020597914 60535894.85188407
0.024321208004358663 61269632.86645927
0.024515770988119412 62006311.63323171
0.02471033397188016 62745919.45951724
0.02490489695564091 63488444.791006535
0.025099459939401658 64233876.20905703
0.025294022923162407 64982202.42805877
0.025488585906923156 65733412.29287091
0.025683148890683904 66487494.776327245
0.025877711874444653 67244438.97680771
0.026072274858205402 68004234.11587413
0.02626683784196615 68766869.53596759
0.0264614008257269 69532334.69816588
0.02665624215424267 70301720.31405507
0.02685080513800342 71072817.81865896
0.02704536812176417 71846714.12434328
0.027239931105524917 72623399.14559029
0.027434494089285666 73402862.90513322
0.027629057073046415 74185095.53203338
0.027823620056807163 74970087.259805
0.028018183040567912 75757828.4245859
0.02821274602432866 76548309.46335271
0.02840730900808941 77341520.91217937
0.02860187199185016 78137453.40453723
0.028796434975610907 78936097.66963592
0.028990997959371656 79737444.53080337
0.029185560943132405 80541484.90390396
0.029380123926893154 81348209.79579382
0.029574686910653902 82157610.3028117
0.02976924989441465 82969677.60930488
0.0299638128781754 83784402.98618874
0.03015837586193615 84601777.78953923
0.030352938845696897 85421793.45921698
0.030547501829457646 86244441.51752257
0.030742064813218395 87069713.56788163
0.030936627796979144 87897601.29355925
0.031131190780739892 88728096.45640258
0.03132575376450064 89561190.89561123
0.03152031674826139 90396876.52653407
0.03171487973202214 91235145.33949248
0.03190944271578289 92075989.39862862
0.032104005699543636 92919400.84077837
0.032298568683304385 93765371.87436831
0.032493131667065134 94613894.77833591
0.03268769465082588 95464961.9010724
0.03288225763458663 96318565.65938768
0.03307682061834738 97174698.53749675
0.03327138360210813 98033353.08602698
0.03346594658586888 98894521.92104581
0.033660509569629626 99758197.72310811
0.033855072553390375 100624373.23632306
0.034049635537151124 101493041.26743959
0.03424419852091187 102364194.68495032
0.03443876150467262 103237826.41821331
0.03463332448843337 104113929.4565911
0.03482788747219412 104992496.8486068
0.03502245045595487 105873521.7011167
0.035217013439715616 106756997.1784989
0.03541185476823139 107644185.65885928
0.03560641775199214 108532545.58704108
0.035800980735752885 109423335.96098118
0.035995543719513634 110316550.16741791
0.03619010670327438 111212181.6467819
0.03638466968703513 112110223.89247355
0.03657923267079588 113010670.45015383
0.03677379565455663 113913514.91704847
0.03696835863831738 114818750.94126502
0.03716292162207813 115726372.22112247
0.037357484605838875 116636372.50449312
0.037552047589599624 117548745.5881566
0.03774661057336037 118463485.3171655
0.03794117355712112 119380585.58422254
0.03813573654088187 120300040.32906888
0.03833029952464262 121221843.53788336
0.03852486250840337 122145989.24269249
0.03871942549216412 123072471.5207908
0.038913988475924866 124001284.4941715
0.039108551459685614 124932422.32896702
0.03930311444344636 125865879.23489933
0.03949767742720711 126801649.4647398
0.03969224041096786 127739727.31377846
0.03988680339472861 128680107.11930224
0.04008136637848936 129622783.26008217
0.04027592936225011 130567750.15586947
0.040470492346010856 131515002.26689985
0.040665055329771604 132464534.0934065
0.04085961831353235 133416340.17514089
0.0410541812972931 134370415.09090203
0.04124874428105385 135326753.45807305
0.0414433072648146 136285349.9321657
0.04163787024857535 137246199.2063726
0.0418324332323361 138209296.01112595
0.042026996216096846 139174635.11366472
0.042221559199857595 140142211.3176075
0.04241612218361834 141112019.46253347
0.04261068516737909 142084054.42356914
0.04280524815113984 143058311.11098224
0.04299981113490059 144034784.46978202
0.04319437411866134 145013469.47932562
0.04338893710242209 145994361.15293112
0.043583500086182836 146977454.5374961
0.043778063069943585 147962744.71312255
0.04397262605370433 148950226.79274768
0.044167467382220105 149941313.3217866
0.044362030365980853 150933167.7962361
0.0445565933497416 151927199.700067
0.04475115633350235 152923404.27402097
0.0449457193172631 153921776.78991118
0.04514028230102385 154922312.55028585
0.0453348452847846 155925006.88809645
0.045529408268545346 156929855.16637138
0.045723971252306095 157936852.77789414
0.045918534236066844 158945995.14488655
0.04611309721982759 159957277.71869653
0.04630766020358834 160970695.9794906
0.04650222318734909 161986245.43595076
0.04669678617110984 163003921.62497595
0.04689134915487059 164023720.11138794
0.047085912138631336 165045636.4876411
0.047280475122392085 166069666.373537
0.047475038106152834 167095805.41594246
0.04766960108991358 168124049.2885122
0.04786416407367433 169154393.69141507
0.04805872705743508 170186834.35106444
0.04825329004119583 171221367.01985216
0.04844785302495658 172257987.4758866
0.048642416008717326 173296691.52273405
0.048836978992478075 174337474.989164
0.049031541976238824 175380333.72889778
0.04922610495999957 176425263.62036085
0.04942066794376032 177472260.56643838
0.04961523092752107 178521320.49423432
0.04980979391128182 179572439.3548338
0.05000435689504257 180625613.12306857
0.050198919878803316 181680837.7972859
0.050393482862564065 182738109.39912042
0.050588045846324814 183797423.97326913
0.05078260883008556 184858777.5872696
0.05097717181384631 185922166.3312807
0.05117173479760706 186987586.31786686
0.05136629778136781 188055033.68178457
0.05156086076512856 189124504.57977235
0.051755423748889307 190195995.19034287
0.051949986732650055 191269501.71357846
0.052144549716410804 192345020.3709286
0.05233911270017155 193422547.40501076
0.0525336756839323 194502079.07941315
0.05272823866769305 195583611.6785007
0.0529228016514538 196667141.50722304
0.05311764297996957 197754219.28343546
0.05331220596373032 198841735.41184434
0.05350676894749107 199931237.8011784
0.05370133193125182 201022722.83688486
0.053895894915012565 202116186.92407244
0.054090457898773314 203211626.48733386
0.05428502088253406 204309037.97057036
0.05447958386629481 205408417.83681855
0.05467414685005556 206509762.56807947
0.05486870983381631 207613068.66514975
0.05506327281757706 208718332.64745468
0.05525783580133781 209825551.05288363
0.055452398785098556 210934720.43762735
0.055646961768859304 212045837.37601736
0.05584152475262005 213158898.46036714
0.0560360877363808 214273900.3008153
0.05623065072014155 215390839.52517098
0.0564252137039023 216509712.77876052
0.05661977668766305 217630516.7242767
0.0568143396714238 218753248.04162902
0.057008902655184546 219877903.4277965
0.057203465638945294 221004479.5966818
0.05739802862270604 222132973.27896705
0.05759259160646679 223263381.22197178
0.05778715459022754 224395700.18951216
0.05798171757398829 225529926.961762
0.05817628055774904 226666058.33511546
0.05837084354150979 227804091.1220513
0.058565406525270536 228944022.15099874
0.058759969509031285 230085848.26620495
0.05895453249279203 231229566.32760376
0.05914909547655278 232375173.21068642
0.05934365846031353 233522665.80637345
0.05953822144407428 234672041.0208879
0.05973278442783503 235823295.7756306
0.05992734741159578 236976427.007056
0.060121910395356526 238131431.66655037
0.060316473379117275 239288306.72031048
0.06051103636287802 240447049.14922434
0.06070559934663877 241607655.94875288
0.06090016233039952 242770124.12881315
0.06109472531416027 243934450.71366274
0.06128928829792102 245100632.7417855
0.06148385128168177 246268667.26577857
0.061678414265442516 247438551.3522406
0.06187325559395829 248611959.6988288
0.062067818577719036 249785536.80108327
0.062262381561479785 250960954.74438542
0.062456944545240534 252138210.6502664
0.06265150752900128 253317301.65371832
0.06284607051276203 254498224.90308952
0.06304063349652278 255680977.55998114
0.06323519648028353 256865556.79914483
0.06342975946404428 258051959.8083815
0.06362432244780503 259240183.78844112
0.06381888543156577 260430225.95292383
0.06401344841532652 261622083.52818155
0.06420801139908727 262815753.75322148
0.06440257438284802 264011233.8796098
0.06459713736660877 265208521.17137685
0.06479170035036952 266407612.90492335
0.06498626333413027 267608506.3689272
0.06518082631789102 268811198.8642518
0.06537538930165177 270015687.7038548
0.06556995228541251 271221970.21269816
0.06576451526917326 272430043.72765905
0.06595907825293401 273639905.5974416
0.06615364123669476 274851553.1824897
0.06634820422045551 276064983.85490066
0.06654276720421626 277280194.99833935
0.066737330187977 278497184.0079541
0.06693189317173776 279715948.2902927
0.0671264561554985 280936485.26321924
0.06732101913925925 282158792.35583264
0.06751558212302 283382867.0083848
0.06771014510678075 284608706.6722007
0.0679047080905415 285836308.8095984
0.06809927107430225 287065670.8938105
0.068293834058063 288296790.4089061
0.06848839704182375 289529664.8497132
0.0686829600255845 290764291.721743
0.06887752300934524 292000668.5411134
0.06907208599310599 293238792.83447427
0.06926664897686674 294478662.13893366
0.06946121196062749 295720274.0019837
0.06965577494438824 296963625.9814283
0.06985033792814899 298208715.6453109
0.07004490091190974 299455540.5718428
0.07023946389567048 300704098.3493332
0.07043402687943123 301954386.57611877
0.070628868207947 303208195.25069845
0.07082343119170775 304461939.67792463
0.0710179941754685 305717407.40554494
0.07121255715922925 306974596.07133365
0.07140712014299 308233503.32275265
0.07160168312675075 309494126.8168855
0.0717962461105115 310756464.22037154
0.07199080909427225 312020513.20934194
0.072185372078033 313286271.4693547
0.07237993506179374 314553736.6953314
0.07257449804555449 315822906.5914944
0.07276906102931524 317093778.87130433
0.07296362401307599 318366351.2573982
0.07315818699683674 319640621.48152834
0.07335274998059749 320916587.2845016
0.07354731296435824 322194246.41611934
0.07374187594811898 323473596.63511807
0.07393643893187973 324754635.7091102
0.07413100191564048 326037361.4145257
0.07432556489940123 327321771.5365544
0.07452012788316198 328607863.86908823
0.07471469086692273 329895636.2146648
0.07490925385068348 331185086.38441086
0.07510381683444423 332476212.19798636
0.07529837981820497 333769011.48352957
0.07549294280196572 335063482.07760197
0.07568750578572647 336359621.8251337
0.07588206876948722 337657428.5793704
0.07607663175324797 338956900.2018192
0.07627119473700872 340258034.5621965
0.07646575772076947 341560829.5383751
0.07666032070453022 342865283.01633227
0.07685488368829096 344171392.89009875
0.07704944667205171 345479157.0617073
0.07724400965581246 346788573.4411424
0.07743857263957321 348099639.9462899
0.07763313562333396 349412354.50288767
0.07782769860709471 350726715.0444763
0.07802226159085546 352042719.51234984
0.0782168245746162 353360365.8555083
0.07841138755837695 354679652.0306089
0.0786059505421377 356000576.00191903
0.07880051352589845 357323135.7412688
0.0789950765096592 358647329.22800463
0.07918963949341995 359973154.4489426
0.0793842024771807 361300609.398323
0.07957904380569647 362631594.64864147
0.07977360678945722 363962305.39147973
0.07996816977321797 365294639.88673854
0.08016273275697872 366628596.1579128
0.08035729574073947 367964172.2356977
0.08055185872450021 369301366.15794486
0.08074642170826096 370640175.9696192
0.08094098469202171 371980599.72275627
0.08113554767578246 373322635.4764193
0.08133011065954321 374666281.2966574
0.08152467364330396 376011535.2564636
0.0817192366270647 377358395.4357334
0.08191379961082546 378706859.9212237
0.0821083625945862 380056926.8065121
0.08230292557834695 381408594.1919563
0.0824974885621077 382761860.18465406
0.08269205154586845 384116722.8984035
0.0828866145296292 385473180.4536639
0.08308117751338995 386831230.9775158
0.0832757404971507 388190872.6036232
0.08347030348091145 389552103.4721944
0.0836648664646722 390914921.72994405
0.08385942944843294 392279325.53005546
0.08405399243219369 393645313.03214276
0.08424855541595444 395012882.40221393
0.08444311839971519 396382031.8126336
0.08463768138347594 397752759.4420867
0.08483224436723669 399125063.475542
0.08502680735099744 400498942.10421586
0.08522137033475818 401874393.52553684
0.08541593331851893 403251415.9431099
0.08561049630227968 404630007.56668144
0.08580505928604043 406010166.6121042
0.08599962226980118 407391891.3013027
0.08619418525356193 408775179.862239
0.08638874823732268 410160030.5288784
0.08658331122108343 411546441.54115576
0.08677787420484417 412934411.14494187
0.08697243718860492 414323937.5920102
0.08716700017236567 415715019.1400039
0.08736156315612642 417107654.052403
0.08755612613988717 418501840.5984917
0.08775068912364792 419897577.05332667
0.08794525210740867 421294861.69770426
0.08813981509116942 422693692.8181293
0.08833465641968519 424096073.2115169
0.08852921940344594 425497994.37254447
0.08872378238720668 426901456.9006467
0.08891834537096743 428306459.104857
0.08911290835472818 429712999.29976165
0.08930747133848893 431121075.80546975
0.08950203432224968 432530686.94758314
0.08969659730601043 433941831.0571663
0.08989116028977118 435354506.47071695
0.09008572327353193 436768711.53013647
0.09028028625729267 438184444.5827009
0.09047484924105342 439601703.9810318
0.09066941222481417 441020488.0830674
0.09086397520857492 442440795.2520345
0.09105853819233567 443862623.8564196
0.09125310117609642 445285972.2699412
0.09144766415985717 446710838.8715216
0.09164222714361792 448137222.0452594
0.09183679012737866 449565120.18040204
0.09203135311113941 450994531.67131835
0.09222591609490016 452425454.9174715
0.09242047907866091 453857888.32339233
0.09261504206242166 455291830.29865223
0.09280960504618241 456727279.25783724
0.09300416802994316 458164233.6205213
0.0931987310137039 459602691.81124014
0.09339329399746465 461042652.2594658
0.0935878569812254 462484113.3995805
0.09378241996498615 463927073.670851
0.0939769829487469 465371531.51740396
0.09417154593250765 466817485.3882
0.0943661089162684 468264933.73700887
0.09456067190002915 469713875.02238524
0.0947552348837899 471164307.7076432
