# u f
0.00019565594802650743 1326.990403943283
0.0003897466484688028 3730.798413684003
0.0005838373489110982 6840.156061921336
0.0007794932969376056 10552.291430223891
0.000973583997379901 14729.511364115187
0.0011676746978221964 19346.882943035387
0.0013633306458487038 24407.87639437404
0.0015574213462909992 29801.449215357094
0.0017515120467332945 35542.493492844005
0.001947167994759802 41661.34947652065
0.0021412586952020973 48043.19803512159
0.0023353493956443927 54721.24849537069
0.002529440096086688 61682.90194852274
0.0027250960441131955 68976.46280473827
0.002919186744555491 76475.26965581684
0.0031132774449977862 84227.69919905986
0.0033089333930242937 92291.18818109743
0.003503024093466589 100529.35267627494
0.0036971147939088844 108999.02237091919
0.003892770741935392 117765.05539261819
0.004086861442377687 126681.46308100349
0.004280952142819983 135812.19201104957
0.00447660809084649 145228.486868125
0.004670698791288785 154775.0635442831
0.004864789491731081 164522.1127543836
0.005058880192173376 174465.59300426132
0.005254536140199884 184684.2136718761
0.005448626840642179 195010.86007318803
0.005642717541084474 205523.11154615984
0.005838373489110982 216304.7270667916
0.006032464189553277 227180.12191323002
0.0062265548899955725 238231.90906958387
0.00642221083802208 249548.5428135488
0.006616301538464375 260946.29472930127
0.006810392238906671 272512.47477869136
0.007006048186933178 284339.94794275204
0.0072001388873754735 296237.142805417
0.007394229587817769 308295.7914447246
0.007588320288260064 320513.760399392
0.007783976236286572 332989.43276914326
0.007978066936728867 345521.2109932092
0.008172157637171162 358206.3683038615
0.00836781358519767 371147.20505192573
0.008561904285639965 384134.88775529043
0.00875599498608226 397270.6270286352
0.008951650934108768 410660.4773204343
0.009145741634551063 424088.59412380453
0.009339832334993359 437659.9632522004
0.009533923035435654 451373.08826659096
0.009729578983462162 465338.8063350497
0.009923669683904457 479332.249807717
0.010117760384346752 493463.2155881819
0.01031341633237326 507845.9859512032
0.010507507032815555 522249.14009011467
0.01070159773325785 536785.9409583983
0.010897253681284358 551574.0062510887
0.011091344381726653 566375.5341653061
0.011285435082168949 581307.1434593953
0.011481091030195456 596489.6879799488
0.011675181730637751 611679.1448496107
0.011869272431080047 626995.3886810686
0.012063363131522342 642437.3784975245
0.01225901907954885 658130.1409017206
0.012453109779991145 673821.5935924789
0.01264720048043344 689635.8090317553
0.012842856428459948 705700.8505513135
0.013036947128902243 721758.7471857768
0.013231037829344539 737936.6260647426
0.013426693777371046 754365.512845229
0.013620784477813341 770781.6754957627
0.013814875178255637 787315.2206500748
0.014010531126282144 804100.0673282037
0.01420462182672444 820866.8423220882
0.014398712527166735 837748.5620679832
0.01459280322760903 854744.4491898556
0.014788459175635538 871992.1789673535
0.014982549876077833 889215.0359933284
0.015176640576520128 906549.8137680417
0.015372296524546636 924136.9377743512
0.015566387224988931 941694.3049875123
0.015760477925431227 959361.4739407956
0.015956133873457734 977281.5653483445
0.01615022457390003 995167.1875039763
0.016344315274342325 1013160.6083674658
0.01653840597478462 1031261.1859431264
0.016734061922811128 1049615.55236301
0.016928152623253423 1067929.413982784
0.01712224332369572 1086348.56816694
0.017317899271722226 1105022.2262419965
0.01751198997216452 1123651.0173527186
0.017706080672606817 1142383.3309040081
0.017901736620633324 1161370.9121868943
0.01809582732107562 1180309.3964727242
0.018289918021517915 1199349.7194519455
0.018485573969544422 1218646.1175119781
0.018679664669986717 1237889.3114779443
0.018873755370429013 1257232.7399628283
0.019067846070871308 1276675.8862336823
0.019263502018897816 1296376.2430005064
0.01945759271934011 1316018.100100445
0.019651683419782406 1335758.1675063758
0.019847339367808914 1355756.3371217635
0.02004143006825121 1375692.155982509
0.020235520768693505 1395724.7440340905
0.020431176716720012 1416016.356039077
0.020625267417162307 1436241.8645769956
0.020819358117604603 1456562.7628246495
0.02101501406563111 1477143.6337062533
0.021209104766073406 1497654.7408522088
0.0214031954665157 1518259.9155891405
0.021597286166957996 1538958.7304200497
0.021792942114984504 1559918.8190870665
0.0219870328154268 1580804.4013194174
0.022181123515869094 1601782.372010164
0.022376779463895602 1623022.6178362356
0.022570870164337897 1644184.8923692787
0.022764960864780193 1665438.3526101138
0.0229606168128067 1686955.1081178193
0.023154707513248995 1708390.503628505
0.02334879821369129 1729915.9278798343
0.023542888914133586 1751531.0058951029
0.023738544862160094 1773410.7644363143
0.02393263556260239 1795204.7591445355
0.024126726263044684 1817087.307293233
0.024322382211071192 1839235.592928946
0.024516472911513487 1861294.888491054
0.024710563611955783 1883441.6767138438
0.02490621955998229 1905855.272556671
0.025100310260424585 1928176.7159535098
0.02529440096086688 1950584.6284617002
0.025490056908893388 1973260.4305398755
0.025684147609335684 1995840.9785681595
0.02587823830977798 2018507.0072608425
0.026072329010220274 2041258.1954511034
0.02626798495824678 2064278.7311050256
0.026462075658689077 2087199.9695052044
0.026656166359131372 2110205.4227059376
0.02685182230715788 2133481.3283075546
0.027045913007600175 2156654.965965809
0.02724000370804247 2179911.9044854045
0.027435659656068978 2203440.4084918653
0.027629750356511273 2226863.7258122033
0.02782384105695357 2250369.459178851
0.028019497004980076 2274147.8783746166
0.02821358770542237 2297818.2418224267
0.028407678405864667 2321570.164111016
0.028601769106306962 2345403.366141021
0.02879742505433347 2369510.7566702007
0.028991515754775765 2393506.3421648783
0.02918560645521806 2417582.384814829
0.029381262403244568 2441933.750190525
0.029575353103686863 2466170.549352531
0.02976944380412916 2490487.0075635477
0.029965099752155666 2515079.9275356904
0.03015919045259796 2539555.5632493966
0.030353281153040257 2564110.083195136
0.030547371853482552 2588743.2347575896
0.03074302780150906 2613654.372216188
0.030937118501951355 2638444.6678824006
0.03113120920239365 2663312.8496661205
0.03132686515042016 2688460.1653409293
0.03152095585086245 2713484.0153306318
0.03171504655130475 2738585.0267485133
0.031910702499331256 2763966.3230403545
0.03210479319977355 2789221.5675858404
0.03229888390021585 2814553.2687295787
0.032494539848242354 2840166.4082661103
0.03268863054868465 2865650.946430892
0.032882721249126945 2891211.255332612
0.03307681194956924 2916847.1110194637
0.03327246789759575 2942765.945322075
0.03346655859803804 2968552.8353859116
0.03366064929848034 2994414.610358117
0.033856305246506846 3020560.521823209
0.03405039594694914 3046572.0194135127
0.03424448664739144 3072657.7571325586
0.034440142595417944 3099028.790498514
0.03463423329586024 3125262.9726726157
0.034828323996302535 3151570.766569346
0.03502397994432904 3178165.0162290814
0.03521807064477134 3204620.0086036525
0.03541216134521363 3231147.9999867994
0.03560625204565593 3257748.79005182
0.035801907993682436 3284637.5826620874
0.03599599869412473 3311383.9587473376
0.03619008939456703 3338202.540717209
0.036385745342593534 3365310.286503799
0.03657983604303583 3392273.2785546165
0.036773926743478125 3419307.897942344
0.03696958269150463 3446632.842498415
0.03716367339194693 3473810.7240705984
0.03735776409238922 3501059.6681196396
0.03755185479283152 3528379.4898028276
0.037747510740858026 3555991.183829837
0.03794160144130032 3583452.7798856036
0.038135692141742616 3610984.7061327277
0.038331348089769124 3638809.665430206
0.03852543879021142 3666482.2793991757
0.038719529490653715 3694224.6886088895
0.03891518543868022 3722261.290981046
0.03910927613912252 3750143.325871514
0.03930336683956481 3778094.6330762985
0.03949902278759132 3806341.292791285
0.039693113488033616 3834431.18733027
0.03988720418847591 3862589.8428375255
0.040081294888918206 3890817.0918129846
0.040276950836944714 3919341.236602775
0.04047104153738701 3947705.7247054554
0.040665132237829305 3976138.309709613
0.04086078818585581 4004868.9475038024
0.04105487888629811 4033437.785256077
0.0412489695867404 4062074.233973666
0.04144462553476691 4091009.891214693
0.041638716235209206 4119781.62726849
0.0418328069356515 4148620.4986080294
0.04202846288367801 4177759.7328416826
0.042222553584120304 4206732.94634026
0.0424166442845626 4235772.829345796
0.042610734985004894 4264879.229148946
0.0428063909330314 4294287.527667186
0.0430004816334737 4323527.040482403
0.04319457233391599 4352832.616985029
0.0433902282819425 4382441.242977339
0.043584318982384795 4411879.031858846
0.04377840968282709 4441382.440452915
0.0439740656308536 4471190.047610003
0.044168156331295894 4500824.785986837
0.04436224703173819 4530524.7089338405
0.044556337732180484 4560289.673698453
0.04475199368020699 4590360.365307433
0.04494608438064929 4620255.510855234
0.04514017508109158 4650215.274400117
0.04533583102911809 4680481.909575255
0.045529921729560385 4710571.0111150555
0.04572401243000268 4740724.315009905
0.04591966837802919 4771185.6333610285
0.046113759078471483 4801467.4486221215
0.04630784977891378 4831813.058515033
0.046503505726940286 4862467.823665619
0.04669759642738258 4892941.133945797
0.04689168712782488 4923477.83880507
0.04708577782826717 4954077.806907688
0.04728143377629368 4984988.447068871
0.047475524476735975 5015715.058457825
0.04766961517717827 5046504.54289055
0.04786527112520478 5077605.835237855
0.04805936182564707 5108521.186620835
0.04825345252608937 5139499.027980196
0.048449108474115876 5170789.8109053625
0.04864319917455817 5201892.756983214
0.04883728987500047 5233057.816887583
0.049032945823026974 5264536.949759533
0.04922703652346927 5295826.365832976
0.049421127223911565 5327177.526294881
0.04961521792435386 5358590.309781691
0.04981087387238037 5390318.6701952545
0.05000496457282266 5421854.833019611
0.05019905527326496 5453452.258068761
0.050394711221291466 5485366.386047116
0.05058880192173376 5517086.4722540425
0.05078289262217606 5548867.466149755
0.050978548570202564 5580966.286605001
0.05117263927064486 5612869.235875915
0.051366729971087155 5644832.744384526
0.05156082067152945 5676856.697609711
0.05175647661955596 5709199.970826822
0.05195056731999825 5741344.957672078
0.05214465802044055 5773550.048624361
0.052340313968467056 5806075.577554807
0.05253440466890935 5838401.02391378
0.05272849536935165 5870786.239464168
0.052924151317378154 5903493.0085179405
0.05311824201782045 5935997.9125365345
0.053312332718262745 5968562.256367974
0.05350798866628925 6001449.266745836
0.05370207936673155 6034132.643072918
0.05389617006717384 6066875.13522041
0.05409026076761614 6099676.6366481185
0.054285916715642646 6132802.283795505
0.05448000741608494 6165721.960203643
0.05467409811652724 6198700.328851555
0.054869754064553744 6232003.950402746
0.05506384476499604 6265099.862499834
0.055257935465438335 6298254.154852071
0.05545359141346484 6331734.804753914
0.05564768211390714 6365006.019041875
0.05584177281434943 6398335.306523221
0.05603742876237594 6431992.053650796
0.056231519462818236 6465437.65131014
0.05642561016326053 6498941.019895838
0.056619700863702827 6532502.05996287
0.056815356811729334 6566392.024173061
0.05700944751217163 6600068.5740127405
0.057203538212613925 6633802.499264284
0.05739919416064043 6667866.444769527
0.05759328486108273 6701715.289824593
0.05778737556152502 6735621.218735556
0.05798303150955153 6769858.261431178
0.058177122209993826 6803878.529125056
0.05837121291043612 6837955.593518845
0.05856686885846263 6872364.862642769
0.058760959558904924 6906555.693523432
0.05895505025934722 6940803.038238426
0.059149140959789515 6975106.803683918
0.05934479690781602 7009744.223453121
0.05953888760825832 7044161.006020707
0.05973297830870061 7078633.93200617
0.05992863425672712 7113441.5972143235
0.060122724957169416 7148026.987547969
0.06031681565761171 7182668.248036132
0.06051247160563822 7217645.33004945
0.060706562306080514 7252398.510144333
0.06090065300652281 7287207.291082044
0.061094743706965104 7322071.584191561
0.06129039965499161 7357273.13689259
0.06148449035543391 7392248.635923809
0.0616785810558762 7427279.3829344595
0.06187423700390271 7462648.465780534
0.062068327704345005 7497789.891968868
0.0622624184047873 7532986.305680727
0.06245807435281381 7568522.128875567
0.0626521650532561 7603828.702435917
0.0628462557536984 7639190.00671311
0.0630419117017249 7674891.791526365
0.0632360024021672 7710362.7435653405
0.0634300931026095 7745888.173079265
0.06362418380305179 7781467.996655861
0.0638198397510783 7817389.723855191
0.0640139304515206 7853078.523836017
0.06420802115196289 7888821.469260963
0.0644036770999894 7924907.383321701
0.0645977678004317 7960758.809317793
0.06479185850087399 7996664.135517664
0.0649875144489005 8032913.492783325
0.06518160514934279 8068926.810428266
0.06537569584978509 8104993.786339039
0.0655713517978116 8141405.853167326
0.06576544249825389 8177580.337954244
0.06595953319869619 8213808.242297982
0.06615362389913848 8250089.487545012
0.06634927984716499 8286717.231900933
0.06654337054760728 8323105.352969389
0.06673746124804958 8359546.580424243
0.06693311719607609 8396335.360847725
0.06712720789651838 8432882.996292572
0.06732129859696068 8469483.50667319
0.06751695454498718 8506432.621323675
0.06771104524542948 8543139.077953149
0.06790513594587178 8579898.181067776
0.06809922664631407 8616709.85537483
0.06829488259434058 8653871.530783584
0.06848897329478287 8690788.54533552
0.06868306399522517 8727757.906527098
0.06887871994325168 8765078.314181767
0.06907281064369397 8802152.567579921
0.06926690134413627 8839278.94591804
0.06946255729216277 8876757.413546825
0.06965664799260507 8913988.241721883
0.06985073869304737 8951270.975930423
0.07004639464107387 8988906.839731593
0.07024048534151617 9026293.586957568
0.07043457604195846 9063732.024045577
0.07062866674240076 9101222.079727624
0.07082432269042727 9139066.647232065
0.07101841339086956 9176660.142322175
0.07121250409131186 9214305.04339165
0.07140816003933836 9252305.490728263
0.07160225073978066 9290053.406890055
0.07179634144022295 9327852.519022329
0.07199199738824946 9366008.209370388
0.07218608808869176 9403909.917458497
0.07238017878913405 9441862.614061201
0.07257583473716056 9480172.918341659
0.07276992543760286 9518227.796838459
0.07296401613804515 9556333.458895661
0.07315810683848745 9594489.8369238
0.07335376278651395 9633005.190478275
0.07354785348695625 9671263.206399005
0.07374194418739854 9709571.736592557
0.07393760013542505 9748240.266012283
0.07413169083586735 9786650.03148328
0.07432578153630964 9825110.111916473
0.07452143748433615 9863931.212821972
0.07471552818477845 9902492.130664483
0.07490961888522074 9941103.166499319
0.07510370958566304 9979764.25535644
0.07529936553368954 10018787.72163967
0.07549345623413184 10057549.12498791
0.07568754693457413 10096360.387437047
0.07588320288260064 10135535.042875579
0.07607729358304294 10174446.232664455
0.07627138428348523 10213407.089869458
0.07646704023151174 10252732.353208331
0.07666113093195404 10291792.75504987
0.07685522163239633 10330902.634816717
0.07705087758042284 10370377.931453867
0.07724496828086513 10409586.977517696
0.07743905898130743 10448845.31416843
0.07763314968174972 10488152.879597072
0.07782880562977623 10527827.204918243
0.07802289633021853 10567233.439168226
0.07821698703066082 10606688.717663018
0.07841264297868733 10646511.761212625
0.07860673367912963 10686065.340051007
0.07880082437957192 10725667.78066082
0.07899648032759843 10765638.98911634
0.07919057102804072 10805339.365689637
0.07938466172848302 10845088.423582673
0.07958031767650953 10885207.249752108
0.07977440837695182 10925053.88325078
0.07996849907739412 10964949.01960213
0.08016258977783641 11004892.599909933
0.08035824572586292 11045207.277859552
0.08055233642630522 11085247.959741617
0.08074642712674751 11125336.909701513
0.08094208307477402 11165797.952272724
0.08113617377521631 11205983.652548423
0.08133026447565861 11246217.446925139
0.08152592042368512 11286824.326560203
0.08172001112412741 11327154.52377886
0.08191410182456971 11367532.642989501
0.082108192525012 11407958.627384188
0.08230384847303851 11448759.016090328
0.0824979391734808 11489280.94610372
0.0826920298739231 11529850.571629407
0.08288768582194961 11570795.588741047
0.0830817765223919 11611460.820979564
0.0832758672228342 11652173.58085028
0.0834715231708607 11693262.717297198
0.083665613871303 11734070.748541014
0.0838597045717453 11774926.141297273
0.0840553605197718 11816158.893347256
0.0842494512202141 11857109.225640923
0.0844435419206564 11898106.755057067
0.08463763262109869 11939151.427323902
0.0848332885691252 11980574.764784563
0.0850273792695675 12021713.93977835
0.08522146997000979 12062900.095491499
0.0854171259180363 12104465.893859858
0.08561121661847859 12145746.22840421
0.08580530731892089 12187073.383197954
0.0860009632669474 12228781.155874047
0.08619505396738969 12270202.16891092
0.08638914466783199 12311669.843360398
0.08658480061585849 12353519.108696656
0.08677889131630079 12395080.324052941
0.08697298201674308 12436688.0435907
0.08716707271718538 12478342.215391045
0.08736272866521189 12520379.271113917
0.08755681936565418 12562126.565948453
0.08775091006609648 12603920.157912245
0.08794656601412298 12646097.601663528
0.08814065671456528 12687984.006699704
0.08833474741500758 12729916.555275762
0.08853040336303408 12772233.921319995
0.08872449406347638 12814258.976081312
0.08891858476391867 12856330.022311656
0.08911267546436097 12898447.009788657
0.08930833141238748 12940950.098070716
0.08950242211282977 12983159.187515203
0.08969651281327207 13025414.068120288
0.08989216876129857 13068056.01016101
0.09008625946174087 13110402.6928237
0.09028035016218316 13152795.018022338
0.09047600611020967 13195575.36314111
0.09067009681065197 13238059.193398302
0.09086418751109426 13280588.519004636
0.09105984345912077 13323506.82088091
0.09125393415956307 13366127.35741079
0.09144802486000536 13408793.243517818
0.09164211556044766 13451504.431051051
0.09183777150847416 13494605.865835143
0.09203186220891646 13537407.876746455
0.09222595290935875 13580255.04516222
0.09242160885738526 13623493.41224373
0.09261569955782756 13666431.116406769
0.09280979025826985 13709413.835515555
0.09300544620629636 13752788.702608027
0.09319953690673866 13795861.672548812
0.09339362760718095 13838979.516218314
0.09358928355520746 13882490.455103725
0.09378337425564975 13925698.26736301
0.09397746495609205 13968950.81345474
0.09417155565653434 14012248.047160823
0.09436721160456085 14055939.634990908
0.09456130230500315 14099326.465298202
0.09475539300544544 14142757.84505169
