# u f
0.00019484583652706888 2280.7590088517773
0.00038969167305413777 6450.960645645603
0.0005845375095812066 11851.17144945514
0.0007793833461082755 18246.072070814218
0.0009730554125357838 25453.59107931155
0.0011679012490628526 33469.70527006509
0.0013627470855899215 42185.73269997487
0.0015575929221169904 51549.404327088756
0.0017512649885444986 61456.87902339497
0.0019461108250715675 71993.62743092244
0.0021409566615986364 83071.97158623485
0.0023358024981257053 94666.62224311262
0.0025294745645532135 106681.27036849839
0.0027243204010802824 119242.19931313749
0.0029191662376073513 132260.73895334863
0.00311401207413442 145721.3351974613
0.0033076841405619284 159524.99881725165
0.0035025299770889973 173826.30363201548
0.003697375813616066 188531.14173422012
0.003892221650143135 203628.7286344924
0.004087067486670204 219109.10106470215
0.004280739553097712 234866.4112789638
0.004475585389624781 251083.0958327989
0.00467043122615185 267656.7348153541
0.004865277062678919 284579.79962411436
0.005058949129106427 301740.1988126428
0.005253794965633496 319339.3108294022
0.005448640802160565 337267.8709516696
0.005643486638687634 355519.93299287104
0.005837158705115142 373977.0536758387
0.006032004541642211 392857.63099632383
0.00622685037816928 412045.66485094285
0.0064216962146963485 431536.3054451331
0.006615368281123857 451204.8337298185
0.006810214117650926 471285.2564323555
0.0070050599541779945 491655.03218715976
0.007199905790705063 512310.1076344581
0.007394751627232132 533246.5951404365
0.0075884236936596405 554332.1414826941
0.007783269530186709 575818.7584458906
0.007978115366713778 597576.034242698
0.008172961203240847 619600.6428498264
0.008366633269668355 641754.3238866951
0.008561479106195424 664302.5283532157
0.008756324942722493 687108.7959064601
0.008951170779249562 710170.2388187356
0.00914484284567707 733342.8692735343
0.00933968868220414 756904.8777846997
0.009534534518731208 780713.9630243629
0.009729380355258277 804767.5870865352
0.009923052421685785 828916.2090865349
0.010117898258212854 853450.1629479871
0.010312744094739923 878221.5006438649
0.010507589931266992 903227.9687476357
0.01070243576779406 928467.3768153293
0.010896107834221569 953783.4725900256
0.011090953670748638 979481.0551267867
0.011285799507275707 1005405.3682753732
0.011480645343802776 1031554.4461490115
0.011674317410230284 1057766.842649404
0.011869163246757353 1084358.425559999
0.012064009083284422 1111169.1796735318
0.01225885491981149 1138197.3277505962
0.012452526986238999 1165276.3735046454
0.012647372822766068 1192732.862349982
0.012842218659293136 1220401.6719795999
0.013037064495820205 1248281.1854470698
0.013230736562247714 1276199.9905380132
0.013425582398774782 1304494.9591456987
0.013620428235301851 1332996.0027862382
0.01381527407182892 1361701.6420794297
0.014010119908355989 1390610.4290561238
0.014203791974783497 1419544.9803187712
0.014398637811310566 1448854.6361941202
0.014593483647837635 1478363.2817223945
0.014788329484364704 1508069.5839680585
0.014982001550792212 1537791.514675841
0.015176847387319281 1567888.0650882944
0.01537169322384635 1598178.436093764
0.015566539060373419 1628661.3953260314
0.015760211126800927 1659150.3778631159
0.015955056963327996 1690013.7663533508
0.016149902799855065 1721066.1893537128
0.016344748636382134 1752306.50302716
0.016538420702809642 1783543.7073297414
0.01673326653933671 1815155.3371042802
0.01692811237586378 1846951.553212374
0.01712295821239085 1878931.2902317103
0.017317804048917917 1911093.500978612
0.017511476115345426 1943241.7734943973
0.017706321951872495 1975764.7766044347
0.017901167788399563 2008467.2222247743
0.018096013624926632 2041348.131080336
0.01828968569135414 2074206.8631924638
0.01848453152788121 2107440.7629521666
0.01867937736440828 2140850.2871789443
0.018874223200935347 2174434.517471137
0.019067895267362855 2207988.6694785715
0.019262741103889924 2241918.574369486
0.019457586940416993 2276020.519469188
0.019652432776944062 2310293.6411939817
0.01984610484337157 2344529.0899221394
0.02004095067989864 2379141.006806166
0.020235796516425708 2413921.590501142
0.020430642352952777 2448870.0269969
0.020625488189479846 2483985.5139564113
0.020819160255907354 2519054.223590283
0.021014006092434423 2554500.455233248
0.021208851928961492 2590111.402249271
0.02140369776548856 2625886.3062559315
0.02159736983191607 2661607.4374354044
0.021792215668443138 2697707.045008243
0.021987061504970207 2733968.4001281713
0.022181907341497276 2770390.7844956215
0.022375579407924784 2806752.6329695135
0.022570425244451853 2843493.999172964
0.02276527108097892 2880394.299949456
0.02296011691750599 2917452.853671713
0.0231537889839335 2954444.323378246
0.023348634820460568 2991816.4294067095
0.023543480656987636 3029344.7988718357
0.023738326493514705 3067028.783800973
0.023933172330041774 3104867.744216064
0.024126844396469282 3142631.711804179
0.02432169023299635 3180777.810262038
0.02451653606952342 3219077.0143260043
0.02471138190605049 3257528.7143672546
0.024905053972477997 3295899.3026464116
0.025099899809005066 3334653.2848463072
0.025294745645532135 3373557.980446853
0.025489591482059204 3412612.8078433084
0.025683263548486712 3451580.5744985617
0.02587810938501378 3490933.051440394
0.02607295522154085 3530433.958316165
0.02626780105806792 3570082.739462037
0.026461473124495427 3609638.669838548
0.026656318961022496 3649580.674585477
0.026851164797549565 3689668.9265423673
0.027046010634076634 3729902.894113639
0.027239682700504142 3770038.369876816
0.02743452853703121 3810561.326850308
0.02762937437355828 3851228.441856197
0.02782422021008535 3892039.205678455
0.028019066046612418 3932993.114459434
0.028212738113039926 3973841.6739122253
0.028407583949566995 4015079.527130909
0.028602429786094064 4056459.0478903884
0.028797275622621132 4097979.752825722
0.02899094768904864 4139389.7708183015
0.02918579352557571 4181190.570221314
0.02938063936210278 4223131.135672032
0.029575485198629847 4265211.002945791
0.029769157265057355 4307174.9680657955
0.029964003101584424 4349531.232313678
0.030158848938111493 4392025.435683952
0.030353694774638562 4434657.131861553
0.03054736684106607 4477167.8263382185
0.03074221267759314 4520072.364666704
0.030937058514120208 4563113.085010384
0.031131904350647277 4606289.557841107
0.031326750187174346 4649601.3576695705
0.031520422253601854 4692785.932780927
0.03171526809012892 4736366.317053765
0.03191011392665599 4780080.777948288
0.03210495976318306 4823928.905492314
0.03229863182961057 4867644.947165443
0.03249347766613764 4911758.393836631
0.03268832350266471 4956004.301836206
0.032883169339191776 5000382.275788354
0.033076841405619284 5044623.399981821
0.03327168724214635 5089263.544015661
0.03346653307867342 5134034.591093561
0.03366137891520049 5178936.15959004
0.033855050981628 5223696.206938876
0.03404989681815507 5268856.906002719
0.034244742654682137 5314147.003558882
0.034439588491209205 5359566.130953271
0.034634434327736274 5405113.922664832
0.03482810639416378 5450514.475664303
0.03502295223069085 5496317.742091445
0.03521779806721792 5542248.596771823
0.03541264390374499 5588306.686266079
0.0356063159701725 5634213.05813615
0.035801161806699566 5680523.80735049
0.035996007643226635 5726960.750496472
0.036190853479753704 5773523.545565226
0.03638452554618121 5819930.223345839
0.03657937138270828 5866742.954188274
0.03677421721923535 5913680.5293767275
0.03696906305576242 5960742.617729713
0.03716273512218993 6007644.264884351
0.037357580958716996 6054953.651308962
0.037552426795244065 6102386.574887774
0.037747272631771134 6149942.714707205
0.0379421184682982 6197621.752341675
0.03813579053472571 6245135.043885441
0.03833063637125278 6293058.196043867
0.03852548220777985 6341103.307218963
0.03872032804430692 6389270.068608863
0.038914000110734426 6437266.918860908
0.039108845947261495 6485675.335333
0.039303691783788564 6534204.491312834
0.03949853762031563 6582854.087147074
0.03969220968674314 6631329.672692279
0.03988705552327021 6680218.53703685
0.04008190135979728 6729226.957246519
0.04027674719632435 6778354.642373511
0.040470419262751856 6827304.281318846
0.040665265099278924 6876668.917725432
0.04086011093580599 6926151.96049646
0.04105495677233306 6975753.126976205
0.04124980260886013 7025472.136523566
0.04144347467528764 7075008.138738227
0.04163832051181471 7124961.29470921
0.04183316634834178 7175031.465325337
0.042028012184868846 7225218.37775821
0.042221684251296354 7275218.380483048
0.04241653008782342 7325637.266431078
0.04261137592435049 7376172.0886244215
0.04280622176087756 7426822.5816915
0.04299989382730507 7477282.318401131
0.04319473966383214 7528162.671468496
0.04338958550035921 7579157.91165764
0.043584431336886276 7630267.780720205
0.043778103403313784 7681183.100462059
0.04397294923984085 7732520.77274626
0.04416779507636792 7783972.311003873
0.04436264091289499 7835537.463796695
0.04455748674942206 7887215.981344879
0.04475115881584957 7938695.279543759
0.04494600465237664 7990599.104600572
0.045140850488903705 8042615.556313831
0.045335696325430774 8094744.391348847
0.04552936839185828 8146670.328000879
0.04572421422838535 8199022.532551821
0.04591906006491242 8251486.401209201
0.04611390590143949 8304061.696810995
0.046307577967867 8356430.462795435
0.046502423804394066 8409227.23908484
0.046697269640921135 8462134.741195232
0.046892115477448204 8515152.737880636
0.04708578754387571 8567960.61990317
0.04728063338040278 8621198.255568054
0.04747547921692985 8674545.702030418
0.04767032505345692 8728002.733718395
0.04786517088998399 8781569.126444524
0.048058842956411496 8834920.984511776
0.048253688792938565 8888704.776754493
0.048448534629465634 8942597.26696148
0.0486433804659927 8996598.236335937
0.04883705253242021 9050381.184479553
0.04903189836894728 9104597.810817279
0.04922674420547435 9158922.269066047
0.04942159004200142 9213354.345607083
0.049615262108428926 9267564.955844603
0.049810107944955995 9322210.988037163
0.050004953781483064 9376964.006463991
0.05019979961801013 9431823.80248328
0.05039347168443764 9486458.727331463
0.05058831752096471 9541530.817330552
0.05078316335749178 9596709.067476891
0.05097800919401885 9651993.273915336
0.051171681260446356 9707049.243288036
0.051366527096973424 9762544.12015877
0.05156137293350049 9818144.349934673
0.05175621877002756 9873849.733366998
0.05195106460655463 9929660.072333228
0.05214473667298214 9985238.018643271
0.05233958250950921 10041257.049450958
0.05253442834603628 10097380.449247645
0.052729274182563346 10153608.024304906
0.052922946248990854 10209599.924304105
0.05311779208551792 10266034.648310943
0.05331263792204499 10322572.973947061
0.05350748375857206 10379214.711718071
0.05370115582499957 10435617.527380213
0.05389600166152664 10492464.90493131
0.05409084749805371 10549415.133432616
0.054285693334580776 10606468.027471762
0.054479365401008284 10663278.786693497
0.05467421123753535 10720535.843854832
0.05486905707406242 10777895.017372243
0.05506390291058949 10835356.125770902
0.05525874874711656 10892918.988540074
0.05545242081354407 10950235.746245295
0.05564726665007114 11008000.969749577
0.055842112486598205 11065867.412859693
0.056036958323125274 11123834.898831673
0.05623063038955278 11181553.140851036
0.05642547622607985 11239721.579940142
0.05662032206260692 11297990.538208654
0.05681516789913399 11356359.84255017
0.0570088399655615 11414476.795407789
0.057203685802088566 11473045.67421987
0.057398531638615635 11531714.386127159
0.057593377475142704 11590482.761537725
0.05778704954157021 11648995.708453763
0.05798189537809728 11707962.307679398
0.05817674121462435 11767028.06777539
0.05837158705115142 11826192.822546955
0.05856643288767849 11885456.406632153
0.058760104954105996 11944460.756519534
0.058954950790633065 12003920.913551617
0.059149796627160134 12063479.409718586
0.0593446424636872 12123136.08291651
0.05953831453011471 12182530.510705099
0.05973316036664178 12242382.465832407
0.05992800620316885 12302332.117406728
0.06012285203969592 12362379.306476554
0.060316524106123426 12422161.266956018
0.060511369942650495 12482402.472044982
0.060706215779177564 12542740.743331337
0.06090106161570463 12603175.92491512
0.06109473368213214 12663342.922055958
0.06128957951865921 12723970.878052503
0.06148442535518628 12784695.282038959
0.06167927119171335 12845515.981070507
0.061874117028240416 12906432.822927637
0.062067789094667924 12967077.821834244
0.06226263493119499 13028185.91865411
0.06245748076772206 13089389.706838023
0.06265232660424913 13150689.037006969
0.06284599867067664 13211713.627444062
0.06304084450720371 13273203.022904927
0.06323569034373078 13334787.517261857
0.06343053618025785 13396466.963889083
0.06362420824668535 13457868.79923153
0.06381905408321242 13519737.143407756
0.06401389991973949 13581700.004882254
0.06420874575626656 13643757.239698943
0.06440241782269407 13705534.016311258
0.06459726365922114 13767779.002196474
0.0647921094957482 13830117.934323968
0.06498695533227528 13892550.67132731
0.06518180116880234 13955077.072476324
0.06537547323522985 14017319.489483187
0.06557031907175692 14080032.237112934
0.06576516490828399 14142838.231302604
0.06596001074481106 14205737.333816228
0.06615368281123857 14268349.658637932
0.06634852864776564 14331434.006708931
0.0665433744842927 14394611.05287582
0.06673822032081977 14457880.66132404
0.06693189238724728 14520860.72137565
0.06712673822377435 14584314.493742757
0.06732158406030142 14647860.425307237
0.06751642989682849 14711498.382606065
0.067710101963256 14774844.043139704
0.06790494779978307 14838665.101447271
0.06809979363631014 14902577.789344378
0.0682946394728372 14966581.97565243
0.06848948530936427 15030677.52975463
0.06868315737579178 15094477.381272271
0.06887800321231885 15158754.732881408
0.06907284904884592 15223123.064540412
0.06926769488537299 15287582.247836744
0.0694613669518005 15351743.028673729
0.06965621278832757 15416382.98679067
0.06985105862485463 15481113.415307673
0.0700459044613817 15545934.187955178
0.07023957652780921 15610453.879068675
0.07043442236433628 15675454.420917679
0.07062926820086335 15740544.931986937
0.07082411403739042 15805725.288090903
0.07101778610381793 15870601.903947374
0.071212631940345 15935961.040231472
0.07140747777687206 16001409.652793964
0.07160232361339913 16066947.61947663
0.0717971694499262 16132574.818620205
0.07199084151635371 16197894.981122585
0.07218568735288078 16263699.74646139
0.07238053318940785 16329593.382965975
0.07257537902593492 16395575.770936498
0.07276905109236242 16461248.507841524
0.0729638969288895 16527407.508711254
0.07315874276541656 16593654.90553971
0.07335358860194363 16659990.580534415
0.07354726066837114 16726014.009070884
0.07374210650489821 16792525.35885961
0.07393695234142528 16859124.636942387
0.07413179817795235 16925811.727384
0.07432547024437985 16992183.994624782
0.07452031608090692 17059045.836546846
0.07471516191743399 17125995.14644325
0.07491000775396106 17193031.81018773
0.07510485359048813 17260155.71409958
0.07529852565691564 17326961.598587885
0.0754933714934427 17394259.11971552
0.07568821732996978 17461643.54328859
0.07588306316649684 17529114.757377405
0.07607673523292435 17596265.415936597
0.07627158106945142 17663909.355828572
0.07646642690597849 17731639.753689703
0.07666127274250556 17799456.4992968
0.07685494480893307 17866950.170759194
0.07704979064546014 17934938.764347848
0.0772446364819872 18003013.378180392
0.07743948231851427 18071173.903697208
0.07763315438494178 18139008.85361161
0.07782800022146885 18207340.362537522
0.07802284605799592 18275757.460563872
0.07821769189452299 18344260.0407532
0.0784113639609505 18412434.560716193
0.07860620979747757 18481107.272661317
0.07880105563400464 18549865.148981947
0.0789959014705317 18618708.084322773
0.07919074730705877 18687635.97371851
0.07938441937348628 18756232.719377115
0.07957926521001335 18825329.693332423
0.07977411104654042 18894511.309387337
0.07996895688306749 18963777.46411063
0.080162628949495 19032710.02722117
0.08035747478602207 19102144.442775156
0.08055232062254913 19171663.089579333
0.0807471664590762 19241265.86569953
0.08094083852550371 19310532.618178017
0.08113568436203078 19380302.843322814
0.08133053019855785 19450156.894793637
0.08152537603508492 19520094.67211759
0.08171904810151243 19589694.009332377
0.0819138939380395 19659798.43551275
0.08210873977456656 19729986.288879164
0.08230358561109363 19800257.470385425
0.0824984314476207 19870611.88133726
0.08269210351404821 19940624.852156457
0.08288694935057528 20011144.927407257
0.08308179518710235 20081747.938698933
0.08327664102362942 20152433.788722266
0.08347031309005692 20222775.816163354
0.083665158926584 20293626.55551355
0.08386000476311106 20364559.844289124
0.08405485059963813 20435575.5865338
0.08424852266606564 20506245.138435725
0.08444336850259271 20577425.0058103
0.08463821433911978 20648687.041351587
0.08483306017564685 20720031.150425192
0.08502673224207435 20791026.71583192
0.08522157807860142 20862534.196366187
0.08541642391512849 20934123.46904276
0.08561126975165556 21005794.440519053
0.08580611558818263 21077547.01777135
0.08599978765461014 21148948.12875084
0.08619463349113721 21220863.14954024
0.08638947932766428 21292859.499483235
0.08658432516419134 21364937.086811624
0.08677799723061885 21436660.886141438
0.08697284306714592 21508900.186164565
0.08716768890367299 21581220.45066755
0.08736253474020006 21653621.589109756
0.08755620680662757 21725666.631488927
0.08775105264315464 21798228.761559878
0.0879458984796817 21870871.49629889
0.08814074431620877 21943594.74636575
0.08833441638263628 22015959.60574131
0.08852926221916335 22088843.13593127
0.08872410805569042 22161806.91573234
0.08891895389221749 22234850.856978428
0.08911379972874456 22307974.871793393
0.08930747179517207 22380737.645336438
0.08950231763169914 22454021.06375611
0.0896971634682262 22527384.29436351
0.08989200930475327 22600827.250424877
0.09008568137118078 22673906.700029567
0.09028052720770785 22747508.36894818
0.09047537304423492 22821189.50532288
0.09067021888076199 22894950.023537748
0.0908638909471895 22968344.782855395
0.09105873678371657 23042263.332082625
0.09125358262024363 23116261.008463055
0.0914484284567707 23190337.727474775
0.09164210052319821 23264046.44769152
0.09183694635972528 23338280.52458372
0.09203179219625235 23412593.392660934
0.09222663803277942 23486984.96847219
0.09242148386930649 23561455.168831103
0.092615155935734 23635554.587025966
0.09281000177226106 23710181.315575104
0.09300484760878813 23784886.421182074
0.0931996934453152 23859669.821703482
0.09339336551174271 23934080.22767839
0.09358821134826978 24009019.502200894
0.09378305718479685 24084036.827238135
0.09397790302132392 24159132.121668097
0.09417157508775142 24233852.221091308
0.0943664209242785 24309102.74346758
0.09456126676080556 24384430.993863218
0.09475611259733263 24459836.89215659
