# u f
0.00019798989873365258 147.74432759192146
0.00039103004999896385 410.0732741404361
0.0005840702012642751 748.5896871131187
0.0007820600999979277 1159.86237171229
0.000975100251263239 1614.8053071678696
0.0011681404025285502 2117.3313763360084
0.0013661303012622028 2677.838935917918
0.001559170452527514 3265.0261167525473
0.0017522106037928253 3889.786116306031
0.001950200502526478 4567.359131977706
0.002143240653791789 5262.022168057929
0.0023362808050571005 5988.717496904949
0.002534270703790753 6765.90304840774
0.0027273108550560643 7553.499888140645
0.0029203510063213756 8369.487138201157
0.003113391157586687 9212.909329667382
0.0033113810563203394 10105.551170025907
0.0035044212075856507 11001.976560821116
0.003697461358850962 11923.444418298057
0.0038954512575846145 12893.859316925227
0.004088491408849926 13864.075022902758
0.004281531560115237 14857.474379785754
0.00447952145884889 15899.874546108718
0.004672561610114201 16938.651010688067
0.004865601761379512 17999.113086033598
0.005063591660113165 19108.838035315857
0.005256631811378476 20211.921552054202
0.005449671962643787 21335.450000589706
0.0056427121139090985 22479.057894645895
0.005840702012642751 23672.48444190252
0.006033742163908062 24855.722250528448
0.006226782315173374 26058.042645858466
0.006424772213907026 27310.702254921376
0.0066178123651723375 28550.777513143028
0.006810852516437649 29809.073624325225
0.007008842415171301 31118.28893044825
0.007201882566436613 32412.70815396813
0.007394922717701924 33724.59361311779
0.0075929126164355765 35088.02051520862
0.007785952767700888 36434.59218272221
0.007978992918966199 37797.96208448016
0.00817203307023151 39177.925741396146
0.008370022968965163 40610.30397157621
0.008563063120230474 42023.2835410076
0.008756103271495785 43452.28088034979
0.008954093170229438 44934.37228247249
0.00914713332149475 46395.27776586987
0.00934017347276006 47871.6811335277
0.009538163371493713 49401.87140086129
0.009731203522759024 50909.17967391153
0.009924243674024336 52431.51349190944
0.010122233572757988 54008.33606253708
0.0103152737240233 55560.66060605291
0.01050831387528861 57127.579069387444
0.010701354026553922 58708.956772841644
0.010899343925287575 60345.76550033405
0.011092384076552886 61956.03460114732
0.011285424227818197 63580.37708795643
0.01148341412655185 65260.862043873145
0.011676454277817161 66913.34489979215
0.011869494429082472 68579.54461726405
0.012067484327816125 70302.59901855208
0.012260524479081436 71996.2437630392
0.012453564630346747 73703.27463733905
0.0126515545290804 75467.87180715281
0.012844594680345711 77201.70149382546
0.013037634831611022 78948.60940404078
0.013235624730344675 80753.79355076732
0.013428664881609986 82526.89766046443
0.013621705032875298 84312.79240259768
0.013814745184140609 86111.38681786129
0.014012735082874261 87969.19805739955
0.014205775234139573 89793.24651141728
0.014398815385404884 91629.7308124394
0.014596805284138537 93526.13506856412
0.014789845435403848 95387.55534638446
0.014982885586669159 97261.16343304951
0.015180875485402812 99195.39081319563
0.015373915636668123 101093.44721365313
0.015566955787933434 103003.45765839143
0.015764945686667087 104974.78258676152
0.015957985837932398 106908.78121987174
0.01615102598919771 108854.51308778622
0.01634406614046302 110811.90785825683
0.016542056039196673 112831.53518061189
0.016735096190461984 114812.34437748075
0.016928136341727296 116804.61113942691
0.017126126240460948 118859.79503828603
0.01731916639172626 120875.07110370026
0.01751220654299157 122901.60987407163
0.017710196441725223 124991.74555555827
0.017903236592990535 127040.90883377293
0.018096276744255846 129101.14957242644
0.0182942666429895 131225.66209312016
0.01848730679425481 133308.16122627445
0.01868034694552012 135401.5614252702
0.018873387096785432 137505.8062172552
0.019071376995519085 139675.21301254796
0.019264417146784396 141801.25554872208
0.019457457298049707 143937.97701185526
0.01965544719678336 146140.52373705147
0.01984848734804867 148298.7149520125
0.020041527499313982 150467.4267955281
0.020239517398047635 152702.62215419047
0.020432557549312946 154892.49013167789
0.020625597700578258 157092.72727654182
0.02082358759931191 159360.1011956752
0.02101662775057722 161581.19421093818
0.021209667901842533 163812.51129119017
0.021402708053107844 166054.00580185684
0.021600697951841497 168363.49855553353
0.021793738103106808 170625.46856380673
0.02198677825437212 172897.478696464
0.02218476815310577 175238.12880759858
0.022377808304371083 177530.3418674586
0.022570848455636394 179832.46315716716
0.022768838354370047 182203.8612876767
0.022961878505635358 184525.92353791004
0.02315491865690067 186857.76718857582
0.023352908555634322 189259.51972206926
0.023545948706899633 191611.05230012749
0.023738988858164944 193972.2441982112
0.023932029009430256 196343.05606178264
0.024130018908163908 198784.61037219487
0.02432305905942922 201174.79018520997
0.02451609921069453 203574.4737577761
0.024714089109428183 206045.52081621665
0.024907129260693495 208464.34116686773
0.025100169411958806 210892.55318311622
0.02529815931069246 213392.74510976707
0.02549119946195777 215839.87081775992
0.02568423961322308 218296.27997245477
0.025882229511956734 220825.280914825
0.026075269663222045 223300.3882993811
0.026268309814487356 225784.67456855866
0.02646629971322101 228342.16002401302
0.02665933986448632 230844.9362609789
0.02685238001575163 233356.79027588665
0.027045420167016943 235877.6893796556
0.027243410065750595 238472.5889946018
0.027436450217015906 241011.71146322513
0.027629490368281218 243559.7822251504
0.02782748026701487 246182.45072939483
0.02802052041828018 248748.55190101932
0.028213560569545493 251323.50761290762
0.028411550468279145 253973.65405191382
0.028604590619544457 256566.4532206923
0.028797630770809768 259168.01606309533
0.02899562066954342 261845.35844073517
0.02918866082080873 264464.5834846805
0.029381700972074043 267092.48407687823
0.029574741123339354 269729.03167052654
0.029772731022073007 272442.13585716067
0.029965771173338318 275096.11283840955
0.03015881132460363 277758.6521351182
0.030356801223337282 280498.32736653136
0.030549841374602593 283178.1270058393
0.030742881525867904 285866.4067150332
0.030940871424601557 288632.39775166265
0.03113391157586687 291337.77358364
0.03132695172713218 294051.54956534307
0.03152494162586583 296843.60838476225
0.03171798177713114 299574.32086934947
0.031911021928396455 302313.3558013595
0.032104062079661766 305060.68796978
0.03230205197839542 307887.0574685337
0.03249509212966073 310651.12053488975
0.03268813228092604 313423.40593116917
0.032886122179659694 316275.29137239105
0.033079162330925005 319064.1579714133
0.033272202482190316 321861.1739866697
0.03347019238092397 324738.3490929673
0.03366323253218928 327551.8005633161
0.03385627268345459 330373.33044218604
0.034054262582188244 333275.57485143613
0.034247302733453555 336113.39821478527
0.034440342884718866 338959.23080330197
0.03463338303598418 341813.050139178
0.03483137293471783 344748.31753438065
0.03502441308598314 347618.2470427983
0.03521745323724845 350496.09642423893
0.035415443135982105 353455.94113166956
0.03560848328724742 356349.76691111416
0.03580152343851273 359251.447341453
0.03599951333724638 362235.66695464036
0.03619255348851169 365153.19328656595
0.036385593639777 368078.5106325338
0.036583583538510656 371086.9076649035
0.03677662368977597 374027.94356242736
0.03696966384104128 376976.7083592219
0.03716270399230659 379933.18185019627
0.03736069389104024 382973.4490682216
0.03755373404230555 385945.47633534373
0.037746774193570864 388925.1521149778
0.03794476409230452 391989.1545228111
0.03813780424356983 394984.2635899141
0.03833084439483514 397986.9623757235
0.03852883429356879 401074.51751707174
0.0387218744448341 404092.53185913473
0.038914914596099415 407118.078461425
0.03911290449483307 410229.00802412606
0.03930594464609838 413269.7551053194
0.03949898479736369 416317.9782737935
0.03969697469609734 419452.10793527553
0.039890014847362654 422515.41906093684
0.040083054998627965 425586.1513392333
0.040276095149893276 428664.2868783431
0.04047408504862693 431829.02079611213
0.04066712519989224 434922.0983837533
0.04086016535115755 438022.52587600314
0.041058155249891204 441210.0683080548
0.041251195401156515 444325.3309293266
0.041444235552421826 447447.8912362579
0.04164222545115548 450658.080131007
0.04183526560242079 453795.3709103301
0.0420283057536861 456939.9082537845
0.042226295652419754 460172.5849654095
0.042419335803685065 463331.7503087938
0.04261237595495038 466498.1121542944
0.04280541610621569 469671.65418273315
0.04300340600494934 472934.010807293
0.04319644615621465 476122.0477530135
0.04338948630747996 479317.2161736731
0.043587476206213616 482601.70345839934
0.04378051635747893 485811.2691293828
0.04397355650874424 489027.9185453053
0.04417154640747789 492334.3883696897
0.0443645865587432 495565.3393170013
0.04455762671000851 498803.32722495444
0.044755616608742166 502131.6344033841
0.04494865676000748 505383.83000790596
0.04514169691127279 508643.01670365146
0.0453347370625381 511909.17952648026
0.04553272696127175 515266.3212703461
0.045725767112537063 518546.56975819456
0.045918807263802375 521833.7496755547
0.04611679716253603 525212.4012792722
0.04630983731380134 528513.5771856764
0.04650287746506665 531821.64067232
0.0467008673638003 535221.6660588107
0.046893907515065614 538543.6375497705
0.047086947666330925 541872.4535934988
0.04728493756506458 545293.7192360486
0.04747797771632989 548636.3569381124
0.0476710178675952 551985.796961922
0.04786405801886051 555342.025520708
0.048062047917594164 558791.3487301621
0.048255088068859475 562161.2865177261
0.048448128220124786 565537.9716314716
0.04864611811885844 569008.2333749714
0.04883915827012375 572398.5449992749
0.04903219842138906 575795.5634824254
0.049230188320122714 579286.6381783191
0.049423228471388025 582697.2019332787
0.04961626862265334 586114.4327992394
0.04981425852138699 589626.1970987124
0.0500072986726523 593056.8934336219
0.05020033882391761 596494.2178301044
0.050398328722651264 600026.5505517876
0.050591368873916576 603477.2620084401
0.05078440902518189 606934.5631554391
0.0509774491764472 610398.4414565498
0.05117543907518085 613957.9563750153
0.05136847922644616 617435.1195052796
0.05156151937771147 620918.822290826
0.051759509276445126 624498.6312820885
0.05195254942771044 627995.5435839584
0.05214558957897575 631498.9586764398
0.0523435794777094 635098.9473392088
0.05253661962897471 638615.4979017025
0.052729659780240024 642138.51500662
0.052927649678973676 645758.5708527693
0.05312068983023899 649294.6506128021
0.0533137299815043 652837.1612665616
0.05350677013276961 656386.0911608529
0.05370476003150326 660032.6753600257
0.053897800182768574 663594.5728798358
0.054090840334033885 667162.8547638743
0.05428883023276754 670829.2511249749
0.05448187038403285 674410.4305606438
0.05467491053529816 677997.9600465887
0.05487290043403181 681684.0620840882
0.055065940585297124 685284.4201716274
0.055258980736562435 688891.0945428903
0.05545697063529609 692596.7974700263
0.0556500107865614 696216.2325869758
0.05584305093782671 699841.9507540953
0.05603609108909202 703473.9411022206
0.056234080987825674 707205.5635605716
0.056427121139090985 710850.2260187035
0.0566201612903563 714501.1281120192
0.05681815118908995 718252.1135989459
0.05701119134035526 721915.622386891
0.05720423149162057 725585.3387656301
0.057402221390354224 729355.587838814
0.057595261541619536 733037.8464995152
0.05778830169288485 736726.2811953075
0.0579862915916185 740515.6959289856
0.05817933174288381 744216.6094714248
0.05837237189414912 747923.6679696431
0.05856541204541443 751636.8612543708
0.058763401944148086 755451.6267788822
0.0589564420954134 759177.2159823063
0.05914948224667871 762908.9095084415
0.05934747214541236 766742.6181509111
0.05954051229667767 770486.6463446503
0.059733552447942984 774236.7488466686
0.059931542346676636 778089.3074643961
0.06012458249794195 781851.6842820161
0.06031762264920726 785620.1058319096
0.06051561254794091 789491.4226427714
0.06070865269920622 793272.0590335707
0.060901692850471534 797058.7110084936
0.061094733001736845 800851.3690261476
0.0612927229004705 804747.5037555262
0.06148576305173581 808552.2988065265
0.06167880320300112 812363.0713055909
0.06187679310173477 816277.755427595
0.062069833253000084 820100.6074493852
0.062262873404265395 823929.4087291384
0.06246086330299905 827862.554762543
0.06265390345426436 831703.3788642652
0.06284694360552967 835550.1244289645
0.06304493350426332 839501.6461187104
0.06323797365552863 843360.3585956545
0.06343101380679395 847224.9651265607
0.0636290037055276 851194.7774153753
0.06382204385679291 855071.2957216111
0.06401508400805822 858953.6810499139
0.06420812415932353 862841.9245474596
0.06440611405805718 866835.9427727289
0.0645991542093225 870736.0258533362
0.06479219436058781 874641.9405598126
0.06499018425932146 878654.0556536802
0.06518322441058677 882571.7565398369
0.06537626456185208 886495.2628660547
0.06557425446058573 890525.3935672346
0.06576729461185105 894460.6333859359
0.06596033476311636 898401.6528084996
0.06615832466185001 902449.7189406485
0.06635136481311532 906402.419868818
0.06654440496438063 910360.8749065493
0.06673744511564594 914325.0757016508
0.0669354350143796 918396.8825957378
0.06712847516564491 922372.6967868226
0.06732151531691022 926354.2316843256
0.06751950521564387 930443.7912355848
0.06771254536690918 934436.8891154153
0.0679055855181745 938435.6829755405
0.06810357541690815 942542.9184525255
0.06829661556817346 946553.2255322112
0.06848965571943877 950569.2041839368
0.06868764561817242 954694.039841642
0.06888068576943773 958721.4825871636
0.06907372592070304 962754.5728075857
0.06926676607196836 966793.3026058807
0.06946475597070201 970941.43967847
0.06965779612196732 974991.5691727743
0.06985083627323263 979047.3145516263
0.07004882617196628 983212.878992573
0.0702418663232316 987279.9763745929
0.0704349064744969 991352.6662439735
0.07063289637323056 995535.5854459141
0.07082593652449587 999619.580219254
0.07101897667576118 1003709.1443727886
0.07121696657449483 1007909.3466283776
0.07141000672576014 1012010.1691680824
0.07160304687702546 1016116.5382648932
0.07179608702829077 1020228.4464370558
0.07199407692702442 1024451.5342831077
0.07218711707828973 1028574.6398301765
0.07238015722955504 1032703.2619985534
0.0725781471282887 1036943.4691742089
0.072771187279554 1041083.2435092374
0.07296422743081932 1045228.512282405
0.07316221732955297 1049485.7699477486
0.07335525748081828 1053642.1462225018
0.07354829763208359 1057803.995017696
0.07374628753081724 1062078.2351566467
0.07393932768208256 1066251.1473207572
0.07413236783334787 1070429.5103478297
0.07432540798461318 1074613.3171362218
0.07452339788334683 1078910.0485370622
0.07471643803461214 1083104.8607828778
0.07490947818587745 1087305.095470861
0.0751074680846111 1091618.653939975
0.07530050823587642 1095829.8511532366
0.07549354838714173 1100046.4497380415
0.07569153828587538 1104376.7698880574
0.07588457843714069 1108604.2885645423
0.076077618588406 1112837.187785682
0.07627560848713966 1117184.2049856118
0.07646864863840497 1121427.9823538046
0.07666168878967028 1125677.1196788377
0.07685967868840393 1130040.770039605
0.07705271883966924 1134300.744046716
0.07724575899093455 1138566.0576573873
0.07743879914219987 1142836.7041954962
0.07763678904093352 1147222.3873160942
0.07782982919219883 1151503.816094842
0.07802286934346414 1155790.557752965
0.0782208592421978 1160192.7279414216
0.0784138993934631 1164490.2114582413
0.07860693954472842 1168792.9880307869
0.07880492944346207 1173211.5837694444
0.07899796959472738 1177525.0622690925
0.07919100974599269 1181843.8142210748
0.07938899964472634 1186278.7746757965
0.07958203979599165 1190608.1890653253
0.07977507994725697 1194942.8575200054
0.07996812009852228 1199282.7736790706
0.08016610999725593 1203739.4143642248
0.08035915014852124 1208089.941091071
0.08055219029978655 1212445.696416688
0.0807501801985202 1216918.5626263118
0.08094322034978552 1221284.8900292634
0.08113626050105083 1225656.42713254
0.08133425039978448 1230145.4602201388
0.08152729055104979 1234527.5313261678
0.0817203307023151 1238914.7934375273
0.08191832060104876 1243419.9353879725
0.08211136075231407 1247817.6938359307
0.08230440090357938 1252220.6247940527
0.08249744105484469 1256628.7221928597
0.08269543095357834 1261155.2082420797
0.08288847110484365 1265573.7524831148
0.08308151125610896 1269997.4449300747
0.08327950115484262 1274539.9070251626
0.08347254130610793 1278974.0095722128
0.08366558145737324 1283413.2422821517
0.08386357135610689 1287971.6244311817
0.0840566115073722 1292421.2308840398
0.08424965165863751 1296875.949645138
0.08444764155737117 1301450.196440802
0.08464068170863648 1305915.2529659385
0.08483372185990179 1310385.4041297985
0.0850267620111671 1314860.6441326176
0.08522475190990075 1319455.914060097
0.08541779206116606 1323941.4445320512
0.08561083221243138 1328432.0464148547
0.08580882211116503 1333043.0540744574
0.08600186226243034 1337543.9113041088
0.08619490241369565 1342049.8226943433
0.0863928923124293 1346676.5145543243
0.08658593246369461 1351192.6465263087
0.08677897261495993 1355713.8155834505
0.08697696251369358 1360356.13865464
0.08717000266495889 1364887.49387961
0.0873630428162242 1369423.8692862177
0.08756103271495785 1374081.7711129175
0.08775407286622317 1378628.298618735
0.08794711301748848 1383179.829571712
0.08814015316875379 1387736.3584776488
0.08833814306748744 1392414.9075459389
0.08853118321875275 1396981.5437479976
0.08872422337001806 1401553.1613891202
0.08892221326875172 1406247.168985386
0.08911525342001703 1410828.8606367107
0.08930829357128234 1415415.5173758215
0.08950628347001599 1420124.9327581169
0.0896993236212813 1424721.630548217
0.08989236377254661 1429323.2772347915
0.09009035367128027 1434048.0501575898
0.09028339382254558 1438659.7052573373
0.09047643397381089 1443276.293219623
0.0906694741250762 1447897.8087792639
0.09086746402380985 1452642.9379796237
0.09106050417507516 1457274.4190169175
0.09125354432634047 1461910.8118231017
0.09145153422507413 1466671.1833481698
0.09164457437633944 1471317.5097232684
0.09183761452760475 1475968.7321903522
0.0920356044263384 1480744.2973909406
0.09222864457760371 1485405.4218227593
0.09242168472886902 1490071.4268188148
0.09261967462760268 1494862.1375086065
0.09281271477886799 1499538.0131649622
0.0930057549301333 1504218.7540046114
0.09319879508139861 1508904.3549759076
0.09339678498013226 1513715.1429434186
0.09358982513139757 1518410.5733808286
0.09378286528266289 1523110.8487607136
0.09398085518139654 1527936.6716745968
0.09417389533266185 1532646.7458966232
0.09436693548392716 1537361.650013479
0.09456492538266081 1542202.461177303
0.09475796553392613 1546927.1337967857
