# u f
0.0002034821859533409 13.68306326121563
0.0003913118960641171 36.49037440364679
0.000594794082017458 68.38229958401598
0.0007826237921282342 103.21036475541867
0.000986105978081575 145.97521735056566
0.0011739356881923513 189.60954736298135
0.0013774178741456922 240.98627827608914
0.0015652475842564684 291.9229952291743
0.0017530772943672446 346.01533001615564
0.0019565594803205855 407.97478845486285
0.0021443891904313617 468.11133469884135
0.0023478713763847026 536.2967868723039
0.0025357010864954788 601.9228472536016
0.0027391832724488197 675.8111914378039
0.002927012982559596 746.5015540961418
0.003114842692670372 819.498043398154
0.003318324878623713 901.0981494179518
0.003506154588734489 978.6791449956992
0.00370963677468783 1065.1010808557562
0.0038974664847986062 1147.0103243154456
0.004100948670751947 1237.998856009
0.004288778380862723 1324.0187964633453
0.0044766080909734995 1411.9436223874686
0.00468009027692684 1509.2983208432613
0.004867919987037617 1601.064727834506
0.0050714021729909575 1702.4949081765446
0.005259231883101734 1797.9483953570816
0.005462714069055075 1903.2964906007878
0.005650543779165851 2002.2998242769067
0.005838373489276627 2102.9626243475677
0.006041855675229968 2213.855462548802
0.006229685385340744 2317.8904946237694
0.006433167571294085 2432.377845891819
0.006620997281404861 2539.6791727860855
0.006824479467358202 2657.6515571512605
0.007012309177468978 2768.122640129245
0.0072001388875797545 2880.0833329497214
0.007403621073533095 3003.0323974193134
0.007591450783643872 3118.0344862907987
0.0077949329695972125 3244.235113657731
0.007982762679707989 3362.200206833323
0.00818624486566133 3491.5706943380383
0.008374074575772106 3612.4261665359254
0.008561904285882882 3734.6447422199926
0.008765386471836223 3868.5689958657367
0.008953216181946999 3993.579640173108
0.00915669836790034 4130.495044988595
0.009344528078011116 4258.2367436066625
0.009548010263964457 4398.0793326090925
0.009735839974075233 4528.494904681493
0.00992366968418601 4660.17465110136
0.01012715187013935 4804.2403601738115
0.010314981580250127 4938.515580716686
0.010518463766203467 5085.366010321857
0.010706293476314244 5222.187476890675
0.010909775662267585 5371.770792589023
0.01109760537237836 5511.091976346374
0.011285435082489137 5651.597228311515
0.011488917268442478 5805.135968208923
0.011676746978553254 5948.076529032092
0.011880229164506595 6104.231142516574
0.012068058874617371 6249.566209762137
0.012271541060570712 6408.293591270835
0.012459370770681488 6555.984347185232
0.012647200480792264 6704.7925880864095
0.012850682666745605 6867.252910063704
0.013038512376856382 7018.362704144257
0.013241994562809722 7183.29746046113
0.013429824272920499 7336.674274193823
0.01363330645887384 7504.046886124128
0.013821136168984616 7659.657695346853
0.014024618354937957 7829.433159965593
0.014212448065048733 7987.24634303176
0.014400277775159509 8146.105820444405
0.01460375996111285 8319.376364447402
0.014791589671223626 8480.39378636623
0.014995071857176967 8655.986491532116
0.015182901567287743 8819.133316918946
0.015386383753241084 8997.017871139311
0.01557421346335186 9162.266662331725
0.015762043173462637 9328.514957370371
0.015965525359415977 9509.73826383462
0.016153355069526754 9678.04979583491
0.016356837255480094 9861.494618516479
0.01654466696559087 10031.84439958292
0.01674814915154421 10217.48415557311
0.016935978861654988 10389.848084297315
0.017123808571765764 10563.17049018577
0.017327290757719105 10752.011932992122
0.01751512046782988 10927.31433536511
0.017718602653783222 11118.288695625472
0.017906432363893998 11295.548979099749
0.01810991454984734 11488.632696519018
0.018297744259958115 11667.829470615898
0.01848557397006889 11847.948365190467
0.018689056156022232 12044.11230920797
0.01887688586613301 12226.137285065997
0.01908036805208635 12424.355367909935
0.019268197762197126 12608.266671068599
0.019471679948150467 12808.517822676047
0.019659509658261243 12994.29630088752
0.01984733936837202 13180.964389229699
0.02005082155432536 13384.18715937823
0.020238651264436136 13572.695118533768
0.020442133450389477 13777.90137935898
0.020629963160500253 13968.231424480757
0.020833445346453594 14175.402186394385
0.02102127505656437 14367.537038623916
0.021209104766675146 14560.53220333283
0.021412586952628487 14770.57671014745
0.021600416662739264 14965.351988103686
0.021803898848692604 15177.316159148728
0.02199172855880338 15373.855427909213
0.02219521074475672 15587.722032869173
0.022383040454867498 15786.009600278368
0.022570870164978274 15985.130898696672
0.022774352350931615 16201.78245002276
0.02296218206104239 16402.6295726198
0.023165664246995732 16621.142751813193
0.023353493957106508 16823.70099478054
0.02355697614305985 17044.060074978788
0.023744805853170625 17248.315104050198
0.0239326355632814 17453.379603516925
0.024136117749234742 17676.44258558847
0.02432394745934552 17883.183302440684
0.02452742964529886 18108.054840465957
0.024715259355409636 18316.458293027754
0.024918741541362976 18543.123956990155
0.025106571251473753 18753.176983743342
0.02529440096158453 18964.01722194081
0.02549788314753787 19193.3124307235
0.025685712857648646 19405.783325235003
0.025889195043601987 19636.838312825792
0.026077024753712763 19850.92744370864
0.026280506939666104 20083.728908005072
0.02646833664977688 20299.424134858113
0.026656166359887656 20515.886054935167
0.026859648545840997 20751.248522557373
0.027047478255951773 20969.299061966834
0.027250960441905114 21206.37627635066
0.02743879015201589 21426.00394448422
0.02764227233796923 21664.783591789932
0.027830102048080008 21885.977143828386
0.02803358423403335 22126.44717175016
0.028221413944144125 22349.19560002381
0.0284092436542549 22572.68652649017
0.028612725840208242 22815.636734429154
0.028800555550319018 23040.66666359777
0.02900403773627236 23285.27843322153
0.029191867446383135 23511.836910912578
0.029395349632336476 23758.099031663376
0.029583179342447252 23986.175813887294
0.02977100905255803 24214.97780355636
0.02997449123851137 24463.66234511204
0.030162320948622146 24693.967849235913
0.030365803134575486 24944.27589032639
0.030553632844686263 25176.075156866144
0.030757115030639604 25427.99623506448
0.03094494474075038 25661.279699315455
0.031132774450861156 25895.272234572225
0.0313362566368145 26149.561830566527
0.03152408634692527 26385.024739026903
0.031727568532878614 26640.902273779775
0.03191539824298939 26877.826430320558
0.03211888042894273 27135.282109873715
0.03230671013905351 27373.658557183786
0.03249453984916428 27612.728970397427
0.032698022035117624 27872.502710092886
0.0328858517452284 28113.012454461637
0.03308933393118174 28374.340811013484
0.03327716364129252 28616.281323923668
0.03348064582724586 28879.155103570054
0.033668475537356635 29122.51797343169
0.03385630524746741 29366.56063005296
0.03405978743342075 29631.705105477617
0.03424761714353153 29877.15793775994
0.03445109932948487 30143.825721528712
0.034638929039595645 30390.68067385922
0.034842411225548986 30658.86311351287
0.03503024093565976 30907.112266774562
0.03521807064577054 31156.02786271472
0.03542155283172388 31426.436423399573
0.035609382541834655 31676.73474239836
0.035812864727787996 31948.637121384865
0.03600069443789877 32200.310566698685
0.03620417662385211 32473.698601721037
0.03639200633396289 32726.7397004581
0.036579836044073666 32980.434653980206
0.03678331823002701 33256.00676139412
0.03697114794013778 33511.058528696994
0.037174630126091124 33788.0966133555
0.0373624598362019 34044.49801459609
0.03756594202215524 34322.99435982745
0.03775377173226602 34580.73832795141
0.03794160144237679 34839.12425033067
0.038145083628330134 35119.76491549355
0.03833291333844091 35379.48314631111
0.03853639552439425 35661.56344848377
0.03872422523450503 35922.60718801247
0.03892770742045837 36206.11981699916
0.039115537130569145 36468.48236857305
0.03930336684067992 36731.475600874124
0.03950684902663326 37017.09489185625
0.03969467873674404 37281.39720881088
0.03989816092269738 37568.43116721926
0.040085990632808155 37834.03611682035
0.040289472818761496 38122.477804461654
0.04047730252887227 38389.37902917111
0.04066513223898305 38656.90023488888
0.04086861442493639 38947.41284341186
0.041056444135047165 39216.2210836104
0.041259926321000506 39508.124645733486
0.04144775603111128 39778.213787467845
0.04165123821706462 40071.50170648534
0.0418390679271754 40342.8657036577
0.04204255011312874 40637.53147583943
0.04223037982323952 40910.164367168516
0.04241820953335029 41183.40423464698
0.042621691719303634 41480.097486652485
0.04280952142941441 41754.597577080414
0.04301300361536775 42052.652940429965
0.04320083332547853 42328.407494526786
0.04340431551143187 42627.818772621555
0.043592145221542644 42904.822109353045
0.04377997493165342 43182.42286637142
0.04398345711760676 43483.82970422486
0.04417128682771754 43762.67097582094
0.04437476901367088 44065.41871853316
0.044562598723781655 44345.495010262435
0.044766080909734995 44649.5777449311
0.04495391061984577 44930.88363471626
0.04514174032995655 45212.77782649212
0.04534522251590989 45518.825662533425
0.045533052226020665 45801.94155715873
0.045736534411974006 46109.31005218849
0.04592436412208478 46393.64240036185
0.04612784630803812 46702.32590416858
0.0463156760181489 46987.869523676956
0.046503505728259675 47273.99273204026
0.046706987914213016 47584.61223225674
0.04689481762432379 47871.93916239445
0.04709829981027713 48183.859965943404
0.04728612952038791 48472.3855959951
0.04748961170634125 48785.60229646498
0.04767744141645203 49075.32166690357
0.0478652711265628 49365.612289079174
0.048068753312516144 49680.73713706554
0.04825658302262692 49972.21427120864
0.04846006520858026 50288.62189370299
0.04864789491869104 50581.28072943138
0.04885137710464438 50898.965946779914
0.049039206814755154 51192.801731748405
0.04922703652486593 51487.20078106404
0.04943051871081927 51806.767465282
0.04961834842093005 52102.33653442003
0.04982183060688339 52423.16823391341
0.050009660316994164 52719.902709532646
0.050213142502947505 53041.99445598561
0.05040097221305828 53339.88977888901
0.05058880192316906 53638.340704691276
0.0507922841091224 53962.28832615263
0.050980113819233175 54261.893448762945
0.051183596005186516 54587.08904401783
0.05137142571529729 54887.84393404199
0.05157490790125063 55214.282732121785
0.05176273761136141 55516.183010772875
0.051950567321472185 55818.6315352347
0.052154049507425526 56146.901633154055
0.0523418792175363 56450.48915648308
0.05254536140348964 56779.99085738433
0.05273319111360042 57084.71312222592
0.05293667329955376 57415.441839760155
0.05312450300966454 57721.29463614528
0.05331233271977531 58027.68860598073
0.053515814905728654 58360.224999295075
0.05370364461583943 58667.74335503018
0.05390712680179277 59001.495608317695
0.05409495651190355 59310.13425378183
0.05429843869785689 59645.097953706114
0.054486268407967664 59954.8528371726
0.05467409811807844 60265.14208855266
0.05487758030403178 60601.890731498024
0.05506541001414256 60913.29030419484
0.0552688922000959 61251.23965278074
0.055456721910206674 61563.74560188752
0.055660204096160015 61902.89140517936
0.05584803380627079 62216.499827540996
0.05605151599222413 62556.837879436614
0.05623934570233491 62871.54491291839
0.056427175412445685 63186.777919769724
0.056630657598399026 63528.87287413956
0.0568184873085098 63845.19884991766
0.05702196949446314 64188.475810221316
0.05720979920457392 64505.890991479595
0.05741328139052726 64850.3459016527
0.057601111100638036 65168.84656355524
0.05778894081074881 65487.8669442747
0.05799242299670215 65834.05786467019
0.05818025270681293 66154.1582827431
0.05838373489276627 66501.51727143381
0.058571564602877046 66822.69409498194
0.05877504678883039 67171.2172372285
0.058962876498941164 67493.46687076827
0.05915070620905194 67816.23018652023
0.05935418839500528 68166.4691747684
0.05954201810511606 68490.30004470574
0.0597455002910694 68841.69364530152
0.059933330001180174 69166.58856162318
0.060136812187133515 69519.1329931317
0.06032464189724429 69845.08848238918
0.06051247160735507 70171.55182283134
0.06071595379330841 70525.7926228277
0.060903783503419184 70853.31145736307
0.061107265689372525 71208.6938683289
0.0612950953994833 71537.26480632614
0.06149857758543664 71893.78517273357
0.06168640729554742 72223.40485602879
0.061874237005658195 72553.52675364887
0.062077719191611536 72911.72465962444
0.06226554890172231 73242.89039095097
0.06246903108767565 73602.21733605654
0.06265686079778643 73934.42362124713
0.06286034298373977 74294.8760690267
0.06304817269385055 74628.11965896297
0.06323600240396132 74961.8600099898
0.06343948458991466 75323.97178179603
0.06362731430002544 75658.7446842458
0.06383079648597878 76021.97332973873
0.06401862619608956 76357.77560865332
0.0642221083820429 76722.11770412192
0.06440993809215367 77058.94621365206
0.06459776780226445 77396.26620490612
0.06480124998821779 77762.24998964249
0.06498907969832857 78100.59160813702
0.06519256188428191 78467.68048607901
0.06538039159439268 78807.04065626685
0.06558387378034602 79175.23131058268
0.0657717034904568 79515.60698452676
0.06595953320056758 79856.46902564874
0.06616301538652092 80226.2842850348
0.0663508450966317 80568.15736876435
0.06655432728258504 80939.06630595351
0.06674215699269581 81281.94745107279
0.06694563917864915 81653.94685066499
0.06713346888875993 81997.83310217342
0.0673212985988707 82342.20076273289
0.06752478078482405 82715.8082056949
0.06771261049493482 83061.17664654535
0.06791609268088816 83435.8666985114
0.06810392239099894 83782.23302803902
0.06830740457695228 84158.00256997425
0.06849523428706306 84505.36392148616
0.06868306399717383 84853.20187252763
0.06888654618312717 85230.56339252782
0.06907437589323795 85579.39216782685
0.06927785807919129 85957.82555744326
0.06946568778930207 86307.64235058975
0.06966916997525541 86687.14458243379
0.06985699968536618 87037.9466107301
0.07006048187131952 87418.51468292088
0.0702483115814303 87770.29918704965
0.07043614129154108 88122.55430625039
0.07063962347749442 88504.69436655653
0.0708274531876052 88857.92792001621
0.07103093537355853 89241.12648379653
0.07121876508366931 89595.33576878955
0.07142224726962265 89979.58992019753
0.07161007697973343 90334.77225627248
0.0717979066898442 90690.42071123299
0.07200138887579755 91076.23183210193
0.07218921858590832 91432.84941130772
0.07239270077186166 91819.70899122456
0.07258053048197244 92177.29306816359
0.07278401266792578 92565.19827328369
0.07297184237803656 92923.74624268395
0.07315967208814733 93282.75596123683
0.07336315427410067 93672.20353956246
0.07355098398421145 94032.17333314882
0.07375446617016479 94422.6596067181
0.07394229588027557 94783.58692152373
0.0741457780662289 95175.10913472115
0.07433360777633968 95536.9914372036
0.07452143748645046 95899.33123974083
0.0747249196724038 96292.38163285141
0.07491274938251458 96655.67271005876
0.07511623156846792 97049.75230240279
0.0753040612785787 97413.99216987108
0.07550754346453203 97809.09828052798
0.07569537317464281 98174.2844732122
0.07588320288475359 98539.92403203803
0.07608668507070693 98936.54451407233
0.0762745147808177 99303.12678485322
0.07647799696677104 99700.76722588301
0.07666582667688182 100068.28979052704
0.07686930886283516 100466.94758101202
0.07705713857294594 100835.40803993982
0.07724496828305671 101204.31784116896
0.07744845046901006 101604.47656217695
0.07763628017912083 101974.32073978745
0.07783976236507417 102375.49042404564
0.07802759207518495 102746.26662336405
0.07823107426113829 103148.4447296002
0.07841890397124907 103520.15061366554
0.07860673368135984 103892.30192146524
0.07881021586731318 104295.9678690185
0.07899804557742396 104669.04543489937
0.0792015277633773 105073.71358385496
0.07938935747348808 105447.71511383759
0.07959283965944142 105853.38298826583
0.07978066936955219 106228.30620533072
0.07996849907966297 106603.67102832456
0.08017198126561631 107010.81399144171
0.08035981097572709 107387.09716221207
0.08056329316168043 107795.2337888178
0.0807511228717912 108172.43307151599
0.08095460505774454 108581.56094827014
0.08114243476785532 108959.67412329886
0.0813302644779661 109338.22518296707
0.08153374666391944 109748.81571817781
0.08172157637403021 110128.27741458087
0.08192505855998355 110539.85328992143
0.08211288827009433 110920.22344292708
0.08231637045604767 111332.78230505352
0.08250420016615845 111714.0587501131
0.08269202987626922 112095.76945103945
0.08289551206222256 112509.77885042694
0.08308334177233334 112892.3926680817
0.08328682395828668 113307.37928995703
0.08347465366839746 113690.89409764812
0.0836781358543508 114106.85564621823
0.08386596556446158 114491.26933220722
0.08406944775041492 114908.20352778399
0.08425727746052569 115293.51399511164
0.08444510717063647 115679.25417693771
0.08464858935658981 116097.62374023926
0.08483641906670059 116484.25762666264
0.08503990125265393 116903.59425163984
0.0852277309627647 117291.11978161926
0.08543121314871804 117711.42124318765
0.08561904285882882 118099.8363698758
0.0858068725689396 118488.67778007028
0.08601035475489294 118910.40314882084
0.08619818446500371 119300.13115209421
0.08640166665095705 119722.81590482949
0.08658949636106783 120113.42848884109
0.08679297854702117 120537.07045293476
0.08698080825713195 120928.56561898459
0.08716863796724272 121320.48371844062
0.08737212015319606 121745.53839937948
0.08755994986330684 122138.33614750502
0.08776343204926018 122564.34271474573
0.08795126175937096 122958.01814601263
0.0881547439453243 123384.97447735764
0.08834257365543507 123779.52563935476
0.08853040336554585 124174.49646242039
0.08873388555149919 124602.8545800256
0.08892171526160997 124998.69826801667
0.08912519744756331 125428.0009473231
0.08931302715767409 125824.71557973672
0.08951650934362743 126254.9607470545
0.0897043390537382 126652.54441600882
0.08989216876384898 127050.54454849384
0.09009565094980232 127482.18082134289
0.0902834806599131 127881.04718957338
0.09048696284586644 128313.62086604685
0.09067479255597721 128713.35159285199
0.09087827474193055 129146.86064594751
0.09106610445204133 129547.4538663075
0.0912539341621521 129948.46042465337
0.09145741634810545 130383.35014303112
0.09164524605821622 130785.21645672493
0.09184872824416956 131221.0365809584
0.09203655795428034 131623.760814556
0.09224004014023368 132060.50936260444
0.09242786985034446 132464.08969236692
0.09261569956045523 132868.08030390184
0.09281918174640857 133306.19930857254
0.09300701145651935 133711.0433383569
0.09321049364247269 134150.08590552714
0.09339832335258347 134555.78155832025
0.09360180553853681 134995.74574927278
0.09378963524864758 135402.29124111586
0.09397746495875836 135809.24402532337
0.0941809471447117 136250.5686873901
0.09436877685482248 136658.36869084305
0.09457225904077582 137100.61022086907
0.0947600887508866 137509.25568708367
