!OMP_NUM_THREADS description key E_m nu 
 1 Iter1-Sample00         0     7.5859904690e+00     4.4419235683e-01 
 1 Iter1-Sample01         1     7.5277122686e+00     1.8273088062e-01 
 1 Iter1-Sample02         2     7.1319531408e+00     3.5165622276e-01 
 1 Iter1-Sample03         3     7.5395034486e+00     4.5878501597e-01 
 1 Iter1-Sample04         4     7.7329027063e+00     2.8578670661e-01 
 1 Iter1-Sample05         5     7.1803384803e+00     4.2416208134e-01 
 1 Iter1-Sample06         6     7.7163186652e+00     2.0787106525e-01 
 1 Iter1-Sample07         7     7.4639871548e+00     3.8451549417e-01 
 1 Iter1-Sample08         8     7.5710899393e+00     2.2596947894e-01 
 1 Iter1-Sample09         9     7.9784618625e+00     2.5236545895e-01 
 1 Iter1-Sample10        10     8.1765262007e+00     1.1373279625e-01 
 1 Iter1-Sample11        11     7.9266625003e+00     3.5669152389e-01 
 1 Iter1-Sample12        12     7.5899757558e+00     3.5633071781e-01 
