!OMP_NUM_THREADS description key E_m nu 
 1 Iter2-Sample00         0     7.9232860889e+00     2.6029646671e-01 
 1 Iter2-Sample01         1     8.2682400612e+00     1.2876913614e-01 
 1 Iter2-Sample02         2     7.9198163674e+00     1.5416478411e-01 
 1 Iter2-Sample03         3     7.7020495835e+00     3.3053549015e-01 
 1 Iter2-Sample04         4     7.8581546260e+00     2.1067806436e-01 
 1 Iter2-Sample05         5     8.1600187698e+00     3.3562844372e-01 
 1 Iter2-Sample06         6     7.7518384330e+00     2.9511948142e-01 
 1 Iter2-Sample07         7     7.7841261400e+00     3.3356590980e-01 
 1 Iter2-Sample08         8     8.0553105758e+00     2.9133645969e-01 
 1 Iter2-Sample09         9     7.9556133050e+00     2.3486775446e-01 
 1 Iter2-Sample10        10     7.9433945105e+00     2.2479243050e-01 
 1 Iter2-Sample11        11     7.7532227954e+00     3.1169926831e-01 
 1 Iter2-Sample12        12     7.8942118369e+00     2.6621854496e-01 
