!OMP_NUM_THREADS description key E_m nu 
 1 Iter0-Sample00         0     9.0000000000e+00     1.6666666667e-01 
 1 Iter0-Sample01         1     8.0000000000e+00     3.3333333333e-01 
 1 Iter0-Sample02         2     1.0000000000e+01     5.5555555556e-02 
 1 Iter0-Sample03         3     7.5000000000e+00     2.2222222222e-01 
 1 Iter0-Sample04         4     9.5000000000e+00     3.8888888889e-01 
 1 Iter0-Sample05         5     8.5000000000e+00     1.1111111111e-01 
 1 Iter0-Sample06         6     1.0500000000e+01     2.7777777778e-01 
 1 Iter0-Sample07         7     7.2500000000e+00     4.4444444444e-01 
 1 Iter0-Sample08         8     9.2500000000e+00     1.8518518519e-02 
 1 Iter0-Sample09         9     8.2500000000e+00     1.8518518519e-01 
 1 Iter0-Sample10        10     1.0250000000e+01     3.5185185185e-01 
 1 Iter0-Sample11        11     7.7500000000e+00     7.4074074074e-02 
 1 Iter0-Sample12        12     9.7500000000e+00     2.4074074074e-01 
