# C		CN		K0		e_x		e_y		e_z		n		overlap		p		q
3.46354396818	5.25419181757	0.736764843384	-0.0	-0.0	1.87240000048e-07	0.38710222517	0.000130190948004	5.58678079009	1.78365004971
3.48077772868	5.25458792125	0.65235064282	-0.0	-0.0	0.000531443826667	0.386776532685	0.000139051874963	6.16357977232	2.78920902998
3.49403446752	5.25723793677	0.576157338527	-0.0	-0.0	0.00134984762667	0.386274462849	0.000152730284139	7.08873079709	4.18782610118
3.52806009722	5.27404958678	0.535511291028	-0.0	-0.0	0.00212068413333	0.385801198419	0.000164263944696	7.99234525379	5.37756685141
3.54794520548	5.27894736842	0.509005820264	-0.0	-0.0	0.00286652962667	0.385342930133	0.00017586742485	8.90138703288	6.49728049672
3.5550154662	5.28177339901	0.490219151702	-0.0	-0.0	0.00361248325333	0.384884254825	0.000187932868774	9.84210883767	7.6003154206
3.55368979231	5.28162997042	0.476434000534	-0.0	-0.0	0.00433858268	0.384437456027	0.000200059414325	10.7883448962	8.67710041087
3.57003977022	5.28304973822	0.466161999572	-0.0	-0.0	0.00503626472	0.384007839245	0.000210724738822	11.7267906124	9.71918755044
3.58771542201	5.28748370274	0.457702054858	-0.0	-0.0	0.00572674384	0.383582362646	0.000221094923289	12.6826858444	10.7723395351
3.58948298719	5.28957654723	0.451043249296	-0.0	-0.0	0.00641326198667	0.383159035458	0.000232300657664	13.6574816902	11.8249618675
3.60936809545	5.29698149951	0.445523501793	-0.0	-0.0	0.00707321445333	0.382751815383	0.000241883283545	14.619514092	12.8598236276
3.62615996465	5.29673877946	0.440983892911	-0.0	-0.0	0.00772982676	0.38234638954	0.000251552652621	15.5985787715	13.9001159
3.63190455148	5.30319664191	0.437168777003	-0.0	-0.0	0.00836371930667	0.381954739401	0.000261570825444	16.5638156817	14.9214840481
3.64825452939	5.30813766484	0.433892585343	-0.0	-0.0	0.00898968749333	0.381567744859	0.000270662708029	17.5360736937	15.9450371988
3.66681396376	5.32295345104	0.431023410166	-0.0	-0.0	0.00960245564	0.3811886699	0.000279334172861	18.5077828562	16.9659995548
3.68272205038	5.33226632522	0.428469720733	-0.0	-0.0	0.01020852716	0.380813516509	0.000288084723825	19.4890925132	17.9951045866
3.68979231109	5.33301374241	0.426180518179	-0.0	-0.0	0.0108068733867	0.380442915172	0.000297369880076	20.4764107549	19.0293844099
3.70216526734	5.33513857917	0.424082742137	-0.0	-0.0	0.0114085767867	0.380070011759	0.000306251391837	21.4876510882	20.0876640073
3.71498011489	5.34478371501	0.421712632601	-0.0	-0.0	0.0121410528933	0.379615761511	0.000317243317319	22.7438294093	21.4043978055
3.72779496244	5.35174603175	0.419996937664	-0.0	-0.0	0.0127213886267	0.379255625879	0.000325738351801	23.760727111	22.469576675
3.73619089704	5.35413367121	0.418358046945	-0.0	-0.0	0.0132863232	0.378904846847	0.000334361398504	24.7683852356	23.5305804915
3.75342465753	5.35827020202	0.416815351213	-0.0	-0.0	0.0138520024667	0.378553406804	0.000342217574431	25.7953668668	24.6125819337
3.75386654883	5.36682464455	0.41537946717	-0.0	-0.0	0.01442276032	0.378198610039	0.000351651564158	26.8466494311	25.7190100794
3.77110030932	5.37661519067	0.413954328286	-0.0	-0.0	0.0150851648267	0.377786589549	0.000360965909399	28.0839279113	27.0119587288
3.78214759169	5.37786859478	0.412802031912	-0.0	-0.0	0.0156255701333	0.377450251249	0.000368834415059	29.1098796643	28.0892158309
3.790101635	5.38123627236	0.411931447424	-0.0	-0.0	0.0161585611733	0.377118349368	0.000376841820713	30.1327050929	29.1470860873
3.80291648255	5.38941102757	0.410977026779	-0.0	-0.0	0.01669558644	0.376783756952	0.00038442727552	31.178906848	30.2396633617
3.80866106938	5.39342723005	0.410633683203	-0.0	-0.0	0.0169151308667	0.376646917676	0.000387463134637	31.6098489728	30.6870599132
3.80821917808	5.39280125196	0.410917823179	-0.0	-0.0	0.0169067821467	0.376652112868	0.000387339917874	31.5895915023	30.6430473532
3.80821917808	5.39248826291	0.411113570719	-0.0	-0.0	0.0168967420667	0.376658380286	0.000387154766497	31.5672156777	30.6045901196
3.8068935042	5.39229805886	0.41144990973	-0.0	-0.0	0.01688252576	0.376667239323	0.000387024024234	31.5351128032	30.5447287155
3.8064516129	5.39167188478	0.411695564374	-0.0	-0.0	0.0168722147467	0.376673661039	0.000386875004073	31.5117964841	30.5011843381
3.80424215643	5.3908549953	0.412105230995	-0.0	-0.0	0.0168547711067	0.376684540873	0.000386772325461	31.4723832788	30.4281494102
3.80821917808	5.39229805886	0.412504527195	-0.0	-0.0	0.01683766904	0.376695201874	0.000386048201298	31.4337625252	30.3568792698
3.80291648255	5.38897588475	0.413088116748	-0.0	-0.0	0.0168131410133	0.376710490123	0.000386126104003	31.3784369793	30.2539982777
3.79893946089	5.38808777429	0.415116903371	-0.0	-0.0	0.01672814476	0.376763460975	0.000384932066303	31.1868862307	29.8989383634
3.78524083076	5.38415592581	0.423917588836	-0.0	-0.0	0.01636665716	0.376988713709	0.000379514500797	30.3777323595	28.4117504334
3.77419354839	5.3788976378	0.432720878088	-0.0	-0.0	0.01601647492	0.377206846001	0.000373999729029	29.6026399976	27.0064067696
3.76314626602	5.37574992106	0.440923571479	-0.0	-0.0	0.0157008088667	0.377403409632	0.000369137020812	28.9122944114	25.7685896971
3.75165709236	5.36630847029	0.449363312871	-0.0	-0.0	0.0153861453067	0.377599287272	0.000364338247924	28.2316152474	24.5617713704
3.74635439682	5.36191078773	0.458332893769	-0.0	-0.0	0.0150615938533	0.377801255552	0.000358730215748	27.5370087696	23.346624046
3.74016791869	5.35802469136	0.467763463563	-0.0	-0.0	0.0147288175867	0.378008273777	0.000353055327403	26.8338885213	22.1365701797
3.72691117985	5.34823977165	0.477942969747	-0.0	-0.0	0.01438135024	0.378224349654	0.000347746553008	26.1082011268	20.9060809789
3.71895713654	5.34285714286	0.489029267244	-0.0	-0.0	0.0140122525067	0.378453811983	0.000341535167608	25.3495049545	19.6448005392
3.71056120194	5.33460438513	0.50090136589	-0.0	-0.0	0.0136243910667	0.378694839037	0.000335001421234	24.5642074787	18.3733824607
3.69686257181	5.32675159236	0.513816926234	-0.0	-0.0	0.0132094509467	0.378952587347	0.000328419395721	23.7376381264	17.0753282515
3.67962881131	5.31174218251	0.527579253934	-0.0	-0.0	0.01277572772	0.37922188699	0.000321795311915	22.8891071512	15.7846059597
3.66946531153	5.30012771392	0.542454436757	-0.0	-0.0	0.01231776044	0.379506125248	0.000314092879264	22.0098159306	14.490552208
3.6469288555	5.28434197887	0.559047424602	-0.0	-0.0	0.01182521716	0.379811670083	0.00030680206848	21.083811444	13.1679102458
3.63278833407	5.27092016672	0.577158313831	-0.0	-0.0	0.0113024593733	0.380135793635	0.00029819490781	20.1222437646	11.8485695747
3.6133451171	5.2575562701	0.592459249983	-0.0	-0.0	0.0108728496533	0.380402036129	0.000291767501832	19.3501545089	10.8278315392
3.61555457357	5.25916398714	0.591772274572	-0.0	-0.0	0.0108816798667	0.380396564923	0.000291757344116	19.3661076571	10.8618558971
3.61643835616	5.26045016077	0.591549981134	-0.0	-0.0	0.0108864721867	0.380393595578	0.000291772077746	19.3743563959	10.8746136762
3.61599646487	5.26045016077	0.590980845715	-0.0	-0.0	0.0108968437467	0.380387169259	0.000291995563368	19.3923597688	10.9055717478
3.61820592134	5.26068788171	0.590145322159	-0.0	-0.0	0.0109103873067	0.380378777439	0.000292069299031	19.4163504687	10.9497539976
3.61908970393	5.26092544987	0.589098825395	-0.0	-0.0	0.0109278105333	0.380367981544	0.000292320176435	19.4471493522	11.0056906571
3.62306672559	5.2637327337	0.586867339021	-0.0	-0.0	0.0109653968133	0.380344696749	0.000292691359138	19.5135425044	11.1260336711
3.63323022536	5.27333974976	0.566976371615	-0.0	-0.0	0.01131748792	0.380126483393	0.000298352567832	20.1422069308	12.2618247614
3.64295183385	5.28745588707	0.547257858202	-0.0	-0.0	0.0117002902933	0.379889143428	0.000304607253979	20.8378500632	13.5126790325
3.66239505082	5.30006397953	0.530040158279	-0.0	-0.0	0.01206754608	0.379661362303	0.000309755198348	21.5170907395	14.7258849234
3.67123287671	5.31381957774	0.514533442074	-0.0	-0.0	0.0124285490533	0.379437377784	0.000315675449368	22.1959126567	15.9315201509
3.68714096332	5.32737144682	0.50034523202	-0.0	-0.0	0.01279275704	0.379211322757	0.000321031285083	22.8910772786	17.1505329466
3.69288555015	5.33748801534	0.487195408533	-0.0	-0.0	0.0131643214933	0.378980616894	0.000327380917742	23.6103740026	18.3968261351
3.706142289	5.34779834078	0.475275061076	-0.0	-0.0	0.0135363507067	0.378749536559	0.000333050556626	24.3402037487	19.6435535499
3.71674768007	5.3550955414	0.465035706467	-0.0	-0.0	0.01388941736	0.378530155011	0.00033858952701	25.0419638789	20.8228924982
3.73000441891	5.36438791733	0.455821361269	-0.0	-0.0	0.0142436939733	0.378309943774	0.000343887551261	25.7545843037	21.9943211076
3.73795846222	5.36825396825	0.447635010282	-0.0	-0.0	0.0145923324	0.378093160944	0.000349543112928	26.4627564999	23.1372312072
3.74944763588	5.37591125198	0.440030547274	-0.0	-0.0	0.0149523432267	0.37786923547	0.00035505818292	27.2011160087	24.3052644764
3.75430844012	5.37979094077	0.433254715266	-0.0	-0.0	0.01531051036	0.377646360979	0.000361147425365	27.9419766157	25.4528317416
3.76270437472	5.38361796331	0.427611955757	-0.0	-0.0	0.0156541339733	0.377432478074	0.000366579353574	28.6559554687	26.5234717031
3.76623950508	5.39101550142	0.42262018609	-0.0	-0.0	0.0160203404533	0.377204445438	0.000372806921497	29.4164714505	27.6134379044
3.77684489616	5.39545167404	0.418927255584	-0.0	-0.0	0.0163805580933	0.376980064499	0.000378113910676	30.1594641763	28.6064688677
3.77949624392	5.3988001263	0.416288596995	-0.0	-0.0	0.0167494498533	0.376750186891	0.000384257360804	30.9142802897	29.540394773
3.78479893946	5.39892778303	0.414317917011	-0.0	-0.0	0.0171536889067	0.376498194047	0.000390629408996	31.7361830122	30.4937376162
3.78789217852	5.39609571788	0.414082308613	-0.0	-0.0	0.0172135081733	0.376460897518	0.000391325742771	31.8576013618	30.6306096297
3.78745028723	5.39578085642	0.414256392709	-0.0	-0.0	0.0172105263333	0.37646275064	0.00039130741703	31.8498945453	30.6082718233
3.78656650464	5.4000630517	0.414428839799	-0.0	-0.0	0.0172006025333	0.37646894263	0.000391215463792	31.8278420914	30.5723074487
3.78568272205	5.39848675914	0.414705829781	-0.0	-0.0	0.01718904456	0.376476149344	0.000391090811148	31.8017963388	30.5235935864
3.78435704817	5.39691046658	0.414893929801	-0.0	-0.0	0.0171828699867	0.376479997926	0.000391110613264	31.7876942909	30.4939823318
3.78303137428	5.39596469105	0.415193472183	-0.0	-0.0	0.01716859528	0.376488889788	0.000390983223253	31.7557917104	30.4378170071
3.78038002651	5.39545884579	0.415644840077	-0.0	-0.0	0.0171501267867	0.376500411846	0.000390910930747	31.7141064008	30.3594268867
3.77993813522	5.39558359621	0.417756802848	-0.0	-0.0	0.01706294408	0.376554771044	0.000389326023346	31.5181176992	29.9935825489
3.77640300486	5.39595832018	0.425708062659	-0.0	-0.0	0.01674356016	0.376753857631	0.000383715642568	30.8048220072	28.6661015879
3.76712328767	5.389943074	0.434462318066	-0.0	-0.0	0.0164037507733	0.376965598945	0.000378305667646	30.0546446174	27.2836588266
3.75961113566	5.3858816081	0.442825493952	-0.0	-0.0	0.0160906825333	0.37716062399	0.000373206539025	29.3712702877	26.0359787461
3.75519222271	5.3826417485	0.451388993524	-0.0	-0.0	0.0157808553067	0.377353565007	0.000367857803329	28.7024246774	24.8265423467
3.748121962	5.3807106599	0.460154891711	-0.0	-0.0	0.0154743623067	0.377544378527	0.000362819412735	28.048244961	23.6551018524
3.74281926646	5.37853286758	0.469563979641	-0.0	-0.0	0.0151550994533	0.377743073765	0.000357373645982	27.3752523474	22.4649742818
3.73309765798	5.36967577877	0.479376281047	-0.0	-0.0	0.0148316887067	0.377944285803	0.000352269936447	26.7024436729	21.2920086985
3.71895713654	5.36158012106	0.48983911589	-0.0	-0.0	0.0144959934	0.378153066129	0.000347357200461	26.0134989938	20.1109494954
3.70349094123	5.35057471264	0.500526473784	-0.0	-0.0	0.0141610572533	0.378361316078	0.000342570690511	25.3351319024	18.9713535824
3.6973044631	5.33992977976	0.512468631761	-0.0	-0.0	0.0137938848667	0.378589522739	0.000336318757182	24.6020867899	17.7698676156
3.68139637649	5.32406519655	0.525314378027	-0.0	-0.0	0.0134071160933	0.378829815005	0.000330569107914	23.8413943457	16.5566298682
3.66681396376	5.31284021774	0.539362552189	-0.0	-0.0	0.0129895113467	0.379089163591	0.000324115379651	23.0344441819	15.3130313729
3.65178965974	5.29849310676	0.553513713471	-0.0	-0.0	0.0125746587867	0.37934670092	0.000317727996417	22.2462794062	14.1421870748
3.64471939903	5.28493589744	0.569611981266	-0.0	-0.0	0.0121117381733	0.379633947635	0.00030972641437	21.3811132919	12.9049250792
3.622182943	5.26767352185	0.587850481269	-0.0	-0.0	0.0115982158533	0.379952435495	0.000302108129792	20.4422912862	11.6173325201
3.60936809545	5.25225225225	0.606868472384	-0.0	-0.0	0.0110636225333	0.380283822365	0.000293261714532	19.4851404548	10.3809394123
3.57092355281	5.22775800712	0.630701999525	-0.0	-0.0	0.0104102220533	0.380688607701	0.000284252156185	18.345025751	8.9874891855
3.5466195316	5.20804933463	0.659438850356	-0.0	-0.0	0.00965482125333	0.381156264616	0.000272239395379	17.0717489644	7.52170903876
3.50950066284	5.1810766721	0.68875642468	-0.0	-0.0	0.00892951114667	0.381604955493	0.000261743174437	15.894730838	6.24240519597
