# C		CN		K0		e_x		e_y		e_z		n		overlap		p		q
3.46884666372	5.24899598394	0.737195836294	-0.0	-0.0	1.87240000048e-07	0.388447248651	0.000129530304185	5.58872900855	1.78073011182
3.48166151127	5.24516988674	0.651943939766	-0.0	-0.0	0.000531443826667	0.388122270908	0.00013853977757	6.16654353705	2.79480117219
3.50331418471	5.24884029158	0.575712031849	-0.0	-0.0	0.00134984762667	0.38762130288	0.000151871718514	7.09412041098	4.1971501376
3.51126822802	5.24603698811	0.534432330598	-0.0	-0.0	0.00212068413333	0.387149077043	0.000164637823022	8.00271358223	5.40268019641
3.52231551038	5.25288493241	0.508092924344	-0.0	-0.0	0.00286652962667	0.386691814442	0.000176693952519	8.91422141594	6.52464938882
3.54396818383	5.25262123198	0.489856685264	-0.0	-0.0	0.00361248325333	0.386234144298	0.00018804869046	9.85490630002	7.61839765464
3.56164383562	5.26037242731	0.476483976574	-0.0	-0.0	0.00433858268	0.385788327428	0.000199197229614	10.8008641234	8.68589588423
3.57931948741	5.2684672958	0.466281183512	-0.0	-0.0	0.00503626472	0.385359653453	0.000209782531711	11.7388826796	9.72583758881
3.60008837826	5.27511341542	0.457950984524	-0.0	-0.0	0.00572674384	0.384935110575	0.000219998013512	12.6947686557	10.7748522044
3.60715863897	5.28016823035	0.451001493868	-0.0	-0.0	0.00641326198667	0.384512712392	0.000230956086704	13.6730806095	11.8398880716
3.6133451171	5.27598450613	0.445348645991	-0.0	-0.0	0.00707321445333	0.384106385975	0.000241494106628	14.6388964657	12.8833162987
3.62660185594	5.28212560386	0.440605230211	-0.0	-0.0	0.00772982676	0.383701849851	0.000251445480823	15.6229510309	13.9368730068
3.64781263809	5.28644665171	0.436373383051	-0.0	-0.0	0.00836371930667	0.383311059201	0.00026043337106	16.5970498832	14.9852706938
3.66858152894	5.29441786284	0.432716036125	-0.0	-0.0	0.00898968749333	0.382924910762	0.000269289487096	17.5811725242	16.0394753378
3.67609368095	5.30197704082	0.429516219178	-0.0	-0.0	0.00960245564	0.382546670863	0.000278849463691	18.5651034974	17.091294723
3.6889085285	5.31263928685	0.426733619915	-0.0	-0.0	0.01020852716	0.38217233656	0.000287856316612	19.5565288861	18.1461537824
3.70702607159	5.31864299302	0.424261383848	-0.0	-0.0	0.0108068733867	0.381802551091	0.000296294932857	20.5533690454	19.2045807467
3.71630578878	5.32594235033	0.422033056147	-0.0	-0.0	0.0114085767867	0.381430467653	0.000305440604991	21.5738174382	20.2849885624
3.73795846222	5.33933649289	0.419615521443	-0.0	-0.0	0.0121410528933	0.380977214272	0.000315653911805	22.8392801869	21.6213679731
3.74370304905	5.33848093287	0.417877498665	-0.0	-0.0	0.0127213886267	0.380617876656	0.000324695355702	23.8609480331	22.6990989105
3.75298276624	5.34435001574	0.416350575001	-0.0	-0.0	0.0132863232	0.380267859732	0.000333182205489	24.8716064683	23.7621373468
3.75342465753	5.34592382751	0.414937036034	-0.0	-0.0	0.0138520024667	0.379917196645	0.000342425637725	25.8980217202	24.8410099576
3.76314626602	5.35514312677	0.413767850249	-0.0	-0.0	0.01442276032	0.379563172783	0.000350855644493	26.9457106227	25.9307249549
3.77772867875	5.35799373041	0.412364082472	-0.0	-0.0	0.0150851648267	0.379152056485	0.000360319487911	28.1833491592	27.2285185712
3.78700839593	5.36076345432	0.411385865577	-0.0	-0.0	0.0156255701333	0.378816461483	0.000368271656452	29.2066687654	28.2944777356
3.80203269996	5.37605501719	0.410543441681	-0.0	-0.0	0.0161585611733	0.378485282779	0.000375494623442	30.2281134966	29.3530636714
3.81307998232	5.3753894081	0.409629327916	-0.0	-0.0	0.01669558644	0.378151429951	0.000383168162632	31.2727234626	30.4450915366
3.81617322139	5.37807536593	0.409306348935	-0.0	-0.0	0.0169151308667	0.378014893252	0.000386431602082	31.7028424263	30.8916809454
3.81396376491	5.37936408978	0.40958974138	-0.0	-0.0	0.0169067821467	0.378020070073	0.000386486344094	31.6825060213	30.8474398777
3.81573133009	5.38240798503	0.409786590552	-0.0	-0.0	0.0168967420667	0.378026323113	0.000386120755642	31.6598941326	30.8084790205
3.81307998232	5.38084840923	0.410124952403	-0.0	-0.0	0.01688252576	0.378035157228	0.00038612335801	31.6277740375	30.7481428783
3.81352187362	5.38116032439	0.410356151257	-0.0	-0.0	0.0168722147467	0.378041578273	0.000385886159001	31.6045266266	30.7056991246
3.81131241715	5.37928883344	0.410769172529	-0.0	-0.0	0.0168547711067	0.378052420281	0.000385783526228	31.5650500305	30.6319665449
3.81263809103	5.38053649407	0.411167052455	-0.0	-0.0	0.01683766904	0.378063057358	0.000385329929209	31.5264191699	30.5604679328
3.81175430844	5.37991266376	0.411736070955	-0.0	-0.0	0.0168131410133	0.378078318594	0.000384960218717	31.4710172116	30.4582622522
3.80733539549	5.37628705148	0.413745166024	-0.0	-0.0	0.01672814476	0.37813117736	0.000383814157943	31.2794065255	30.1030921333
3.79584622183	5.37484355444	0.422461806887	-0.0	-0.0	0.01636665716	0.378355932242	0.000378183596471	30.469983301	28.6151344724
3.78877596111	5.36588419405	0.43116751458	-0.0	-0.0	0.01601647492	0.378573585203	0.000372325187342	29.6956471958	27.2107572526
3.7817057004	5.36238244514	0.439260455464	-0.0	-0.0	0.0157008088667	0.378769717469	0.000367104464927	29.005663079	25.9746200469
3.7649138312	5.35113065327	0.447574105706	-0.0	-0.0	0.0153861453067	0.378965157136	0.00036283829222	28.3256121347	24.7703079697
3.75695978789	5.34328827413	0.456401522105	-0.0	-0.0	0.0150615938533	0.379166690303	0.000357524139276	27.6319153683	23.5580979145
3.74635439682	5.33616619452	0.465699119801	-0.0	-0.0	0.0147288175867	0.379373248046	0.000352308045117	26.9293749492	22.3491796413
3.73884224481	5.33322824716	0.475663759774	-0.0	-0.0	0.01438135024	0.37958886459	0.000346518137584	26.2059733012	21.1252207145
3.73265576668	5.32440100883	0.486453690312	-0.0	-0.0	0.0140122525067	0.379817814679	0.00034019301825	25.4478745501	19.8721879085
3.72425983208	5.32217308907	0.498015471812	-0.0	-0.0	0.0136243910667	0.380058312791	0.000333697918621	24.662777502	18.6074260537
3.7145382236	5.3156230234	0.510806929158	-0.0	-0.0	0.0132094509467	0.380315498107	0.000326807693557	23.8356770473	17.30337572
3.69863013699	5.30323193916	0.524460212195	-0.0	-0.0	0.01277572772	0.380584211391	0.000320099455134	22.9864804147	16.0049934912
3.68139637649	5.29088599555	0.539412183579	-0.0	-0.0	0.01231776044	0.380867816854	0.000313045176591	22.1057631061	14.6933699453
3.66283694211	5.28179789608	0.556037505018	-0.0	-0.0	0.01182521716	0.381172692916	0.000305419911019	21.1782374137	13.3551267026
3.63764913831	5.26551503519	0.574189435884	-0.0	-0.0	0.0113024593733	0.381496105169	0.000297796672757	20.2166671774	12.0208831438
3.61820592134	5.24743589744	0.589531167096	-0.0	-0.0	0.0108728496533	0.381761758936	0.000291411352967	19.4442683121	10.9881199755
3.61776403005	5.24711538462	0.588853057315	-0.0	-0.0	0.0108816798667	0.381756304186	0.000291615108701	19.4603286082	11.0222236469
3.61997348652	5.24903846154	0.588672951697	-0.0	-0.0	0.0108864721867	0.381753341357	0.000291519106251	19.4683763693	11.033437234
3.62085726911	5.24927907722	0.58800325058	-0.0	-0.0	0.0108968437467	0.381746929141	0.000291641389149	19.4869444168	11.068750601
3.62395050817	5.25048046124	0.587250613981	-0.0	-0.0	0.0109103873067	0.381738557877	0.000291639044144	19.5106879846	11.1101677703
3.62483429076	5.25280358859	0.586202044208	-0.0	-0.0	0.0109278105333	0.381727783534	0.000291889275859	19.5416584144	11.1668427818
3.62660185594	5.25568727972	0.583987705219	-0.0	-0.0	0.0109653968133	0.381704548334	0.000292438470337	19.6083679095	11.287935405
3.63499779054	5.26577009286	0.564242517298	-0.0	-0.0	0.01131748792	0.381486815158	0.00029824310253	20.2395307568	12.4307103367
3.65134776845	5.28141989127	0.544742644539	-0.0	-0.0	0.0117002902933	0.381249996244	0.000303933238297	20.9375792484	13.6856483387
3.65885992046	5.28922978587	0.527793072247	-0.0	-0.0	0.01206754608	0.381022714992	0.000310045942905	21.618023831	14.8982040641
3.67565178966	5.29786556228	0.512679494731	-0.0	-0.0	0.0124285490533	0.380799222013	0.000315235403808	22.2965415782	16.094275579
3.68272205038	5.30573248408	0.498795955716	-0.0	-0.0	0.01279275704	0.380573663072	0.000321302842052	22.9909060802	17.3055392994
3.69421122404	5.31689468661	0.485937306322	-0.0	-0.0	0.0131643214933	0.380343463499	0.000327101431572	23.7091413239	18.5427384311
3.70481661511	5.32771773681	0.474269447427	-0.0	-0.0	0.0135363507067	0.380112890278	0.000332964299429	24.4377885062	19.7805013114
3.71586389748	5.33513170422	0.46419806537	-0.0	-0.0	0.01388941736	0.37989399017	0.000338424825935	25.1381447148	20.9537859309
3.72116659302	5.34401777214	0.455059641882	-0.0	-0.0	0.0142436939733	0.379674262193	0.000344410469169	25.8488306836	22.1233372744
3.73353954927	5.3520278834	0.446932061158	-0.0	-0.0	0.0145923324	0.379457955099	0.00034960221557	26.5549796448	23.2646698648
3.74281926646	5.35992402659	0.439347114065	-0.0	-0.0	0.0149523432267	0.379234513258	0.000355251122189	27.2908730912	24.4329915894
3.75033141847	5.36697247706	0.432618189468	-0.0	-0.0	0.01531051036	0.379012142043	0.000360998504552	28.0287512389	25.5779971983
3.75916924437	5.37006630881	0.42694930486	-0.0	-0.0	0.0156541339733	0.378798712649	0.00036631501863	28.7401273973	26.6512147381
3.76889085285	5.38068181818	0.422028914233	-0.0	-0.0	0.0160203404533	0.378571183054	0.000371872467546	29.4977892274	27.7359023199
3.77905435263	5.39029003783	0.418231188638	-0.0	-0.0	0.0163805580933	0.378347293746	0.000377204471074	30.2408941346	28.7398357617
3.78258948299	5.39608956165	0.415770042624	-0.0	-0.0	0.0167494498533	0.378117928246	0.000383035363314	30.9799398204	29.6462126053
3.79142730888	5.40125984252	0.413787056028	-0.0	-0.0	0.0171536889067	0.377866488408	0.000388985321546	31.7997377389	30.6002658188
3.79054352629	5.40264650284	0.413554081221	-0.0	-0.0	0.0172135081733	0.377829278828	0.00039008233252	31.9208831689	30.7368858227
3.79098541759	5.4029615627	0.413727814436	-0.0	-0.0	0.0172105263333	0.377831126935	0.000389972788857	31.9131870009	30.7145305129
3.7896597437	5.40308855972	0.413914519084	-0.0	-0.0	0.0172006025333	0.377837301184	0.000389926397	31.8909806077	30.6771152817
3.78833406982	5.4018279231	0.414173274233	-0.0	-0.0	0.01718904456	0.377844492083	0.000389849700017	31.865245176	30.630154217
3.78789217852	5.40151276395	0.414325323313	-0.0	-0.0	0.0171828699867	0.37784832495	0.000389779883479	31.8513019343	30.6037148159
3.78700839593	5.40056728648	0.414667617699	-0.0	-0.0	0.01716859528	0.377857207176	0.000389604504038	31.8190986363	30.5434702952
3.78700839593	5.40132408575	0.415101757169	-0.0	-0.0	0.0171501267867	0.377868704518	0.000389262007841	31.7776369686	30.4665856206
3.78656650464	5.39930664986	0.417197435124	-0.0	-0.0	0.01706294408	0.377922941244	0.000387685709859	31.5819535966	30.1015509666
3.77993813522	5.39230526648	0.425064625961	-0.0	-0.0	0.01674356016	0.37812159093	0.000382419213407	30.8700839149	28.7790216123
3.76712328767	5.38704581359	0.433738310179	-0.0	-0.0	0.0164037507733	0.37833287515	0.000377386935371	30.1216825758	27.4007524748
3.75254087494	5.37436708861	0.441971708824	-0.0	-0.0	0.0160906825333	0.378527468921	0.000373027119551	29.4405881843	26.1611059469
3.74679628811	5.36688825578	0.450387136599	-0.0	-0.0	0.0157808553067	0.378719984055	0.000367857215765	28.7747046906	24.9607984412
3.73707467963	5.36144578313	0.458946787988	-0.0	-0.0	0.0154743623067	0.378910377003	0.000363132707346	28.1233634411	23.8014814477
3.73044631021	5.35394862036	0.468113339113	-0.0	-0.0	0.0151550994533	0.379108628236	0.000357862695205	27.4527287845	22.6240146513
3.72072470172	5.34953924372	0.477703430215	-0.0	-0.0	0.0148316887067	0.379309397477	0.00035281351042	26.7818501762	21.4606004959
3.7140963323	5.34170375079	0.487974759136	-0.0	-0.0	0.0144959934	0.37951773462	0.000347239654919	26.0945378577	20.2855314495
3.70349094123	5.33078880407	0.498371890428	-0.0	-0.0	0.0141610572533	0.379725516558	0.000342041646359	25.4176686161	19.156514491
3.69111798498	5.31974522293	0.510017069026	-0.0	-0.0	0.0137938848667	0.379953227613	0.000336398421653	24.6860748193	17.9636894244
3.67609368095	5.31034482759	0.52258258278	-0.0	-0.0	0.0134071160933	0.380192995973	0.000330646338122	23.9279937548	16.7570441303
3.66283694211	5.29721955896	0.536435353003	-0.0	-0.0	0.0129895113467	0.380451775302	0.000324161008181	23.1233366315	15.5135021474
3.65223155104	5.28461784458	0.550538001014	-0.0	-0.0	0.0125746587867	0.380708744143	0.000317470356002	22.3370175461	14.3349986597
3.64250994255	5.26581469649	0.566685425071	-0.0	-0.0	0.0121117381733	0.380995360485	0.000309810085484	21.4746448184	13.085315088
3.62350861688	5.25408522909	0.584771216745	-0.0	-0.0	0.0115982158533	0.381313151581	0.000301974368468	20.536666816	11.7915396019
3.60671674768	5.2442159383	0.603860773224	-0.0	-0.0	0.0110636225333	0.381643809045	0.000293494362556	19.5797788079	10.5398053254
3.58241272647	5.22501611863	0.627695178017	-0.0	-0.0	0.0104102220533	0.382047711308	0.000283417172452	18.4399387654	9.13182691551
3.55148033584	5.20505344995	0.65662691938	-0.0	-0.0	0.00965482125333	0.382514336695	0.000271876366016	17.1610237326	7.64200645031
3.52540874945	5.18601626016	0.685615677065	-0.0	-0.0	0.00892951114667	0.382962042904	0.000260606745809	15.9832729257	6.35731780655
