# C		CN		K0		e_x		e_y		e_z		n		overlap		p		q
3.46796288113	5.25276196853	0.735517607495	-0.0	-0.0	1.87240000048e-07	0.386713254673	0.0001298375607173725	5.58714146827	1.79402608327
3.49138311975	5.26357880706	0.651176546645	-0.0	-0.0	0.000531443826667	0.38638735549	0.00013845090980844508	6.16686891968	2.8029782042
3.51745470614	5.27013589659	0.575469186003	-0.0	-0.0	0.00134984762667	0.38588496702	0.00015159725938980519	7.09690837111	4.20215147984
3.53380468405	5.26754530478	0.535240474006	-0.0	-0.0	0.00212068413333	0.385411402236	0.00016393417511967423	8.0060521291	5.39134010797
3.55015466195	5.2687007874	0.509809189651	-0.0	-0.0	0.00286652962667	0.384952843114	0.00017561206796870026	8.91561647064	6.49185010489
3.55987627044	5.26078431373	0.491781299433	-0.0	-0.0	0.00361248325333	0.384493875294	0.00018746883074571765	9.85527452584	7.57521060759
3.58285461776	5.2725203252	0.478568812789	-0.0	-0.0	0.00433858268	0.384046794357	0.00019818652578326937	10.7990886641	8.63145475718
3.60229783473	5.28756897111	0.468538411252	-0.0	-0.0	0.00503626472	0.383616904922	0.00020856908920566464	11.7355468855	9.65938829089
3.61953159523	5.29046849758	0.460356458171	-0.0	-0.0	0.00572674384	0.383191158297	0.00021892304078481624	12.6917209926	10.6975986001
3.62129916041	5.28972868217	0.453509368792	-0.0	-0.0	0.00641326198667	0.382767562448	0.00023014609117236052	13.6705279196	11.7526093758
3.63764913831	5.29090324654	0.447942388355	-0.0	-0.0	0.00707321445333	0.382360083935	0.00023994622251496237	14.6355700001	12.7850773189
3.65223155104	5.30751928021	0.443368946029	-0.0	-0.0	0.00772982676	0.381954400791	0.00024971983192565545	15.6168071273	13.8219513916
3.66460450729	5.3125	0.439545044744	-0.0	-0.0	0.00836371930667	0.381562503821	0.00025923560080723975	16.5855420231	14.8403462896
3.67123287671	5.31498079385	0.436271256306	-0.0	-0.0	0.00898968749333	0.381175258707	0.0002689658636408401	17.5616098197	15.860762852
3.68316394167	5.31557115507	0.433393940315	-0.0	-0.0	0.00960245564	0.380795946414	0.0002780863259383137	18.5371482129	16.8791440351
3.69818824569	5.32601082458	0.430746160807	-0.0	-0.0	0.01020852716	0.380420550725	0.00028687755040650954	19.5229952625	17.9106943553
3.71939902784	5.33143219265	0.428360331879	-0.0	-0.0	0.0108068733867	0.380049716767	0.0002950080344849585	20.5157511935	18.9489201565
3.72735307114	5.3442155309	0.426217537749	-0.0	-0.0	0.0114085767867	0.379676578326	0.00030420186450357467	21.5320078499	20.0082939123
3.74281926646	5.34944707741	0.423736124009	-0.0	-0.0	0.0121410528933	0.379222039792	0.0003149140077627655	22.7954830726	21.3311135438
3.75475033142	5.3594193752	0.421967895474	-0.0	-0.0	0.0127213886267	0.378861675603	0.0003234361069613883	23.8166749676	22.3979644333
3.76668139638	5.36217747011	0.420395598992	-0.0	-0.0	0.0132863232	0.378510673952	0.0003317044353043368	24.8285615537	23.4530840266
3.78700839593	5.36853650893	0.418978798032	-0.0	-0.0	0.0138520024667	0.378159010871	0.0003392094474611993	25.8570279416	24.52202622
3.80247459125	5.37941820457	0.417528635632	-0.0	-0.0	0.01442276032	0.377803997736	0.0003471996901472466	26.9121436967	25.6268073524
3.81131241715	5.38065522621	0.416076533575	-0.0	-0.0	0.0150851648267	0.377391706961	0.0003572549959402057	28.1564390302	26.9211221085
3.82103402563	5.38703645996	0.414871761939	-0.0	-0.0	0.0156255701333	0.377055155207	0.0003652176675744729	29.1889088692	28.0027029931
3.82898806894	5.39110143124	0.413849585975	-0.0	-0.0	0.0161585611733	0.376723042687	0.00037320893221501144	30.2205016039	29.0755061867
3.82898806894	5.39215686275	0.412894490079	-0.0	-0.0	0.01669558644	0.376388246369	0.0003820642422980367	31.274863269	30.1704820439
3.83429076447	5.39856876167	0.412497867538	-0.0	-0.0	0.0169151308667	0.376251311805	0.0003851646067356251	31.710769258	30.6249667378
3.83296509059	5.39838157485	0.412782875602	-0.0	-0.0	0.0169067821467	0.376256515479	0.0003851298368659082	31.6903737062	30.5808707902
3.83252319929	5.39807033925	0.412972748224	-0.0	-0.0	0.0168967420667	0.376262778282	0.00038498907482686126	31.6678568961	30.5429078352
3.83561643836	5.40056022409	0.4133121537	-0.0	-0.0	0.01688252576	0.376271648866	0.00038441202220720156	31.635448775	30.4826776365
3.83517454706	5.39887990044	0.413558245414	-0.0	-0.0	0.0168722147467	0.376278080104	0.0003842623425301023	31.6119119679	30.4390199749
3.83517454706	5.39688958009	0.41396732882	-0.0	-0.0	0.0168547711067	0.37628895999	0.0003839362004571537	31.5722703798	30.3660448723
3.83296509059	5.39639079029	0.414372109966	-0.0	-0.0	0.01683766904	0.376299617143	0.0003838359676809271	31.5333431902	30.2942396814
3.83517454706	5.39807033925	0.414946334841	-0.0	-0.0	0.0168131410133	0.376314924598	0.00038315497135416266	31.477529249	30.1920066063
3.83031374282	5.39570361146	0.416977781546	-0.0	-0.0	0.01672814476	0.376367927017	0.0003820451533984562	31.2845114675	29.8364349378
3.82722050376	5.3937694704	0.425784741509	-0.0	-0.0	0.01636665716	0.376593325218	0.0003755665653840868	30.4690378159	28.347496412
3.81705700398	5.38951310861	0.434668572636	-0.0	-0.0	0.01601647492	0.376811595484	0.00036996169317874295	29.6873655695	26.9344683935
3.8148475475	5.3903125	0.442908008758	-0.0	-0.0	0.0157008088667	0.377008283862	0.0003642410040684727	28.991492357	25.6932723917
3.79893946089	5.38302536799	0.451291928001	-0.0	-0.0	0.0153861453067	0.377204276514	0.00035983473363894556	28.3055933253	24.49012824
3.78833406982	5.38210361068	0.460176044096	-0.0	-0.0	0.0150615938533	0.377406382272	0.0003547273302057018	27.6060398367	23.2807333454
3.78258948299	5.37869264613	0.469579327316	-0.0	-0.0	0.0147288175867	0.3776135304	0.000349019241511218	26.8978569742	22.0722208922
3.77242598321	5.375	0.479687133738	-0.0	-0.0	0.01438135024	0.37782975198	0.0003434498168885395	26.1686741531	20.8473155143
3.76403004861	5.36515437933	0.490717075807	-0.0	-0.0	0.0140122525067	0.378059344201	0.00033730414740778104	25.4053875709	19.5896442915
3.74900574459	5.35680454689	0.502557140303	-0.0	-0.0	0.0136243910667	0.378300532862	0.00033137160858115103	24.6152751706	18.3201920083
3.73707467963	5.34957291996	0.515444650584	-0.0	-0.0	0.0132094509467	0.3785584474	0.0003246842038022024	23.7849806236	17.0247678054
3.71277065842	5.33608640407	0.5293174276	-0.0	-0.0	0.01277572772	0.378827922593	0.000318701775498938	22.9319633119	15.7293685977
3.69465311533	5.32049649905	0.544463669006	-0.0	-0.0	0.01231776044	0.379112333949	0.0003117071130627738	22.0477977872	14.4240147482
3.67786124613	5.30168843581	0.561398191656	-0.0	-0.0	0.01182521716	0.379418066646	0.00030389461535870006	21.1129978294	13.0867931098
3.66106937693	5.28380102041	0.579848080529	-0.0	-0.0	0.0113024593733	0.37974240195	0.000295547729557323	20.1458904196	11.7576740866
3.64162615996	5.27223288548	0.595387245148	-0.0	-0.0	0.0108728496533	0.380008810396	0.00028912732102512095	19.368302528	10.7313586278
3.64295183385	5.27351247601	0.594697310186	-0.0	-0.0	0.0108816798667	0.380003338734	0.0002891894111203414	19.3843076424	10.7653210909
3.64295183385	5.27351247601	0.594473614512	-0.0	-0.0	0.0108864721867	0.380000371736	0.00028927507824788975	19.3926039097	10.7780751373
3.64295183385	5.27351247601	0.593890813579	-0.0	-0.0	0.0108968437467	0.379993940021	0.0002894609360090971	19.4106466657	10.8093630015
3.64516129032	5.27479206654	0.593050309584	-0.0	-0.0	0.0109103873067	0.379985539961	0.00028953559960567777	19.4347522229	10.8535256764
3.64516129032	5.27406459866	0.591996947064	-0.0	-0.0	0.0109278105333	0.379974737215	0.00028985611480219597	19.4657113014	10.9094668166
3.65046398586	5.2774049217	0.589741213627	-0.0	-0.0	0.0109653968133	0.379951432334	0.0002901247298407469	19.5324731352	11.0301904109
3.65885992046	5.28977635783	0.569671517193	-0.0	-0.0	0.01131748792	0.37973308031	0.00029591769670303026	20.164576722	12.1683034012
3.6721166593	5.30968360499	0.549858503498	-0.0	-0.0	0.0117002902933	0.379495595209	0.0003018745643992511	20.8642229005	13.4187404615
3.68714096332	5.32471264368	0.532670041117	-0.0	-0.0	0.01206754608	0.379267669525	0.0003073689424057851	21.5467216802	14.6263009808
3.69863013699	5.33609693878	0.517236549844	-0.0	-0.0	0.0124285490533	0.379043545995	0.0003130279051423143	22.2284127687	15.8238492926
3.71144498453	5.34245703374	0.503040542439	-0.0	-0.0	0.01279275704	0.378817344365	0.0003186258173903818	22.927137064	17.0389786603
3.72381794079	5.35996180777	0.489936246261	-0.0	-0.0	0.0131643214933	0.378586492085	0.00032437926274973247	23.6501455295	18.2785740761
3.73309765798	5.36499364676	0.478012186741	-0.0	-0.0	0.0135363507067	0.378355265098	0.0003303829136078512	24.3839576	19.5214265407
3.74414494034	5.37190868738	0.467786858588	-0.0	-0.0	0.01388941736	0.378135746557	0.00033585931965973963	25.0886020756	20.6953890815
3.75033141847	5.37812995246	0.45848852483	-0.0	-0.0	0.0142436939733	0.377915393328	0.00034178178624110053	25.8040429384	21.8675315274
3.76093680954	5.38417721519	0.45016951483	-0.0	-0.0	0.0145923324	0.377698478399	0.00034717461592005336	26.5155595413	23.015466303
3.77154220062	5.39380530973	0.44246624904	-0.0	-0.0	0.0149523432267	0.377474402731	0.00035273478395207535	27.2569683363	24.1865634103
3.7812638091	5.3969706532	0.435670564896	-0.0	-0.0	0.01531051036	0.377251389154	0.0003583029960325352	28.0003337296	25.3316922256
3.79186920018	5.39974819012	0.429997897829	-0.0	-0.0	0.0156541339733	0.377037367247	0.00036346804074360715	28.7165282278	26.4008362198
3.80203269996	5.40351979887	0.425047713342	-0.0	-0.0	0.0160203404533	0.37680919172	0.0003689929913442383	29.4780455767	27.4825873295
3.80600972161	5.40936223688	0.421305634925	-0.0	-0.0	0.0163805580933	0.376584661763	0.0003749205693567438	30.2236423972	28.4763018117
3.81970835175	5.41353383459	0.418588530079	-0.0	-0.0	0.0167494498533	0.376354648511	0.0003799505321798987	30.9818862859	29.4145149704
3.82898806894	5.4160675211	0.416590659089	-0.0	-0.0	0.0171536889067	0.376102504264	0.0003859301382554305	31.8094325372	30.3700237733
3.83252319929	5.41950609565	0.416354657663	-0.0	-0.0	0.0172135081733	0.376065173095	0.0003865918190895181	31.9318246867	30.5070650236
3.8316394167	5.41950609565	0.416530791557	-0.0	-0.0	0.0172105263333	0.376067026577	0.0003866167966231738	31.9240736471	30.4845960758
3.83075563411	5.41856830259	0.416721149902	-0.0	-0.0	0.0172006025333	0.37607321568	0.00038652307924451026	31.9017127217	30.4469810386
3.83031374282	5.41763050953	0.41698232571	-0.0	-0.0	0.01718904456	0.376080435096	0.00038635425780160753	31.8757330966	30.399902902
3.83119752541	5.416875	0.417135732425	-0.0	-0.0	0.0171828699867	0.37608428351	0.00038614944666274	31.8616724861	30.3734165088
3.83075563411	5.41794310722	0.417476562578	-0.0	-0.0	0.01716859528	0.376093193671	0.00038592721352156273	31.8292840103	30.3135328279
3.82722050376	5.41588492808	0.417924285835	-0.0	-0.0	0.0171501267867	0.376104716184	0.0003859386883281361	31.787423631	30.2356429562
3.82942996023	5.415	0.420051873668	-0.0	-0.0	0.01706294408	0.376159105316	0.0003840934565418431	31.5901895746	29.8689755088
3.81573133009	5.40958947039	0.42802397249	-0.0	-0.0	0.01674356016	0.376358314939	0.0003795240312352069	30.8727133477	28.5420190574
3.8064516129	5.40583804143	0.436814868088	-0.0	-0.0	0.0164037507733	0.376570202923	0.0003741231371490673	30.1181884229	27.15923364
3.7984975696	5.40396101855	0.445178080963	-0.0	-0.0	0.0160906825333	0.376765347051	0.00036907753940030745	29.43127352	25.9143477557
3.7896597437	5.39987405542	0.453763913977	-0.0	-0.0	0.0157808553067	0.376958413597	0.0003641772448590542	28.7593886788	24.7064535753
3.78082191781	5.39495268139	0.4624914668	-0.0	-0.0	0.0154743623067	0.377149342222	0.0003593418954784545	28.1027586738	23.5412049582
3.77065841803	5.38869592674	0.471798063424	-0.0	-0.0	0.0151550994533	0.37734816356	0.00035439360002750814	27.4270786892	22.3611827758
3.76270437472	5.37819905213	0.481482018047	-0.0	-0.0	0.0148316887067	0.377549503296	0.00034916804616592077	26.7518718887	21.199563064
3.74988952718	5.36993670886	0.491802903173	-0.0	-0.0	0.0144959934	0.377758421938	0.00034415586320401186	26.0603783447	20.0298999548
3.73265576668	5.35881979695	0.502378228787	-0.0	-0.0	0.0141610572533	0.377966793059	0.00033955455612195507	25.3803424558	18.8997684768
3.71851524525	5.34710743802	0.514268779405	-0.0	-0.0	0.0137938848667	0.378195149726	0.00033408039580185044	24.6458744489	17.7042874459
3.7057003977	5.33768300446	0.527090576129	-0.0	-0.0	0.0134071160933	0.378435597924	0.0003281151201947998	23.8840133486	16.4955875191
3.69465311533	5.32695984704	0.541261438796	-0.0	-0.0	0.0129895113467	0.378695111977	0.00032141457769329723	23.0744755243	15.2485504238
3.68404772426	5.31409438776	0.555760280726	-0.0	-0.0	0.0125746587867	0.378952808444	0.0003147110746916998	22.2839082182	14.064836467
3.67123287671	5.2985645933	0.572107548731	-0.0	-0.0	0.0121117381733	0.379240237457	0.00030727110245949653	21.4158540328	12.8210303466
3.6553247901	5.28361545832	0.59067547276	-0.0	-0.0	0.0115982158533	0.379558929616	0.00029913760687492796	20.471636957	11.524339726
3.6389748122	5.2695262484	0.609844803669	-0.0	-0.0	0.0110636225333	0.379890519607	0.00029060332528764416	19.5078688285	10.2867036467
3.61201944322	5.25072324012	0.63342798743	-0.0	-0.0	0.0104102220533	0.380295572111	0.000280649283887172	18.3598521462	8.90688428335
3.57755192223	5.23076923077	0.661995221771	-0.0	-0.0	0.00965482125333	0.38076351763	0.00026934246564964753	17.0766792479	7.45097622682
3.53513035793	5.20162601626	0.690590772616	-0.0	-0.0	0.00892951114667	0.381212496199	0.00025912080427080696	15.8889668764	6.19380698838
