# C		CN		K0		e_x		e_y		e_z		n		overlap		p		q
3.44940344675	5.25698888515	0.736640035177	-0.0	-0.0	1.87240000048e-07	0.386661320201	0.000130160606813	5.5863593639	1.78454121294
3.46707909854	5.26857142857	0.651357810305	-0.0	-0.0	0.000531443826667	0.38633539342	0.000139046767037	6.16745191823	2.80134540587
3.48696420681	5.26084056037	0.574152083994	-0.0	-0.0	0.00134984762667	0.385832962406	0.000152521187125	7.10093057479	4.22274908559
3.50817498895	5.26792828685	0.533577530019	-0.0	-0.0	0.00212068413333	0.38535935752	0.000164732632108	8.01326862806	5.42422087977
3.51878038003	5.2678807947	0.507624657983	-0.0	-0.0	0.00286652962667	0.384900759566	0.000176791699348	8.92800633775	6.54399950307
3.53071144498	5.26897689769	0.489061502921	-0.0	-0.0	0.00361248325333	0.38444175288	0.00018866286945	9.87380156128	7.65104897208
3.54794520548	5.26872536137	0.475757625096	-0.0	-0.0	0.00433858268	0.383994634083	0.000199794484263	10.8231904048	8.7224146078
3.55810870526	5.26775777414	0.465639170289	-0.0	-0.0	0.00503626472	0.383564708244	0.000210737844389	11.7630249107	9.76405050345
3.57401679187	5.2706227584	0.457523813798	-0.0	-0.0	0.00572674384	0.383138925566	0.000221240052704	12.7212254929	10.8106374846
3.59080866107	5.2763884378	0.450751727991	-0.0	-0.0	0.00641326198667	0.382715293846	0.000231579999304	13.7016834979	11.8731721909
3.61422889969	5.2944606414	0.445225015975	-0.0	-0.0	0.00707321445333	0.382307780826	0.000240982130299	14.6692751756	12.9146183665
3.63367211666	5.29925830377	0.44050448783	-0.0	-0.0	0.00772982676	0.381902065473	0.000250529898463	15.6559638445	13.9703344689
3.65223155104	5.30378933847	0.436567476336	-0.0	-0.0	0.00836371930667	0.381510131445	0.000259683070156	16.6304691381	15.0071630175
3.67432611578	5.30852762696	0.433166736094	-0.0	-0.0	0.00898968749333	0.381122855265	0.000268405885664	17.6142378655	16.0491189104
3.68448961555	5.31409438776	0.43031952041	-0.0	-0.0	0.00960245564	0.380743510851	0.000277718843405	18.5957450327	17.0806363558
3.69111798498	5.31033386328	0.427602483281	-0.0	-0.0	0.01020852716	0.380368083373	0.000287188390588	19.5878334978	18.1306552981
3.70039770217	5.31186548223	0.425237107565	-0.0	-0.0	0.0108068733867	0.379997218012	0.000296299308997	20.5848703703	19.1811691366
3.71321254971	5.32593532023	0.423138636747	-0.0	-0.0	0.0114085767867	0.379624050116	0.000305148228444	21.6047737161	20.2509548228
3.72470172338	5.33639531201	0.42091210771	-0.0	-0.0	0.0121410528933	0.379169470947	0.00031622855544	22.869738364	21.5714211088
3.74370304905	5.34438131313	0.419160489224	-0.0	-0.0	0.0127213886267	0.378809076242	0.000324161947753	23.8930240657	22.6478605836
3.75386654883	5.35203277655	0.417596353874	-0.0	-0.0	0.0132863232	0.378458044867	0.000332582626093	24.906091752	23.7120580076
3.76889085285	5.35795097423	0.416205289397	-0.0	-0.0	0.0138520024667	0.378106352006	0.000340551405589	25.9360140252	24.7891623918
3.77419354839	5.36255105247	0.414846128455	-0.0	-0.0	0.01442276032	0.377751302056	0.00034945981263	26.99318191	25.8980681155
3.79098541759	5.36545682103	0.413498565346	-0.0	-0.0	0.0150851648267	0.377338983119	0.00035880783794	28.2388323834	27.1956350028
3.79628811312	5.36309709647	0.412444156387	-0.0	-0.0	0.0156255701333	0.377002402865	0.000367229832585	29.2719587986	28.2739118757
3.80910296067	5.37250623441	0.411353048325	-0.0	-0.0	0.0161585611733	0.376670270694	0.000374814546499	30.3071948906	29.3633261868
3.82501104728	5.38258164852	0.410443722254	-0.0	-0.0	0.01669558644	0.376335431009	0.000382121874861	31.3633549257	30.4639303929
3.82545293858	5.38530967943	0.410078176739	-0.0	-0.0	0.0169151308667	0.376198500887	0.000385710288776	31.7992100719	30.9188514734
3.82501104728	5.38499844382	0.410361802369	-0.0	-0.0	0.0169067821467	0.376203699314	0.000385586893953	31.7788328131	30.874560511
3.82501104728	5.38562091503	0.410555440137	-0.0	-0.0	0.0168967420667	0.376209962247	0.000385400531571	31.7562266219	30.8359066328
3.8232434821	5.38406473701	0.410896695837	-0.0	-0.0	0.01688252576	0.376218826294	0.000385311562134	31.7238070719	30.7750587725
3.8236853734	5.38363410081	0.411130990314	-0.0	-0.0	0.0168722147467	0.376225261958	0.000385073706516	31.7003761069	30.7321932025
3.82545293858	5.38456751711	0.411547489593	-0.0	-0.0	0.0168547711067	0.376236142765	0.00038456671146	31.6604970775	30.6578086145
3.82545293858	5.38456751711	0.411944640152	-0.0	-0.0	0.01683766904	0.376246810325	0.000384243981574	31.6214816831	30.5860371968
3.82235969951	5.38238954574	0.412525853873	-0.0	-0.0	0.0168131410133	0.376262108055	0.000384093107089	31.5656382962	30.482418103
3.82103402563	5.37990043559	0.414547589339	-0.0	-0.0	0.01672814476	0.376315115557	0.000382622652249	31.3721749235	30.1245921767
3.81263809103	5.37476635514	0.423367760301	-0.0	-0.0	0.01636665716	0.376540536308	0.000376647085415	30.5554729447	28.6222969169
3.80424215643	5.36669784846	0.432223156642	-0.0	-0.0	0.01601647492	0.376758822517	0.000370826899982	29.7723720684	27.1995980444
3.79275298277	5.363125	0.44040722803	-0.0	-0.0	0.0157008088667	0.37695552743	0.000365989102567	29.0764087802	25.9530356157
3.78391515687	5.36098935504	0.448728702745	-0.0	-0.0	0.0153861453067	0.377151546102	0.000360897286604	28.3903937366	24.7449178139
3.76889085285	5.35709798995	0.457544654032	-0.0	-0.0	0.0150615938533	0.377353659673	0.000356206970086	27.6912545837	23.5309168437
3.75961113566	5.35	0.466814138958	-0.0	-0.0	0.0147288175867	0.377560827125	0.00035081911593	26.9832975167	22.3214247814
3.74502872293	5.34174022699	0.476799161304	-0.0	-0.0	0.01438135024	0.377777066843	0.00034563965802	26.2538128771	21.0934101816
3.73442333186	5.33165036289	0.487637208115	-0.0	-0.0	0.0140122525067	0.378006685538	0.000339691772247	25.4899411202	19.8353666053
3.71984091913	5.3246835443	0.499326746919	-0.0	-0.0	0.0136243910667	0.378247880657	0.000333720186435	24.6992553013	18.5618815946
3.70746796288	5.31558935361	0.512120989461	-0.0	-0.0	0.0132094509467	0.378505822361	0.000327069553252	23.8685356814	17.258249299
3.69155987627	5.30695900858	0.525781242334	-0.0	-0.0	0.01277572772	0.378775320373	0.000320349779369	23.0158986642	15.9603779354
3.67918692002	5.29894937918	0.540676275702	-0.0	-0.0	0.01231776044	0.379059755814	0.000312887023807	22.1333326328	14.6534974613
3.65885992046	5.28817891374	0.557143274048	-0.0	-0.0	0.01182521716	0.379365515095	0.000305356537758	21.1987430536	13.3208139901
3.63367211666	5.27462303497	0.575216385932	-0.0	-0.0	0.0113024593733	0.37968987717	0.000297743172459	20.2333247522	11.9903094744
3.62350861688	5.26396917148	0.590669661974	-0.0	-0.0	0.0108728496533	0.379956311193	0.000290630065604	19.4569189799	10.9533264296
3.62395050817	5.26396917148	0.590072665546	-0.0	-0.0	0.0108816798667	0.379950836765	0.000290759428577	19.4728053502	10.9842702838
3.62395050817	5.26396917148	0.589825716045	-0.0	-0.0	0.0108864721867	0.37994786457	0.000290846199212	19.4812130146	10.9981244907
3.62350861688	5.26429030186	0.589230545453	-0.0	-0.0	0.0108968437467	0.379941434267	0.000291070382507	19.4994618661	11.0304242038
3.62262483429	5.26429030186	0.588407583345	-0.0	-0.0	0.0109103873067	0.379933035771	0.000291391030956	19.5235865789	11.0745647652
3.62571807335	5.26548956661	0.587364770621	-0.0	-0.0	0.0109278105333	0.37992223211	0.000291463074059	19.5546139865	11.1309325707
3.62439239947	5.26653821452	0.585139617139	-0.0	-0.0	0.0109653968133	0.379898931414	0.000292259740357	19.6214936689	11.2522576549
3.6385329209	5.27893555627	0.565308054702	-0.0	-0.0	0.01131748792	0.379680554741	0.000297581371049	20.2545093674	12.3970790033
3.65399911622	5.29913433793	0.545748829458	-0.0	-0.0	0.0117002902933	0.379443054389	0.000303343226793	20.954802402	13.6534843522
3.66637207247	5.30550223928	0.528734816404	-0.0	-0.0	0.01206754608	0.379215108078	0.000309054819257	21.6383841928	14.8688713603
3.67653557225	5.31543624161	0.513549438242	-0.0	-0.0	0.0124285490533	0.378990958894	0.000314817465833	22.3210141138	16.0693737942
3.68669907203	5.32163369496	0.499556102935	-0.0	-0.0	0.01279275704	0.378764741249	0.000320631683434	23.0200864228	17.2880667624
3.6973044631	5.33014659018	0.486593224908	-0.0	-0.0	0.0131643214933	0.37853386942	0.000326523617659	23.7431303133	18.5332977011
3.70923552806	5.34022915341	0.474891744307	-0.0	-0.0	0.0135363507067	0.378302624923	0.000332288433229	24.4766807983	19.7758990691
3.72470172338	5.35292249047	0.464838283301	-0.0	-0.0	0.01388941736	0.37808308918	0.000337373873511	25.1818184067	20.951197835
3.73663278833	5.36187757691	0.455655305591	-0.0	-0.0	0.0142436939733	0.377862719793	0.000342771401309	25.8977060544	22.1271395747
3.74237737517	5.36513470681	0.447537866238	-0.0	-0.0	0.0145923324	0.377645778008	0.000348601443422	26.609112906	23.2716725379
3.74944763588	5.36263041416	0.440028283645	-0.0	-0.0	0.0149523432267	0.377421686603	0.000354469711781	27.3496622508	24.438154009
3.76093680954	5.37026515152	0.433413757753	-0.0	-0.0	0.01531051036	0.37719865343	0.000359858756992	28.0915630183	25.5775528224
3.77154220062	5.37799495586	0.427814122044	-0.0	-0.0	0.0156541339733	0.376984614017	0.000365023801944	28.807238244	26.6482712127
3.78038002651	5.38720856963	0.423011821381	-0.0	-0.0	0.0160203404533	0.376756413353	0.000370681492309	29.568675262	27.7257165429
3.78038002651	5.38633501259	0.419275725068	-0.0	-0.0	0.0163805580933	0.376531875594	0.000377016161181	30.315015736	28.725873619
3.78258948299	5.39174283013	0.416610484461	-0.0	-0.0	0.0167494498533	0.376301837841	0.000383189921781	31.0740448239	29.666263254
3.78789217852	5.39672544081	0.414625651922	-0.0	-0.0	0.0171536889067	0.376049662167	0.0003895739479	31.9022536014	30.6268923219
3.7896597437	5.3958464443	0.414392201657	-0.0	-0.0	0.0172135081733	0.376012340619	0.000390408669663	32.0245871548	30.7644486839
3.790101635	5.39616110761	0.414568191543	-0.0	-0.0	0.0172105263333	0.376014185567	0.000390299306482	32.0168794938	30.7418842628
3.790101635	5.39829974811	0.414756699223	-0.0	-0.0	0.0172006025333	0.376020382315	0.000390115148148	31.9944686173	30.7041453253
3.7896597437	5.39874015748	0.41501653838	-0.0	-0.0	0.01718904456	0.376027600213	0.000389948039594	31.9685308007	30.6569242625
3.7896597437	5.39874015748	0.415167637786	-0.0	-0.0	0.0171828699867	0.376031451805	0.000389832332626	31.9544981853	30.6304941611
3.78745028723	5.39716535433	0.415513300715	-0.0	-0.0	0.01716859528	0.376040354208	0.000389792398815	31.9220923441	30.5697989978
3.78612461335	5.39622047244	0.415953629081	-0.0	-0.0	0.0171501267867	0.376051882318	0.000389584314957	31.8803137958	30.4921247949
3.78745028723	5.39716535433	0.418063643711	-0.0	-0.0	0.01706294408	0.376106272952	0.000387821475748	31.6832165156	30.1247343268
3.77463543968	5.38769716088	0.42597791348	-0.0	-0.0	0.01674356016	0.376305502275	0.000383166075656	30.9662439189	28.794382167
3.77110030932	5.3832807571	0.434710811475	-0.0	-0.0	0.0164037507733	0.376517409514	0.000377177444947	30.2121113478	27.407268159
3.7644719399	5.37720959596	0.443046823744	-0.0	-0.0	0.0160906825333	0.376712564225	0.000372001155818	29.525512001	26.1561684036
3.76182059213	5.37385538364	0.451520316201	-0.0	-0.0	0.0157808553067	0.376905653063	0.000366496490207	28.8536924322	24.947965638
3.75254087494	5.36536030341	0.46018327678	-0.0	-0.0	0.0154743623067	0.377096588467	0.000361688192967	28.1966202369	23.7782840687
3.74414494034	5.36170886076	0.46946591617	-0.0	-0.0	0.0151550994533	0.377295436031	0.000356551522803	27.5205101191	22.5906373484
3.73309765798	5.35775451951	0.479088804999	-0.0	-0.0	0.0148316887067	0.377496792817	0.000351597299227	26.8446422322	21.4235030466
3.71939902784	5.35082697201	0.489288897493	-0.0	-0.0	0.0144959934	0.37770572915	0.000346663945301	26.1525317197	20.2514983364
3.70481661511	5.34268409308	0.499769393772	-0.0	-0.0	0.0141610572533	0.37791412069	0.000341831030799	25.47149871	19.116843325
3.69642068051	5.33290816327	0.511552410647	-0.0	-0.0	0.0137938848667	0.378142488818	0.00033582761983	24.7357038807	17.9161674734
3.68360583297	5.32353880549	0.524176668437	-0.0	-0.0	0.0134071160933	0.378382955778	0.000329861101145	23.973195707	16.7065988726
3.67432611578	5.31329923274	0.538064451037	-0.0	-0.0	0.0129895113467	0.378642498511	0.000322994922867	23.1637461723	15.4616957456
3.66151126823	5.30451488953	0.552342770232	-0.0	-0.0	0.0125746587867	0.3789002168	0.000316481130736	22.3728304081	14.2758038053
3.64118426867	5.28690629012	0.568495039302	-0.0	-0.0	0.0121117381733	0.379187670153	0.000309687358309	21.5051095763	13.0270536426
3.62395050817	5.26928020566	0.586739744569	-0.0	-0.0	0.0115982158533	0.379506389299	0.000301696980399	20.5619499909	11.728801787
3.60980998674	5.25643500644	0.605832180578	-0.0	-0.0	0.0110636225333	0.379838012389	0.000293016606326	19.5999179793	10.4794249975
3.57799381352	5.23134087237	0.629774356871	-0.0	-0.0	0.0104102220533	0.380243094175	0.000283490590511	18.4513758988	9.06973919243
3.5461776403	5.20837390458	0.658766141582	-0.0	-0.0	0.00965482125333	0.380711082256	0.000272024784076	17.1674959024	7.58323529131
3.52143172779	5.19295958279	0.688253344229	-0.0	-0.0	0.00892951114667	0.38116009591	0.000260540559473	15.9794722301	6.28849106915
