# C		CN		K0		e_x		e_y		e_z		n		overlap		p		q
3.44984533805	5.24084648975	0.736552345183	-0.0	-0.0	1.87240000048e-07	0.388518442531	0.000130675649553	5.58596066824	1.78513458449
3.48033583738	5.24666666667	0.651421927174	-0.0	-0.0	0.000531443826667	0.388193502621	0.000139024474844	6.15962706206	2.79712095099
3.49270879364	5.24850498339	0.574780850827	-0.0	-0.0	0.00134984762667	0.387692592913	0.000152805366861	7.08173267362	4.20265443857
3.50861688025	5.24909030764	0.533204729143	-0.0	-0.0	0.00212068413333	0.38722042205	0.000165242244152	7.985043736	5.41138732975
3.5298276624	5.24507227332	0.506716388136	-0.0	-0.0	0.00286652962667	0.386763212681	0.000176810894042	8.88999307214	6.53404664473
3.55545735749	5.2580117724	0.488150205723	-0.0	-0.0	0.00361248325333	0.386305595816	0.000188023336495	9.82610044616	7.63470087257
3.56385329209	5.25766470972	0.474851111895	-0.0	-0.0	0.00433858268	0.385859830846	0.000199655720327	10.7658777704	8.69931111266
3.5797613787	5.27074520013	0.464416964677	-0.0	-0.0	0.00503626472	0.385431206776	0.000210369722107	11.6991410888	9.7455691747
3.5965532479	5.2788055826	0.456026012075	-0.0	-0.0	0.00572674384	0.385006713321	0.000220852815508	12.6506590974	10.7972420083
3.60318161732	5.28127025275	0.448987326846	-0.0	-0.0	0.00641326198667	0.384584364311	0.00023182937854	13.6237906044	11.8656188555
3.62483429076	5.28253865979	0.443324014179	-0.0	-0.0	0.00707321445333	0.384178088936	0.000241323777995	14.5831668345	12.9087651517
3.64162615996	5.28667736758	0.438513409714	-0.0	-0.0	0.00772982676	0.383773596167	0.000251031861647	15.5613315889	13.9648708112
3.65090587715	5.28923766816	0.434419591576	-0.0	-0.0	0.00836371930667	0.383382851011	0.000260863759594	16.5285800127	15.0064935258
3.664162616	5.29964822514	0.430938681646	-0.0	-0.0	0.00898968749333	0.38299674746	0.000270212155767	17.50333774	16.049079246
3.67830313743	5.30041414463	0.427893524406	-0.0	-0.0	0.00960245564	0.382618551659	0.000279257108285	18.4776051476	17.0889610936
3.69244365886	5.30317460317	0.425057280375	-0.0	-0.0	0.01020852716	0.382244260935	0.000288164363397	19.4615090901	18.1436109985
3.7057003977	5.31410459588	0.422662113218	-0.0	-0.0	0.0108068733867	0.381874518513	0.000296952401464	20.4491217025	19.1934607606
3.71807335395	5.32215189873	0.420495136483	-0.0	-0.0	0.0114085767867	0.381502478392	0.000305832914809	21.4603635823	20.2658078938
3.73000441891	5.32743921692	0.418145419128	-0.0	-0.0	0.0121410528933	0.38104928155	0.000316837474301	22.7146468612	21.5923660682
3.73619089704	5.3336489899	0.416512155857	-0.0	-0.0	0.0127213886267	0.380689974306	0.000325786420307	23.7255199333	22.656904857
3.74547061423	5.33879609203	0.415088973057	-0.0	-0.0	0.0132863232	0.380340005816	0.000334190915698	24.7243905237	23.7051845409
3.76182059213	5.35031446541	0.413765136527	-0.0	-0.0	0.0138520024667	0.379989377843	0.00034198697491	25.7410061474	24.7715872842
3.77419354839	5.35844318895	0.412483993398	-0.0	-0.0	0.01442276032	0.379635408786	0.000350215860039	26.7833890271	25.8673081583
3.78214759169	5.36332288401	0.411146874051	-0.0	-0.0	0.0150851648267	0.37922433738	0.000360311150045	28.0129264092	27.1561584957
3.79496243924	5.37015018773	0.410229257633	-0.0	-0.0	0.0156255701333	0.378888771339	0.00036790485014	29.0296478556	28.2140518273
3.79982324348	5.37	0.409312381675	-0.0	-0.0	0.0161585611733	0.378557636381	0.000376141607744	30.0469962	29.2777085975
3.80159080866	5.373125	0.408470145191	-0.0	-0.0	0.01669558644	0.378223820175	0.000384738594212	31.0845745957	30.3600299823
3.80203269996	5.36891385768	0.408147732257	-0.0	-0.0	0.0169151308667	0.378087297281	0.000388282341571	31.5124641364	30.8056542435
3.79982324348	5.36840462067	0.40844754005	-0.0	-0.0	0.0169067821467	0.378092486175	0.000388336672697	31.4919639427	30.7598643582
3.80203269996	5.36902903528	0.408648472492	-0.0	-0.0	0.0168967420667	0.378098730145	0.0003879236288	31.4694796865	30.7206671984
3.7984975696	5.37125	0.408987793838	-0.0	-0.0	0.01688252576	0.378107569524	0.000388018137762	31.4375609393	30.6604484235
3.7984975696	5.3709375	0.409220362849	-0.0	-0.0	0.0168722147467	0.378113982982	0.000387825519329	31.414491232	30.6180588716
3.7980556783	5.370625	0.409634879352	-0.0	-0.0	0.0168547711067	0.378124827166	0.000387543391195	31.3752883077	30.5444683701
3.79938135219	5.371875	0.410034852192	-0.0	-0.0	0.01683766904	0.378135463363	0.000387087692513	31.3369018812	30.4730306301
3.79761378701	5.370625	0.410612425102	-0.0	-0.0	0.0168131410133	0.378150719573	0.000386807487261	31.2818764612	30.3704662886
3.79540433053	5.37116948093	0.412625577559	-0.0	-0.0	0.01672814476	0.378203568401	0.000385431144668	31.0911643899	30.0158496139
3.79054352629	5.36850344396	0.4213295805	-0.0	-0.0	0.01636665716	0.378428303263	0.000379134385111	30.2872996327	28.534356361
3.7812638091	5.36363636364	0.430065125228	-0.0	-0.0	0.01601647492	0.378645928525	0.000373479722128	29.5177107408	27.132249643
3.77065841803	5.35331032319	0.438219886834	-0.0	-0.0	0.0157008088667	0.378842037959	0.000368567885967	28.8313706494	25.8951407236
3.7649138312	5.35050251256	0.446522691129	-0.0	-0.0	0.0153861453067	0.379037455889	0.000363226624026	28.1562146604	24.6964379158
3.7565178966	5.34118755891	0.455314309294	-0.0	-0.0	0.0150615938533	0.379238964579	0.000357947681257	27.4678278523	23.4917439847
3.74900574459	5.33826305853	0.464580333776	-0.0	-0.0	0.0147288175867	0.379445498754	0.000352402156128	26.7698135434	22.28909941
3.74237737517	5.33627481878	0.474432803053	-0.0	-0.0	0.01438135024	0.379661089719	0.000346507442748	26.0513258737	21.076449202
3.72602739726	5.32396589833	0.485309431016	-0.0	-0.0	0.0140122525067	0.379890012649	0.000341088615056	25.2984728997	19.8225323964
3.71586389748	5.3198354951	0.496968361376	-0.0	-0.0	0.0136243910667	0.380130483269	0.000334749943495	24.5197650053	18.5575862492
3.71011931065	5.31443951868	0.509704770051	-0.0	-0.0	0.0132094509467	0.380387634192	0.000327486731746	23.6990302232	17.2617607902
3.69332744145	5.30781448539	0.523461767554	-0.0	-0.0	0.01277572772	0.380656320647	0.000320877462137	22.856928688	15.9637625089
3.67167476801	5.29308697037	0.538450421261	-0.0	-0.0	0.01231776044	0.380939888032	0.000314215152636	21.9850464814	14.6572076061
3.65178965974	5.27490421456	0.555041502251	-0.0	-0.0	0.01182521716	0.381244733664	0.000306771097136	21.066335345	13.3269329807
3.63985859479	5.26574992005	0.573225787958	-0.0	-0.0	0.0113024593733	0.381568108266	0.000298035291316	20.111259517	11.9960315385
3.61643835616	5.25634436235	0.588619294805	-0.0	-0.0	0.0108728496533	0.381833735556	0.000291991498457	19.3451822378	10.9655892778
3.61732213875	5.2587592414	0.588047781465	-0.0	-0.0	0.0108816798667	0.381828276992	0.000292079366604	19.3606764737	10.9953906826
3.61908970393	5.25899742931	0.587668994263	-0.0	-0.0	0.0108864721867	0.381825314508	0.000292028115151	19.3693537589	11.0142678857
3.61511268228	5.25852090032	0.587143394222	-0.0	-0.0	0.0108968437467	0.381818903039	0.000292536573927	19.3872984092	11.0438617283
3.61643835616	5.25771208226	0.58631124038	-0.0	-0.0	0.0109103873067	0.38181053061	0.000292680064253	19.4112316528	11.0882701661
3.61776403005	5.25931876607	0.585306463344	-0.0	-0.0	0.0109278105333	0.381799759661	0.00029289226414	19.4417238802	11.1429686087
3.61997348652	5.25850995504	0.583090350881	-0.0	-0.0	0.0109653968133	0.381776523377	0.000293405813044	19.5079477452	11.2636747842
3.6305788776	5.26884825152	0.563433767774	-0.0	-0.0	0.01131748792	0.381558816302	0.000299024982858	20.1340161028	12.3982778467
3.64383561644	5.28132008971	0.543976197817	-0.0	-0.0	0.0117002902933	0.381322027992	0.000304970547489	20.8263369198	13.645864773
3.65709235528	5.29142674344	0.527040799091	-0.0	-0.0	0.01206754608	0.381094776572	0.000310602247845	21.5014321767	14.8523313626
3.67167476801	5.2975127551	0.511928286745	-0.0	-0.0	0.0124285490533	0.380871311297	0.000315983259859	22.1751058964	16.0431950587
3.67918692002	5.30739795918	0.498026134596	-0.0	-0.0	0.01279275704	0.380645773555	0.000322017860796	22.8643924264	17.2500404276
3.69244365886	5.32175852182	0.485114042735	-0.0	-0.0	0.0131643214933	0.380415600781	0.000327663176781	23.5770033754	18.4843593113
3.70172337605	5.33280254777	0.473399001199	-0.0	-0.0	0.0135363507067	0.380185054402	0.000333647979044	24.2999086597	19.7190815203
3.71056120194	5.33969465649	0.463302531653	-0.0	-0.0	0.01388941736	0.379966179777	0.000339303849874	24.994437647	20.8882219767
3.72205037561	5.34847522236	0.454172024228	-0.0	-0.0	0.0142436939733	0.37974647738	0.000344733326878	25.6991382531	22.0515403758
3.72514361467	5.35058748809	0.446049486092	-0.0	-0.0	0.0145923324	0.379530195468	0.000350809069572	26.3996914937	23.1871422451
3.73486522316	5.35053831539	0.43850314479	-0.0	-0.0	0.0149523432267	0.379306779407	0.000356427315392	27.129077167	24.3465750732
3.7392841361	5.35517568851	0.431803473721	-0.0	-0.0	0.01531051036	0.379084427678	0.000362472574992	27.8597386307	25.4825301033
3.74856385329	5.36306135357	0.42620305438	-0.0	-0.0	0.0156541339733	0.378871029764	0.000367747593211	28.5637418293	26.5435118244
3.75828546178	5.36636162827	0.421197025371	-0.0	-0.0	0.0160203404533	0.378643526656	0.000373329946461	29.3155592006	27.6291592367
3.76535572249	5.37350157729	0.417360631193	-0.0	-0.0	0.0163805580933	0.378419662776	0.000378981911548	30.0526279727	28.6307973075
3.76800707026	5.3722029625	0.414674791755	-0.0	-0.0	0.0167494498533	0.378190324613	0.000385096341988	30.8002571826	29.5648799638
3.77817057004	5.37547169811	0.412678371978	-0.0	-0.0	0.0171536889067	0.377938914047	0.000390943725549	31.6152936108	30.5173426105
3.7817057004	5.37743557511	0.412380650117	-0.0	-0.0	0.0172135081733	0.377901701696	0.000391596702038	31.7365706261	30.6599383652
3.77949624392	5.3787354514	0.412491400526	-0.0	-0.0	0.0172105263333	0.377903556691	0.000391764446854	31.7292794182	30.6433975748
3.77772867875	5.37791063562	0.412746762338	-0.0	-0.0	0.0172006025333	0.37790972714	0.000391761272685	31.7069688875	30.5999772948
3.77551922227	5.37771482531	0.412998099239	-0.0	-0.0	0.01718904456	0.37791691555	0.000391776596995	31.6813557729	30.553759213
3.77596111357	5.37740006295	0.413149168454	-0.0	-0.0	0.0171828699867	0.377920761368	0.000391615392104	31.6675464497	30.5275303461
3.77551922227	5.3770853006	0.413493079993	-0.0	-0.0	0.01716859528	0.377929638615	0.00039139493669	31.6356488443	30.4674343558
3.77684489616	5.3770853006	0.413932879928	-0.0	-0.0	0.0171501267867	0.377941119718	0.000390913503567	31.5944841598	30.3903417008
3.7728678745	5.375	0.416031535754	-0.0	-0.0	0.01706294408	0.37799535133	0.000389698691591	31.4003528526	30.0265031002
3.76270437472	5.37267276743	0.423917156947	-0.0	-0.0	0.01674356016	0.378193981661	0.000384790233814	30.6939955594	28.7075806963
3.75872735307	5.37006630881	0.432605947985	-0.0	-0.0	0.0164037507733	0.378405242852	0.000378856730068	29.9510054059	27.3331234202
3.75121520106	5.36378002528	0.440880712911	-0.0	-0.0	0.0160906825333	0.378599817612	0.000373773578165	29.2746680884	26.0947503654
3.7476800707	5.36041732532	0.44930923587	-0.0	-0.0	0.0157808553067	0.378792314485	0.00036835549058	28.6132224403	24.8976361987
3.73795846222	5.35592146928	0.457853658252	-0.0	-0.0	0.0154743623067	0.378982679497	0.000363598142195	27.9663831486	23.7435105853
3.72912063632	5.3469581749	0.467025989519	-0.0	-0.0	0.0151550994533	0.379180917232	0.0003585240131	27.3007150192	22.5700835301
3.72381794079	5.34846080609	0.476582652429	-0.0	-0.0	0.0148316887067	0.379381664332	0.000353033300655	26.6345994384	21.412951618
3.71365444101	5.33905306641	0.486788451902	-0.0	-0.0	0.0144959934	0.379589968029	0.000347770494547	25.9520813198	20.2458406432
3.70083959346	5.33269659344	0.497316052877	-0.0	-0.0	0.0141610572533	0.379797727241	0.000342764535543	25.2802795487	19.1132851085
3.69023420239	5.32228243545	0.50906913129	-0.0	-0.0	0.0137938848667	0.380025410325	0.000336950269489	24.5541633877	17.9190846126
3.67653557225	5.30791320996	0.521610512129	-0.0	-0.0	0.0134071160933	0.380265150772	0.00033107413057	23.8012991559	16.7181492046
3.66548828988	5.30242966752	0.535426757458	-0.0	-0.0	0.0129895113467	0.380523900955	0.000324375309489	23.0017166294	15.4805475157
3.65178965974	5.29051889814	0.54953611728	-0.0	-0.0	0.0125746587867	0.380780838901	0.000317957509471	22.221485689	14.306287166
3.63676535572	5.27540878487	0.565554711106	-0.0	-0.0	0.0121117381733	0.381067421877	0.000310768183394	21.3668495487	13.0674572993
3.61953159523	5.25947334618	0.583724570875	-0.0	-0.0	0.0115982158533	0.381385175977	0.000302816276701	20.4361868251	11.7747848516
3.59566946531	5.24540470816	0.60287095016	-0.0	-0.0	0.0110636225333	0.381715794948	0.000294950340796	19.486101511	10.5250260382
3.57843570482	5.23544631307	0.626870496821	-0.0	-0.0	0.0104102220533	0.38211965019	0.000284276400417	18.3543138817	9.11622414356
3.54927087936	5.20817120623	0.655743186045	-0.0	-0.0	0.00965482125333	0.382586218338	0.000272722219688	17.0909311478	7.63621569502
3.52054794521	5.1828236825	0.684919757978	-0.0	-0.0	0.00892951114667	0.383033875345	0.00026171947511	15.9248570775	6.3518324195
