# C		CN		K0		e_x		e_y		e_z		n		overlap		p		q
3.4622182943	5.24798927614	0.73665148151	-0.0	-0.0	1.87240000048e-07	0.387033380501	0.000129800211969	5.58640424948	1.78446147292
3.47768448962	5.25375626043	0.652030398869	-0.0	-0.0	0.000531443826667	0.386707651432	0.000138746672865	6.16429900446	2.79288029371
3.50243040212	5.26529255319	0.575109263955	-0.0	-0.0	0.00134984762667	0.3862055252	0.000151966660506	7.09221295366	4.20433859575
3.51480335837	5.27079880676	0.533725673697	-0.0	-0.0	0.00212068413333	0.38573220761	0.00016453712724	8.00066057012	5.41319043181
3.53380468405	5.27939233818	0.507367759691	-0.0	-0.0	0.00286652962667	0.385273887848	0.000176187273329	8.91265047454	6.53781937349
3.55059655325	5.27595269382	0.488504242736	-0.0	-0.0	0.00361248325333	0.384815159602	0.000187774998427	9.85557888021	7.64956774792
3.55722492267	5.28060387266	0.474795694637	-0.0	-0.0	0.00433858268	0.384368312034	0.000199454011477	10.8030550512	8.7307695169
3.5797613787	5.28977458347	0.464253904829	-0.0	-0.0	0.00503626472	0.383938649431	0.000209751698865	11.7439380152	9.78751898552
3.59787892179	5.30205278592	0.455774222239	-0.0	-0.0	0.00572674384	0.383513122603	0.000220112379424	12.7037348299	10.8504181334
3.60936809545	5.30311890838	0.448848196786	-0.0	-0.0	0.00641326198667	0.38308974849	0.000230762815947	13.6841038861	11.9229059365
3.622182943	5.30097087379	0.443323990591	-0.0	-0.0	0.00707321445333	0.382682482048	0.000240850865276	14.6510890837	12.9688896169
3.63543968184	5.30419354839	0.438645606443	-0.0	-0.0	0.00772982676	0.382277010664	0.000250792950059	15.6356833074	14.0263153537
3.65267344233	5.31041131105	0.434883510907	-0.0	-0.0	0.00836371930667	0.381885316532	0.000260031694986	16.605752109	15.0567170473
3.67034909412	5.31168	0.43139449886	-0.0	-0.0	0.00898968749333	0.38149827528	0.000269092651169	17.5871289201	16.1051062662
3.68228015908	5.32374560562	0.42854389149	-0.0	-0.0	0.00960245564	0.381119160981	0.000278283323893	18.5659473702	17.1391317076
3.70083959346	5.32749840866	0.425827687089	-0.0	-0.0	0.01020852716	0.380743966117	0.000286840147188	19.5550817504	18.191268215
3.70481661511	5.32941176471	0.423480547441	-0.0	-0.0	0.0108068733867	0.380373322742	0.000296364081787	20.5487157474	19.2425293413
3.71586389748	5.33481434465	0.421434912567	-0.0	-0.0	0.0114085767867	0.380000377185	0.000305338014277	21.5648376234	20.3107056097
3.73000441891	5.34325522483	0.419015395795	-0.0	-0.0	0.0121410528933	0.379546075913	0.000316158206735	22.8281293483	21.6472842917
3.74635439682	5.35165876777	0.417199615092	-0.0	-0.0	0.0127213886267	0.379185899829	0.00032430139902	23.8500331872	22.731924915
3.76005302696	5.3572778828	0.415669590258	-0.0	-0.0	0.0132863232	0.378835081395	0.000332402756334	24.860666896	23.7970832957
3.77110030932	5.36764242997	0.414178549497	-0.0	-0.0	0.0138520024667	0.378483601876	0.00034075246124	25.8907903771	24.8869004557
3.78303137428	5.3726844584	0.41275545749	-0.0	-0.0	0.01442276032	0.378128773573	0.000349069856321	26.9468718538	26.0054376624
3.79452054795	5.38037002195	0.41128779606	-0.0	-0.0	0.0150851648267	0.377716698487	0.000358934013776	28.1933330862	27.3202812482
3.79761378701	5.38369905956	0.410258846703	-0.0	-0.0	0.0156255701333	0.377380322407	0.000367532270104	29.2244069984	28.4009909106
3.80335837384	5.38309859155	0.409275838609	-0.0	-0.0	0.0161585611733	0.377048383633	0.000375727135262	30.2545789812	29.4829853133
3.81882456916	5.3921323759	0.408433376792	-0.0	-0.0	0.01669558644	0.376713752642	0.000382994243963	31.3041715337	30.5776463959
3.82942996023	5.39638516672	0.408109135765	-0.0	-0.0	0.0169151308667	0.376576898598	0.00038553750719	31.7376375583	31.0291191609
3.82589482987	5.39588528678	0.408391735741	-0.0	-0.0	0.0169067821467	0.37658209541	0.000385724446008	31.7172444774	30.9847335914
3.82589482987	5.39358055469	0.408580785025	-0.0	-0.0	0.0168967420667	0.376588362496	0.000385538687697	31.6947288758	30.9464034121
3.82191780822	5.39257873402	0.408919181053	-0.0	-0.0	0.01688252576	0.376597225044	0.00038567294549	31.6624190581	30.8856644961
3.82456915599	5.39413782351	0.409150494751	-0.0	-0.0	0.0168722147467	0.376603652925	0.000385212412381	31.6390151252	30.8429075404
3.82147591692	5.39238927012	0.409561250345	-0.0	-0.0	0.0168547711067	0.3766145208	0.000385196822615	31.5993986427	30.768971442
3.81794078657	5.39169787765	0.409963433621	-0.0	-0.0	0.01683766904	0.37662518822	0.000385231148296	31.5604989632	30.6965880497
3.81661511268	5.39163023111	0.410534644707	-0.0	-0.0	0.0168131410133	0.376640478187	0.000384901517451	31.5046632841	30.5934117566
3.81219619973	5.39168490153	0.412539562992	-0.0	-0.0	0.01672814476	0.376693459159	0.000383749501236	31.3119676067	30.2362926274
3.79893946089	5.38765277343	0.421334340062	-0.0	-0.0	0.01636665716	0.37691873457	0.000378245670552	30.4967533906	28.7313027846
3.79496243924	5.38468779416	0.430069756001	-0.0	-0.0	0.01601647492	0.377136889818	0.000372059486347	29.7179353337	27.3159352187
3.78568272205	5.37927786499	0.438259368614	-0.0	-0.0	0.0157008088667	0.377333473285	0.000367028358416	29.0234679439	26.0647456661
3.77507733098	5.37169811321	0.446638935669	-0.0	-0.0	0.0153861453067	0.377529375171	0.000362132309424	28.338973879	24.848467811
3.76756517897	5.36606861819	0.455550785291	-0.0	-0.0	0.0150615938533	0.377731358455	0.000356735231748	27.6408220448	23.6235856135
3.75961113566	5.36223203026	0.464923619075	-0.0	-0.0	0.0147288175867	0.377938407919	0.000351232578462	26.9342301354	22.4036443387
3.75077330977	5.35700757576	0.475030193169	-0.0	-0.0	0.01438135024	0.378154510101	0.000345516923203	26.2059835115	21.1644985943
3.74281926646	5.35007898894	0.486000298804	-0.0	-0.0	0.0140122525067	0.378383995868	0.00033932139445	25.4435593675	19.8955039792
3.72028281043	5.34582407113	0.497778238956	-0.0	-0.0	0.0136243910667	0.378625049995	0.000334047746598	24.6539526962	18.6139831323
3.70923552806	5.33502860776	0.510556694363	-0.0	-0.0	0.0132094509467	0.378882829906	0.000327264496076	23.8245529947	17.3084321317
3.69907202828	5.32632919452	0.524209152923	-0.0	-0.0	0.01277572772	0.379152164437	0.000320062691415	22.9738557669	16.0085714887
3.67741935484	5.30918953414	0.539042936788	-0.0	-0.0	0.01231776044	0.379436427335	0.000313371325365	22.0923582036	14.7014548625
3.66062748564	5.29677006716	0.555569675381	-0.0	-0.0	0.01182521716	0.379742006491	0.000305612154796	21.1634186024	13.3657662097
3.63411400795	5.279473177	0.573693101325	-0.0	-0.0	0.0113024593733	0.380066163498	0.000298070312323	20.1978065882	12.0292254966
3.61776403005	5.26407204889	0.589107949028	-0.0	-0.0	0.0108728496533	0.380332435737	0.000291398857001	19.421665312	10.9909323963
3.61908970393	5.26503698939	0.588431658709	-0.0	-0.0	0.0108816798667	0.380326970212	0.000291458841996	19.4376238923	11.0249144629
3.61908970393	5.26430868167	0.58821056775	-0.0	-0.0	0.0108864721867	0.380323997351	0.000291544827144	19.4459318223	11.0377937809
3.61953159523	5.26463022508	0.587636431988	-0.0	-0.0	0.0108968437467	0.380317570311	0.000291696596621	19.4640133139	11.0693009289
3.622182943	5.26583092253	0.586801819839	-0.0	-0.0	0.0109103873067	0.380309177548	0.000291733295252	19.4881110634	11.1139655996
3.61997348652	5.26591639871	0.585763858601	-0.0	-0.0	0.0109278105333	0.38029838044	0.000292232813572	19.519080369	11.1702583462
3.62483429076	5.26703084833	0.583541295738	-0.0	-0.0	0.0109653968133	0.380275093411	0.000292532333887	19.5858107649	11.2916989022
3.62925320371	5.27983274365	0.563754791276	-0.0	-0.0	0.01131748792	0.380056849676	0.00029865171532	20.2174648826	12.4367555285
3.64648696421	5.2946084724	0.544184054609	-0.0	-0.0	0.0117002902933	0.379819488539	0.000304266899934	20.916012688	13.6956488491
3.65974370305	5.30471002884	0.527163407813	-0.0	-0.0	0.01206754608	0.379591687839	0.000309911671045	21.5976381789	14.9131387832
3.67962881131	5.31661341853	0.5118871425	-0.0	-0.0	0.0124285490533	0.379367672691	0.000314864709332	22.2783888775	16.1199321527
3.69200176757	5.32483264265	0.497889521805	-0.0	-0.0	0.01279275704	0.37914159173	0.000320509060339	22.9757627814	17.3411549851
3.70304904993	5.33705001593	0.484874939	-0.0	-0.0	0.0131643214933	0.378910859952	0.000326389359004	23.6975882067	18.5920380656
3.71232876712	5.34936305732	0.473122314148	-0.0	-0.0	0.0135363507067	0.378679753662	0.000332411736449	24.4301445268	19.8408224118
3.72425983208	5.3584605598	0.462978798813	-0.0	-0.0	0.01388941736	0.378460351728	0.000337829074409	25.1345173075	21.0250246823
3.73707467963	5.36773578914	0.453792187479	-0.0	-0.0	0.0142436939733	0.378240111498	0.000343161884484	25.8496837685	22.2049929915
3.74547061423	5.37297811608	0.445656733774	-0.0	-0.0	0.0145923324	0.378023304317	0.000348775766048	26.5610267636	23.3550808733
3.75077330977	5.37408932531	0.437985302408	-0.0	-0.0	0.0149523432267	0.377799345662	0.000354862601126	27.3030505015	24.5388423969
3.76005302696	5.38271604938	0.431210696649	-0.0	-0.0	0.01531051036	0.377576453923	0.000360493685149	28.0463091464	25.696290912
3.76314626602	5.38595381208	0.425533810956	-0.0	-0.0	0.0156541339733	0.377362537744	0.000366414067324	28.7627023518	26.7789244613
3.77198409191	5.38541666667	0.420474776688	-0.0	-0.0	0.0160203404533	0.377134491236	0.00037211292009	29.5264279371	27.8844844702
3.77640300486	5.38323353293	0.416808350264	-0.0	-0.0	0.0163805580933	0.376910074553	0.000378002856906	30.2710975215	28.8836559426
3.78258948299	5.39596469105	0.414177215951	-0.0	-0.0	0.0167494498533	0.37668018357	0.000383763263173	31.0279568741	29.8249897758
3.79098541759	5.39880390305	0.412299370668	-0.0	-0.0	0.0171536889067	0.376428158264	0.000389795444521	31.8518129567	30.7782693739
3.79628811312	5.40044039006	0.412073335501	-0.0	-0.0	0.0172135081733	0.376390855538	0.000390263361351	31.9736027916	30.9154969939
3.79407865665	5.3998112614	0.412145474115	-0.0	-0.0	0.0172105263333	0.376392715038	0.000390434456451	31.9668364587	30.9027178621
3.79319487406	5.39918213275	0.412400555965	-0.0	-0.0	0.0172006025333	0.376398903561	0.000390338697302	31.9442420352	30.8588460474
3.79275298277	5.39993706734	0.412654153852	-0.0	-0.0	0.01718904456	0.376406111085	0.000390169358829	31.9182328529	30.8118492696
3.79275298277	5.39993706734	0.412840621845	-0.0	-0.0	0.0171828699867	0.376409952914	0.000390052326075	31.9040954825	30.7821350449
3.79098541759	5.39943342776	0.413142597497	-0.0	-0.0	0.01716859528	0.376418858623	0.000389969036316	31.8720002515	30.7251890309
3.78921785241	5.39691532893	0.413589290023	-0.0	-0.0	0.0171501267867	0.376430374083	0.00038980486671	31.8302062391	30.6465509883
3.78479893946	5.40018921476	0.415688389465	-0.0	-0.0	0.01706294408	0.376484741616	0.000388627709284	31.6334497962	30.2785186694
3.77949624392	5.39589905363	0.423571248152	-0.0	-0.0	0.01674356016	0.376683850565	0.000383203780954	30.9175344601	28.9448526598
3.76800707026	5.39108441353	0.432278373341	-0.0	-0.0	0.0164037507733	0.376895616193	0.000378019591485	30.1645229478	27.5535492269
3.76270437472	5.38690287884	0.4406223946	-0.0	-0.0	0.0160906825333	0.377090663922	0.000372709401991	29.4786154219	26.2959037546
3.75430844012	5.38276299113	0.449163257506	-0.0	-0.0	0.0157808553067	0.377283631295	0.000367762148619	28.807442514	25.0771366282
3.74635439682	5.37603043754	0.457905219782	-0.0	-0.0	0.0154743623067	0.3774744579	0.000362829244652	28.1510517837	23.8967351588
3.74193548387	5.37151015228	0.46727087735	-0.0	-0.0	0.0151550994533	0.37767316858	0.000357322083765	27.4758221632	22.6986632873
3.73663278833	5.36516497462	0.476988946427	-0.0	-0.0	0.0148316887067	0.377874412454	0.000351820405321	26.8008047846	21.5208941692
3.72912063632	5.35650793651	0.48728087314	-0.0	-0.0	0.0144959934	0.378083222044	0.000346288015062	26.1092110121	20.33872868
3.7140963323	5.3463740458	0.497792163565	-0.0	-0.0	0.0141610572533	0.378291488014	0.000341464966903	25.4286893499	19.1981168946
3.70879363677	5.34288443171	0.509550345663	-0.0	-0.0	0.0137938848667	0.378519721868	0.000335153493591	24.6936757066	17.994651926
3.69597878922	5.33492822967	0.522160167591	-0.0	-0.0	0.0134071160933	0.378760044555	0.000329175622039	23.9319573997	16.7815811196
3.68228015908	5.32194187161	0.536036523915	-0.0	-0.0	0.0129895113467	0.37901942152	0.000322679034317	23.1226408647	15.5323590204
3.66460450729	5.31368151234	0.550153261292	-0.0	-0.0	0.0125746587867	0.3792769851	0.000316561388916	22.3330499138	14.3499763883
3.64825452939	5.29643888354	0.566269822909	-0.0	-0.0	0.0121117381733	0.37956426408	0.000309438808051	21.4675936933	13.0986683871
3.63146266019	5.27544141252	0.584475054688	-0.0	-0.0	0.0115982158533	0.379882789886	0.000301376286291	20.5252441899	11.7966073991
3.61776403005	5.2575465639	0.603612027858	-0.0	-0.0	0.0110636225333	0.380214209116	0.000292614895822	19.563991588	10.5402950813
3.58948298719	5.24080051646	0.62760927998	-0.0	-0.0	0.0104102220533	0.380619047866	0.000282855686993	18.4220027208	9.12574458973
3.55987627044	5.21833495303	0.656878455271	-0.0	-0.0	0.00965482125333	0.381086752058	0.000271353431023	17.145484339	7.62783468485
3.52275740168	5.20195758564	0.68646434607	-0.0	-0.0	0.00892951114667	0.381535493334	0.000260883400496	15.9626371493	6.32744156235
