# C		CN		K0		e_x		e_y		e_z		n		overlap		p		q
3.46442775077	5.2418869187	0.73715836301	-0.0	-0.0	1.87240000048e-07	0.388512444478	0.0001300332355342911	5.58855320085	1.78098194496
3.48210340256	5.23744595943	0.651951739984	-0.0	-0.0	0.000531443826667	0.38818750138	0.00013887533717820203	6.1652878664	2.79415053589
3.50331418471	5.24768211921	0.575989999205	-0.0	-0.0	0.00134984762667	0.387686586759	0.00015226587778790555	7.09133113236	4.19166812138
3.51789659744	5.24736147757	0.534596337266	-0.0	-0.0	0.00212068413333	0.387214411265	0.00016476763040985178	7.99899237055	5.39740990763
3.53733981441	5.24835958005	0.50818757134	-0.0	-0.0	0.00286652962667	0.386757197411	0.0001763873807800839	8.90824961512	6.51841185539
3.56606274856	5.25545780384	0.489645764646	-0.0	-0.0	0.00361248325333	0.386299576597	0.00018741907468018213	9.84941189779	7.61892172536
3.57666813964	5.26276422764	0.47622524103	-0.0	-0.0	0.00433858268	0.385853806715	0.0001989782401146888	10.7960231729	8.68859592683
3.58594785683	5.27470741222	0.466088776236	-0.0	-0.0	0.00503626472	0.38542517844	0.0002100686515507682	11.7338280309	9.72709129461
3.59611135661	5.28051948052	0.457612556463	-0.0	-0.0	0.00572674384	0.385000680821	0.000220910925074383	12.6895628893	10.7809669924
3.59743703049	5.28172671211	0.45061254073	-0.0	-0.0	0.00641326198667	0.384578327669	0.00023220955932555051	13.6655296572	11.8465783318
3.60848431286	5.27707727126	0.444975239572	-0.0	-0.0	0.00707321445333	0.384172044569	0.000242411086271913	14.6284847205	12.8879110596
3.62041537782	5.28225806452	0.440148151581	-0.0	-0.0	0.00772982676	0.383767551572	0.0002524534422418988	15.6102640938	13.9437096045
3.64471939903	5.290436457	0.436072223254	-0.0	-0.0	0.00836371930667	0.383376802582	0.0002611968572501285	16.5798864267	14.9825915015
3.6557666814	5.30169926258	0.432416426617	-0.0	-0.0	0.00898968749333	0.382990695245	0.0002707552924759213	17.5607034532	16.0344131644
3.67123287671	5.31582319026	0.429249470784	-0.0	-0.0	0.00960245564	0.38261249999	0.0002796991443778271	18.5410497738	17.082033894
3.68758285462	5.31612492033	0.426442609202	-0.0	-0.0	0.01020852716	0.382238201338	0.0002884374195625717	19.5301819349	18.1366013628
3.69995581087	5.32347328244	0.423999645013	-0.0	-0.0	0.0108068733867	0.381868455289	0.0002973181677074333	20.5245613435	19.191816821
3.71277065842	5.33185138139	0.421831289064	-0.0	-0.0	0.0114085767867	0.381496411519	0.0003061634159899284	21.5416416668	20.2662407022
3.72823685373	5.33512658228	0.419468372416	-0.0	-0.0	0.0121410528933	0.381043206457	0.000316865551219594	22.8031706614	21.5961127787
3.74502872293	5.3436415273	0.417798713788	-0.0	-0.0	0.0127213886267	0.380683899463	0.00032491776606055216	23.8212525163	22.6663488068
3.7560760053	5.34455632473	0.416319498199	-0.0	-0.0	0.0132863232	0.38033392754	0.0003331986805177759	24.8283762581	23.7229031059
3.76668139638	5.35007849294	0.415058799169	-0.0	-0.0	0.0138520024667	0.379983296128	0.0003415246943003001	25.8503923114	24.7868653921
3.76800707026	5.35091023227	0.413751319242	-0.0	-0.0	0.01442276032	0.379629315716	0.0003507821659958107	26.8992288855	25.887192361
3.77817057004	5.35327278422	0.412447706583	-0.0	-0.0	0.0150851648267	0.379218244495	0.00036069055419814266	28.1347227901	27.1751807485
3.7812638091	5.3579705606	0.411504179439	-0.0	-0.0	0.0156255701333	0.378882679769	0.00036922629694973423	29.1569051084	28.2369250474
3.79452054795	5.36679174484	0.410708981034	-0.0	-0.0	0.0161585611733	0.378551540622	0.00037663504605109973	30.1768342791	29.2897145935
3.79496243924	5.3646875	0.409929503844	-0.0	-0.0	0.01669558644	0.378217723319	0.0003853945854881709	31.2186086976	30.3669347663
3.80335837384	5.36650031192	0.409634584339	-0.0	-0.0	0.0169151308667	0.378081193649	0.0003881346080488155	31.6478103504	30.8097993974
3.80247459125	5.36871682797	0.409917013137	-0.0	-0.0	0.0169067821467	0.378086379697	0.0003880563001691717	31.6275673724	30.7658102105
3.80159080866	5.36809241336	0.410104790246	-0.0	-0.0	0.0168967420667	0.378092629884	0.0003879614176531259	31.6053125144	30.7280370153
3.79893946089	5.36653137683	0.410439374604	-0.0	-0.0	0.01688252576	0.378101466753	0.0003879645775679978	31.5732641848	30.6681925747
3.79893946089	5.36653137683	0.410680586547	-0.0	-0.0	0.0168722147467	0.378107875231	0.00038777060565032694	31.5499642018	30.6249084573
3.7984975696	5.36485642946	0.411082510037	-0.0	-0.0	0.0168547711067	0.378118728965	0.0003874879995767834	31.5106778098	30.5524292449
3.80335837384	5.36871682797	0.411474152108	-0.0	-0.0	0.01683766904	0.37812936675	0.0003866725196194922	31.4721663855	30.4816928119
3.79982324348	5.36516853933	0.412045963014	-0.0	-0.0	0.0168131410133	0.378144614755	0.0003865717250610248	31.417019738	30.3796590317
3.79452054795	5.36647904941	0.414037742402	-0.0	-0.0	0.01672814476	0.378197472953	0.0003855102323375924	31.2257940005	30.0268838457
3.78479893946	5.35658429778	0.422693053688	-0.0	-0.0	0.01636665716	0.378422206235	0.0003796935398363558	30.4185514255	28.5482387092
3.77728678745	5.34824780976	0.431370851255	-0.0	-0.0	0.01601647492	0.378639833632	0.00037386071039560785	29.6462772202	27.1498791643
3.7649138312	5.34347553325	0.439441281182	-0.0	-0.0	0.0157008088667	0.378835939857	0.00036914740459713266	28.958305199	25.9188585598
3.75519222271	5.34245283019	0.447703170046	-0.0	-0.0	0.0153861453067	0.379031371934	0.00036418509558432496	28.2799799083	24.7212583247
3.75121520106	5.33867924528	0.456460894108	-0.0	-0.0	0.0150615938533	0.379232875503	0.0003584682782880869	27.5879273093	23.5165662844
3.74414494034	5.33301857098	0.465683523287	-0.0	-0.0	0.0147288175867	0.379439417701	0.00035289457274806824	26.8871546791	22.3151520305
3.73398144057	5.32860296436	0.475591972229	-0.0	-0.0	0.01438135024	0.379655004783	0.0003473435759893536	26.1653745555	21.096933232
3.72558550597	5.32680151707	0.486339755521	-0.0	-0.0	0.0140122525067	0.379883930465	0.000341201251611643	25.4090886325	19.8485946743
3.7145382236	5.31730465043	0.497867441983	-0.0	-0.0	0.0136243910667	0.380124402938	0.0003349088059286119	24.6244928047	18.5867767225
3.70304904993	5.30620645978	0.510560181311	-0.0	-0.0	0.0132094509467	0.380381560837	0.0003281950212315535	23.8006880288	17.2909114899
3.68360583297	5.29447268107	0.524174452819	-0.0	-0.0	0.01277572772	0.380650245474	0.0003217982033688823	22.9528046743	15.995611119
3.66813963765	5.28575979611	0.539100754077	-0.0	-0.0	0.01231776044	0.380933818667	0.00031458183635198883	22.075085516	14.6873008629
3.6557666814	5.27455357143	0.555675912759	-0.0	-0.0	0.01182521716	0.381238661075	0.0003064694783754563	21.1510550115	13.3534209201
3.62836942112	5.25544174136	0.573833860192	-0.0	-0.0	0.0113024593733	0.381562038355	0.00029900539682499347	20.1921236912	12.0202943775
3.6137870084	5.25112395633	0.58922657217	-0.0	-0.0	0.0108728496533	0.381827671932	0.00029221741729011327	19.4215666176	10.9865068901
3.61467079099	5.2507223114	0.588549751881	-0.0	-0.0	0.0108816798667	0.381822213315	0.0002923133974557782	19.4375603102	11.0205192716
3.61599646487	5.25232744783	0.588327071518	-0.0	-0.0	0.0108864721867	0.381819250802	0.0002922916293960487	19.4458264245	11.0334299133
3.61732213875	5.2532905297	0.587764348051	-0.0	-0.0	0.0108968437467	0.38181283927	0.0002923721748636435	19.463825796	11.0644593162
3.61908970393	5.25553772071	0.586937600266	-0.0	-0.0	0.0109103873067	0.381804466758	0.0002924783271939636	19.4878210664	11.1087602452
3.622182943	5.25778491172	0.58591575997	-0.0	-0.0	0.0109278105333	0.381793695704	0.0002925482590896058	19.5185691354	11.1643078103
3.62262483429	5.25794032724	0.583724488919	-0.0	-0.0	0.0109653968133	0.381770459192	0.00029319845493336804	19.5848605731	11.2842764853
3.63278833407	5.26690163409	0.564133775011	-0.0	-0.0	0.01131748792	0.381552747744	0.00029883819855737654	20.2137636031	12.419251754
3.64560318162	5.2784	0.544749245777	-0.0	-0.0	0.0117002902933	0.381315963059	0.00030482403528727894	20.9099181558	13.6672833931
3.65355722492	5.28379674017	0.527877038877	-0.0	-0.0	0.01206754608	0.381088702327	0.00031090881125095523	21.5884902478	14.8739901123
3.66548828988	5.29543276908	0.512849201227	-0.0	-0.0	0.0124285490533	0.380865233174	0.00031650524924431824	22.2650660435	16.0632669128
3.67167476801	5.30363984674	0.499040568166	-0.0	-0.0	0.01279275704	0.380639698279	0.0003226451034827218	22.957250971	17.2675441358
3.68714096332	5.31792091837	0.486230276663	-0.0	-0.0	0.0131643214933	0.380409523247	0.0003280801663614258	23.6728838133	18.4983333839
3.69376933274	5.32908163265	0.474605320108	-0.0	-0.0	0.0135363507067	0.380178974607	0.00033430991942080325	24.399528859	19.7301139085
3.70967741935	5.33757556475	0.464558522297	-0.0	-0.0	0.01388941736	0.379960097835	0.00033933353880812034	25.097982431	20.8984221634
3.72072470172	5.34296602096	0.4554633621	-0.0	-0.0	0.0142436939733	0.379740393282	0.00034480128420957655	25.8070449312	22.0618843774
3.72425983208	5.34825396825	0.44737665896	-0.0	-0.0	0.0145923324	0.379524109249	0.00035084368568204715	26.5120357359	23.1974837478
3.73177198409	5.35490009515	0.439852385403	-0.0	-0.0	0.0149523432267	0.379300690996	0.00035669247644749006	27.2462004701	24.3579115782
3.74414494034	5.36012658228	0.433192715378	-0.0	-0.0	0.01531051036	0.379078337086	0.00036201767520752304	27.982097938	25.4938610571
3.74988952718	5.36145339652	0.427535986255	-0.0	-0.0	0.0156541339733	0.378864946682	0.000367660291204145	28.691358004	26.5619397082
3.75386654883	5.36757269279	0.422489284919	-0.0	-0.0	0.0160203404533	0.378637431739	0.0003738237643550921	29.4486424818	27.6538278371
3.76314626602	5.37468434343	0.418639884138	-0.0	-0.0	0.0163805580933	0.378413572549	0.00037925304456707277	30.1908851995	28.6593966046
3.77065841803	5.38182391922	0.416009180037	-0.0	-0.0	0.0167494498533	0.378184225251	0.00038487436652603397	30.9429009318	29.5909208353
3.77861246133	5.3842519685	0.414002542236	-0.0	-0.0	0.0171536889067	0.377932812219	0.00039095026045737907	31.7627704819	30.5462543492
3.78214759169	5.3890989288	0.413766088662	-0.0	-0.0	0.0172135081733	0.37789559972	0.00039159994968169024	31.8841312882	30.6832775257
3.78258948299	5.3890989288	0.413939442416	-0.0	-0.0	0.0172105263333	0.377897454516	0.000391489809799615	31.8764450126	30.6609928473
3.77905435263	5.38764576111	0.414124131668	-0.0	-0.0	0.0172006025333	0.377903628107	0.0003916724343729338	31.8543394957	30.6238860221
3.77684489616	5.38606996533	0.414380290135	-0.0	-0.0	0.01718904456	0.377910818238	0.00039168726939920373	31.8286382788	30.577230473
3.77949624392	5.38796092026	0.414527464071	-0.0	-0.0	0.0171828699867	0.377914659362	0.00039129683127374197	31.814689815	30.5512319601
3.77905435263	5.38733060195	0.414867250399	-0.0	-0.0	0.01716859528	0.377923539384	0.0003910761027095733	31.7826621221	30.4914343623
3.77772867875	5.38638512449	0.415304945779	-0.0	-0.0	0.0171501267867	0.3779350201	0.00039086883380536996	31.7412934998	30.4144166534
3.7728678745	5.38517350158	0.417392599922	-0.0	-0.0	0.01706294408	0.377989254678	0.0003897411893927652	31.5460985589	30.050913533
3.76358815731	5.3794628752	0.425206331231	-0.0	-0.0	0.01674356016	0.378187887545	0.0003847400950750889	30.8364641343	28.7361917336
3.7560760053	5.37061611374	0.433808257546	-0.0	-0.0	0.0164037507733	0.378399149241	0.00037917567767373114	30.0900997057	27.3665913403
3.75033141847	5.36515965855	0.44200445319	-0.0	-0.0	0.0160906825333	0.378593722266	0.00037392067170715336	29.4105337791	26.1319574804
3.74016791869	5.35940468651	0.450373549182	-0.0	-0.0	0.0157808553067	0.378786221028	0.000369153049706076	28.7456857345	24.9365987304
3.73707467963	5.35560481317	0.458866447221	-0.0	-0.0	0.0154743623067	0.378976589528	0.00036375782206721013	28.0954945327	23.7834186673
3.73044631021	5.35098287888	0.467975182309	-0.0	-0.0	0.0151550994533	0.379174827587	0.00035846640496831007	27.4260508726	22.6111267863
3.72205037561	5.34189660641	0.477526324534	-0.0	-0.0	0.0148316887067	0.379375573762	0.00035325692249593514	26.756066864	21.4510958599
3.71056120194	5.33566433566	0.487718241543	-0.0	-0.0	0.0144959934	0.379583882396	0.0003481052329434329	26.0695888393	20.2815553837
3.69553689792	5.32643312102	0.49814407788	-0.0	-0.0	0.0141610572533	0.379791647384	0.0003433034529057175	25.3936294354	19.15145859
3.68228015908	5.31822534312	0.509742143016	-0.0	-0.0	0.0137938848667	0.380019328963	0.0003377225968032151	24.6630450782	17.9618901375
3.66460450729	5.30147058824	0.522249958074	-0.0	-0.0	0.0134071160933	0.380259071761	0.0003322025438594417	23.9060961441	16.75882451
3.6557666814	5.29376	0.536007393045	-0.0	-0.0	0.0129895113467	0.380517824483	0.00032532288933500425	23.1026075442	15.5203126549
3.64250994255	5.28196090996	0.550073283747	-0.0	-0.0	0.0125746587867	0.380774761337	0.0003188719043390348	22.3182125608	14.3440847113
3.63146266019	5.26972418217	0.566128060859	-0.0	-0.0	0.0121117381733	0.381061350737	0.0003113137559633863	21.4581738353	13.0989416292
3.61643835616	5.25425361156	0.584308083162	-0.0	-0.0	0.0115982158533	0.381379107953	0.000303136410732457	20.5217809489	11.8011733824
3.60406539991	5.24405144695	0.603390530717	-0.0	-0.0	0.0110636225333	0.381709724154	0.00029430556694099173	19.5670143934	10.5499317485
3.57269111798	5.22897800776	0.627366301924	-0.0	-0.0	0.0104102220533	0.382113589371	0.0002848394549590736	18.4308201941	9.13803881989
3.54971277066	5.21090201168	0.656158663314	-0.0	-0.0	0.00965482125333	0.382580165012	0.0002727470623182971	17.1590146844	7.65463089003
3.52496685815	5.18323586745	0.685377722027	-0.0	-0.0	0.00892951114667	0.38302782054	0.0002613970126883954	15.983022994	6.36330725198
