# C		CN		K0		e_x		e_y		e_z		n		overlap		p		q
3.46133451171	5.23995983936	0.736530210474	-0.0	-0.0	1.87240000048e-07	0.388528987495	0.000130121398303	5.5858597826	1.78528428433
3.47945205479	5.24183877415	0.65195210489	-0.0	-0.0	0.000531443826667	0.388204053188	0.000138937704747	6.16061896485	2.79203074614
3.49712770658	5.2450265252	0.576137479747	-0.0	-0.0	0.00134984762667	0.387703152118	0.00015247877506	7.08375184564	4.18515798397
3.51878038003	5.25470763132	0.53506877338	-0.0	-0.0	0.00212068413333	0.387230989398	0.00016463250672	7.98691470086	5.38133234856
3.54838709677	5.25646904684	0.509012856521	-0.0	-0.0	0.00286652962667	0.386773789605	0.000175729463896	8.89144107839	6.48988250488
3.55810870526	5.25636838668	0.490649256016	-0.0	-0.0	0.00361248325333	0.38631617894	0.000187717569289	9.82792701288	7.57966844285
3.56915598763	5.26418786693	0.477490841893	-0.0	-0.0	0.00433858268	0.385870421657	0.000199186542508	10.7676500724	8.63362939018
3.58329650906	5.26575698506	0.467310758201	-0.0	-0.0	0.00503626472	0.385441804979	0.000209952667686	11.6999125945	9.66455327238
3.60627485639	5.2786407767	0.458841947817	-0.0	-0.0	0.00572674384	0.38501731968	0.0002200039149	12.6506287247	10.7097780012
3.62085726911	5.28313447275	0.452014561785	-0.0	-0.0	0.00641326198667	0.384594977118	0.000230437657468	13.6222203042	11.7615507092
3.6389748122	5.28273427471	0.446362451733	-0.0	-0.0	0.00707321445333	0.38418870501	0.000240154697652	14.5822847	12.7963134019
3.64913831198	5.29240141071	0.441546724929	-0.0	-0.0	0.00772982676	0.383784222955	0.000250324294376	15.5624907464	13.8457131688
3.66548828988	5.30156699712	0.437385974979	-0.0	-0.0	0.00836371930667	0.383393484537	0.000259671864616	16.5325698268	14.8841393553
3.68272205038	5.31100478469	0.433714725568	-0.0	-0.0	0.00898968749333	0.383007393013	0.000268781044941	17.5124004588	15.9315488364
3.68714096332	5.31802232855	0.430596572397	-0.0	-0.0	0.00960245564	0.382629198366	0.000278555267184	18.4904424974	16.9705997983
3.69818824569	5.31796502385	0.427680411342	-0.0	-0.0	0.01020852716	0.382254918	0.000287691230251	19.4776100254	18.0246628389
3.70967741935	5.32835820896	0.425233029969	-0.0	-0.0	0.0108068733867	0.381885181717	0.000296591374144	20.4682366144	19.0727081065
3.71939902784	5.32910991448	0.423038161821	-0.0	-0.0	0.0114085767867	0.381513144345	0.00030568870836	21.4829438464	20.1424588123
3.73309765798	5.33849557522	0.420747007432	-0.0	-0.0	0.0121410528933	0.381059951545	0.000316555544231	22.7406373242	21.459611788
3.75519222271	5.35066162571	0.419051027192	-0.0	-0.0	0.0127213886267	0.380700654272	0.000324177895041	23.7562665831	22.5251562658
3.77242598321	5.35047021944	0.417459649315	-0.0	-0.0	0.0132863232	0.380350699594	0.000331932766169	24.7612849602	23.5832403663
3.77772867875	5.35810598934	0.416045801466	-0.0	-0.0	0.0138520024667	0.380000073451	0.000340743056749	25.782909344	24.6538515941
3.7812638091	5.3579705606	0.414751382615	-0.0	-0.0	0.01442276032	0.379646099054	0.00034977851292	26.8291606841	25.7475356054
3.79938135219	5.36423220974	0.413350448534	-0.0	-0.0	0.0150851648267	0.379235046588	0.000358961141815	28.0632007476	27.037700848
3.80821917808	5.37012784534	0.412374279536	-0.0	-0.0	0.0156255701333	0.378899482365	0.00036694653684	29.0840178805	28.097871692
3.81396376491	5.37433821239	0.411363565468	-0.0	-0.0	0.0161585611733	0.378568362015	0.000375119654885	30.105912823	29.1674549882
3.82235969951	5.38157485216	0.41055561964	-0.0	-0.0	0.01669558644	0.378234538997	0.0003830482033	31.1461559538	30.243501112
3.82810428635	5.37931034483	0.410139457044	-0.0	-0.0	0.0169151308667	0.378098029153	0.000386074720055	31.5771608237	30.6976932233
3.82545293858	5.38059701493	0.410425531646	-0.0	-0.0	0.0169067821467	0.378103210933	0.000386173273595	31.5568502841	30.6534349859
3.8232434821	5.37978227061	0.410621243797	-0.0	-0.0	0.0168967420667	0.378109452886	0.000386212461317	31.5346101668	30.6150819191
3.82280159081	5.37978227061	0.410959010351	-0.0	-0.0	0.01688252576	0.378118295719	0.000385990927465	31.5025574169	30.5551030066
3.8236853734	5.38071539658	0.411193621952	-0.0	-0.0	0.0168722147467	0.378124707917	0.000385708564787	31.4793063606	30.5125319939
3.82501104728	5.38071539658	0.411605240468	-0.0	-0.0	0.0168547711067	0.378135555591	0.000385248808531	31.4400088191	30.4393869313
3.82501104728	5.38028606965	0.412008025721	-0.0	-0.0	0.01683766904	0.378146190667	0.000384928898016	31.401485785	30.3678604265
3.82280159081	5.37873134328	0.412588891105	-0.0	-0.0	0.0168131410133	0.378161443327	0.00038469261026	31.3463101196	30.2652776622
3.82147591692	5.37717661692	0.414615160137	-0.0	-0.0	0.01672814476	0.378214295028	0.000383231454364	31.1551610044	29.9105455448
3.80203269996	5.37070580887	0.423416996733	-0.0	-0.0	0.01636665716	0.37843902223	0.000378364571136	30.3477028566	28.423729015
3.79231109147	5.3615625	0.432238261153	-0.0	-0.0	0.01601647492	0.378656634412	0.000372750395375	29.5756588304	27.0187271615
3.77949624392	5.35367762128	0.440430532515	-0.0	-0.0	0.0157008088667	0.378852749791	0.000368054072559	28.8870734099	25.7823258491
3.77905435263	5.35338345865	0.448817169145	-0.0	-0.0	0.0153861453067	0.379048171449	0.000362193038788	28.2086834191	24.5803024343
3.76933274414	5.34650360615	0.45767303257	-0.0	-0.0	0.0150615938533	0.379249669567	0.000357032668822	27.5171687003	23.3743179759
3.76005302696	5.34055241682	0.467028063495	-0.0	-0.0	0.0147288175867	0.379456206177	0.000351654352148	26.8164037166	22.1695592276
3.75165709236	5.33260050251	0.477135120109	-0.0	-0.0	0.01438135024	0.379671787427	0.000345926220786	26.0947190291	20.9449213064
3.74281926646	5.32882315922	0.488082152567	-0.0	-0.0	0.0140122525067	0.379900700316	0.000339817689683	25.3383474637	19.6914076285
3.73442333186	5.31948378974	0.499824582688	-0.0	-0.0	0.0136243910667	0.380141172883	0.000333293031384	24.5552319909	18.4261173723
3.71056120194	5.31202531646	0.512740898088	-0.0	-0.0	0.0132094509467	0.380398323824	0.00032757303544	23.7295092734	17.1254356359
3.69376933274	5.30234771574	0.526667433807	-0.0	-0.0	0.01277572772	0.380667001192	0.000320921917766	22.8838937414	15.8255124188
3.6721166593	5.29413639261	0.541702526826	-0.0	-0.0	0.01231776044	0.380950570503	0.00031422020753	22.0084629438	14.5239490582
3.6473707468	5.27886152862	0.558412621045	-0.0	-0.0	0.01182521716	0.381255403224	0.000307129935441	21.0862125982	13.1962787974
3.63102076889	5.26707277974	0.576820317175	-0.0	-0.0	0.0113024593733	0.381578773088	0.000298767848704	20.1298195592	11.8662285442
3.61511268228	5.25642673522	0.592259655774	-0.0	-0.0	0.0108728496533	0.381844395797	0.000292093073909	19.3602506735	10.8407674387
3.61643835616	5.25771208226	0.591662980797	-0.0	-0.0	0.0108816798667	0.381838937327	0.000292150578588	19.3760123023	10.8714089148
3.61643835616	5.25908068145	0.59141191489	-0.0	-0.0	0.0108864721867	0.381835974894	0.00029223730553	19.3843434815	10.8852739412
3.61820592134	5.26036644166	0.590813172452	-0.0	-0.0	0.0108968437467	0.381829563536	0.000292283551887	19.4024465021	10.9173950196
3.61776403005	5.26004500161	0.589985265051	-0.0	-0.0	0.0109103873067	0.381821193541	0.000292568683036	19.4263512884	10.9612815832
3.61820592134	5.26036644166	0.588941866964	-0.0	-0.0	0.0109278105333	0.381810420488	0.000292854067308	19.4570997771	11.0171158139
3.61953159523	5.26197364192	0.586715377715	-0.0	-0.0	0.0109653968133	0.381787184604	0.00029343620499	19.5233846704	11.137297067
3.63411400795	5.27608346709	0.566782152199	-0.0	-0.0	0.01131748792	0.381569479046	0.000298719867698	20.1508661309	12.2748325493
3.64295183385	5.29085072231	0.547154062181	-0.0	-0.0	0.0117002902933	0.381332697057	0.000305023861075	20.8447113376	13.5215674491
3.65444100751	5.29669977571	0.53005145043	-0.0	-0.0	0.01206754608	0.381105451734	0.000310811349483	21.5217575693	14.7285634368
3.6637207247	5.30707652898	0.514774534447	-0.0	-0.0	0.0124285490533	0.380881983076	0.000316652527625	22.1976459522	15.9210682655
3.6805125939	5.31619290961	0.500788042466	-0.0	-0.0	0.01279275704	0.380656454283	0.000321879587623	22.8891424373	17.1263041486
3.6893504198	5.32716246409	0.487892018241	-0.0	-0.0	0.0131643214933	0.380426285478	0.000327911495363	23.6037565427	18.3537348746
3.6977463544	5.33620414673	0.476120329827	-0.0	-0.0	0.0135363507067	0.380195743075	0.000333986519558	24.3292099236	19.5860767585
3.70702607159	5.34832535885	0.46600291938	-0.0	-0.0	0.01388941736	0.379976872224	0.000339623961747	25.0266740609	20.7517554316
3.71586389748	5.34701017812	0.456769205636	-0.0	-0.0	0.0142436939733	0.379757173616	0.000345307950492	25.7346305836	21.9172665658
3.72735307114	5.35736975858	0.448613036316	-0.0	-0.0	0.0145923324	0.379540904176	0.000350608227833	26.437888767	23.0507698957
3.73530711445	5.36305934624	0.440983462044	-0.0	-0.0	0.0149523432267	0.379317483995	0.00035641233359	27.1705117592	24.2120600905
3.74237737517	5.36992385787	0.434215017241	-0.0	-0.0	0.01531051036	0.379095138587	0.000362224767149	27.9047451484	25.3497623052
3.74856385329	5.37464342314	0.428517498206	-0.0	-0.0	0.0156541339733	0.378881741096	0.000367817572588	28.6124913076	26.4155572943
3.75872735307	5.37836127808	0.423499564062	-0.0	-0.0	0.0160203404533	0.378654243113	0.000373343952968	29.3662082789	27.4980615045
3.77640300486	5.38524590164	0.419698779338	-0.0	-0.0	0.0163805580933	0.378430387115	0.000377900180192	30.1041322524	28.4921515916
3.78789217852	5.39376770538	0.417014542787	-0.0	-0.0	0.0167494498533	0.378201048006	0.000383110995929	30.8544933424	29.4232862222
3.78921785241	5.39628580422	0.415043556696	-0.0	-0.0	0.0171536889067	0.377949641454	0.000389831684367	31.6711303951	30.3694261149
3.79142730888	5.39754485364	0.414864830149	-0.0	-0.0	0.0172135081733	0.377912429745	0.000390604877539	31.791024489	30.4996638319
3.790101635	5.39660056657	0.414979091755	-0.0	-0.0	0.0172105263333	0.377914284708	0.000390683455237	31.7840928948	30.4832521212
3.78789217852	5.3950267548	0.415180136436	-0.0	-0.0	0.0172006025333	0.377920458131	0.000390728750037	31.7620508345	30.4449542161
3.78745028723	5.39408246774	0.415447866374	-0.0	-0.0	0.01718904456	0.377927648069	0.000390560553995	31.7362957594	30.3974482016
3.78789217852	5.39408246774	0.415600500944	-0.0	-0.0	0.0171828699867	0.377931480242	0.000390400268337	31.7224673407	30.3712055699
3.78745028723	5.39471199245	0.41594349324	-0.0	-0.0	0.01716859528	0.377940360989	0.000390180005632	31.6904864787	30.3114247225
3.78700839593	5.39408246774	0.416386101197	-0.0	-0.0	0.0171501267867	0.377951857268	0.000389882207642	31.6491965822	30.2343809893
3.78789217852	5.39408246774	0.418492600644	-0.0	-0.0	0.01706294408	0.378006086745	0.000388170941572	31.4546085204	29.871369
3.77596111357	5.39343227029	0.426451072463	-0.0	-0.0	0.01674356016	0.378204702007	0.000383452720134	30.7466936892	28.5520742242
3.76623950508	5.38250157928	0.435164789727	-0.0	-0.0	0.0164037507733	0.378415959907	0.0003781235446	30.0024505205	27.1820121457
3.75916924437	5.37994305599	0.443464176106	-0.0	-0.0	0.0160906825333	0.378610533621	0.000373018448913	29.3246818168	25.9473062709
3.74723817941	5.37400950872	0.451959929985	-0.0	-0.0	0.0157808553067	0.378803027175	0.000368448931643	28.6617009741	24.7506645718
3.73663278833	5.36591558235	0.460589065324	-0.0	-0.0	0.0154743623067	0.378993381059	0.00036381158172	28.013412351	23.5960539504
3.72867874503	5.35852651635	0.469815629824	-0.0	-0.0	0.0151550994533	0.379191622168	0.000358666162215	27.3457692721	22.4243129508
3.71939902784	5.35305343511	0.479467080106	-0.0	-0.0	0.0148316887067	0.379392366859	0.000353553126363	26.6778116265	21.2666859322
3.70702607159	5.3423566879	0.489791171522	-0.0	-0.0	0.0144959934	0.379600666964	0.000348504187007	25.9936178432	20.0984415035
3.69465311533	5.33503509892	0.500330071009	-0.0	-0.0	0.0141610572533	0.379808426331	0.000343468690176	25.3201357854	18.9713037975
3.68360583297	5.32385819227	0.512126016897	-0.0	-0.0	0.0137938848667	0.38003609456	0.000337703584717	24.5917502567	17.7809012152
3.67034909412	5.31285988484	0.524779518159	-0.0	-0.0	0.0134071160933	0.380275838063	0.000331774982333	23.8362461718	16.5803553696
3.65885992046	5.30237027546	0.538753215997	-0.0	-0.0	0.0129895113467	0.380534583784	0.000325105132667	23.0337657386	15.3418302925
3.64825452939	5.29176017954	0.552934140982	-0.0	-0.0	0.0125746587867	0.380791517299	0.000318399195752	22.2505973796	14.1710892125
3.63146266019	5.27681438664	0.569034555656	-0.0	-0.0	0.0121117381733	0.381078095333	0.000311320259723	21.3921271305	12.9358787218
3.6137870084	5.26126126126	0.58728986802	-0.0	-0.0	0.0115982158533	0.381395843953	0.000303350922756	20.4576757794	11.6478921389
3.60008837826	5.24838917526	0.606252354489	-0.0	-0.0	0.0110636225333	0.381726457223	0.000294599408048	19.5040184598	10.4130779682
3.58285461776	5.23506619309	0.630195094691	-0.0	-0.0	0.0104102220533	0.382130305501	0.000283960896814	18.369131222	9.01569321626
3.56517896597	5.22045969569	0.659224175483	-0.0	-0.0	0.00965482125333	0.382596868519	0.000271513514533	17.1003398881	7.54045146935
3.53557224923	5.19584280611	0.688654108033	-0.0	-0.0	0.00892951114667	0.383044511045	0.000260494297974	15.926666976	6.25754241987
