# C		CN		K0		e_x		e_y		e_z		n		overlap		p		q
3.4533804684	5.25294315506	0.737155452948	-0.0	-0.0	1.87240000048e-07	0.387106978919	0.00013003736594436796	5.58867942065	1.78104607724
3.48121961997	5.26127631139	0.652623359429	-0.0	-0.0	0.000531443826667	0.38678128896	0.00013843896692292818	6.16578864496	2.78736014905
3.49801148917	5.25939474559	0.575986477174	-0.0	-0.0	0.00134984762667	0.386279223018	0.000151915542187093	7.09261950307	4.19247822164
3.50817498895	5.26368159204	0.535203227663	-0.0	-0.0	0.00212068413333	0.385805962258	0.00016454986350386206	7.99918760855	5.38734301017
3.53866548829	5.27563468513	0.509112296682	-0.0	-0.0	0.00286652962667	0.385347697527	0.00017561589378973136	8.90899264657	6.5007357757
3.55059655325	5.27356321839	0.490479925391	-0.0	-0.0	0.00361248325333	0.38488902436	0.00018744285311141914	9.8514661873	7.60164793564
3.56562085727	5.26993464052	0.476927544399	-0.0	-0.0	0.00433858268	0.384442230444	0.00019867957154134504	10.7991494796	8.67321891336
3.57711003093	5.26970684039	0.466586411015	-0.0	-0.0	0.00503626472	0.384012616994	0.0002095620974929602	11.7382395205	9.71667364599
3.58904109589	5.27257959714	0.458389298888	-0.0	-0.0	0.00572674384	0.383587143695	0.00022022853032705643	12.6932267787	10.7599085199
3.60008837826	5.28089523192	0.451767142994	-0.0	-0.0	0.00641326198667	0.38316381979	0.0002308398290963547	13.6686143729	11.8100055735
3.61201944322	5.28844286177	0.446189106206	-0.0	-0.0	0.00707321445333	0.382756602874	0.00024093446501651203	14.6313495692	12.8457420338
3.63632346443	5.29652285898	0.441492874374	-0.0	-0.0	0.00772982676	0.382351180175	0.0002500852972996033	15.6116357767	13.8915706023
3.64471939903	5.2985218509	0.437613066631	-0.0	-0.0	0.00836371930667	0.381959535127	0.0002598784724993744	16.5786912251	14.9160239696
3.65930181175	5.30586726515	0.434306392405	-0.0	-0.0	0.00898968749333	0.381572538293	0.00026904876530925795	17.5531485931	15.9418324112
3.6721166593	5.31138107417	0.431408850021	-0.0	-0.0	0.00960245564	0.381193469978	0.00027813665219695547	18.5271456993	16.9652206097
3.68272205038	5.31938677739	0.428840713364	-0.0	-0.0	0.01020852716	0.380818314826	0.00028725084405643614	19.5100202293	17.9955439228
3.70349094123	5.33068109484	0.426485632313	-0.0	-0.0	0.0108068733867	0.38044771894	0.0002954487481704843	20.500291124	19.0351761938
3.71586389748	5.33417962552	0.424310952618	-0.0	-0.0	0.0114085767867	0.38007482005	0.00030433420463366295	21.5156380932	20.1008932588
3.73000441891	5.33544103699	0.421830354749	-0.0	-0.0	0.0121410528933	0.379620577882	0.0003151925214996505	22.7773857403	21.4288772853
3.73707467963	5.34218009479	0.420081884865	-0.0	-0.0	0.0127213886267	0.379260447528	0.0003241172569692506	23.7952003956	22.4968038003
3.74988952718	5.35216156516	0.418505043493	-0.0	-0.0	0.0132863232	0.378909669973	0.0003322786072644865	24.8023873221	23.5531583185
3.7644719399	5.35534591195	0.417061751996	-0.0	-0.0	0.0138520024667	0.378558226859	0.00034026306872162566	25.8272481445	24.6259710723
3.77949624392	5.36840452261	0.415656262681	-0.0	-0.0	0.01442276032	0.378203432846	0.00034834841254669576	26.8824438132	25.7333264561
3.78214759169	5.37142857143	0.414143771059	-0.0	-0.0	0.0150851648267	0.377791417104	0.0003590551994772267	28.1281559044	27.0401481697
3.79186920018	5.37711598746	0.413024444598	-0.0	-0.0	0.0156255701333	0.37745507986	0.0003670402449644587	29.1595610874	28.1196461921
3.80070702607	5.38333855308	0.41209489285	-0.0	-0.0	0.0161585611733	0.377123180553	0.00037493564611894775	30.1880137777	29.1872385436
3.81307998232	5.38451935081	0.411102855116	-0.0	-0.0	0.01669558644	0.37678859013	0.0003825203329409555	31.2384492824	30.286756577
3.81926646045	5.38485509505	0.410764736565	-0.0	-0.0	0.0169151308667	0.376651758556	0.0003854844274296683	31.6707527944	30.7349257445
3.81749889527	5.38298535369	0.411050721147	-0.0	-0.0	0.0169067821467	0.376656956656	0.00038549043546046624	31.6502579059	30.6904919834
3.81396376491	5.38576779026	0.411251065561	-0.0	-0.0	0.0168967420667	0.376663210634	0.00038565875047655697	31.6277235274	30.6514679037
3.81352187362	5.3881948782	0.411591503039	-0.0	-0.0	0.01688252576	0.376672076515	0.0003854371062043329	31.5954032192	30.5910108701
3.81042863456	5.38706654171	0.41183782569	-0.0	-0.0	0.0168722147467	0.376678503632	0.00038555560712269656	31.5719260548	30.5472291547
3.81307998232	5.38925335833	0.412342706609	-0.0	-0.0	0.0168547711067	0.376689376533	0.0003849061695285977	31.5267823198	30.4605003687
3.81131241715	5.38875	0.412755820539	-0.0	-0.0	0.01683766904	0.376700036341	0.000384760171092993	31.4876306774	30.387526583
3.81042863456	5.3878125	0.41334712977	-0.0	-0.0	0.0168131410133	0.376715321818	0.0003843850577115862	31.4316591024	30.283348621
3.80733539549	5.38574554548	0.415378425918	-0.0	-0.0	0.01672814476	0.376768299083	0.0003830955122508938	31.2389983359	29.9269545733
3.79584622183	5.38095238095	0.424194981036	-0.0	-0.0	0.01636665716	0.3769935489	0.00037746187177083103	30.4262039105	28.4348453722
3.790101635	5.37986198243	0.43306579083	-0.0	-0.0	0.01601647492	0.3772116765	0.0003714572909880515	29.6480436232	27.021390662
3.78391515687	5.37331240188	0.441323784428	-0.0	-0.0	0.0157008088667	0.377408238606	0.0003661340679246438	28.9542387312	25.7765363842
3.77419354839	5.36486486486	0.449780354647	-0.0	-0.0	0.0153861453067	0.377604114727	0.00036114343858046597	28.269689703	24.5654775336
3.76579761379	5.36355051936	0.458773006219	-0.0	-0.0	0.0150615938533	0.37780608144	0.00035585756600303655	27.5732439262	23.3476284097
3.75916924437	5.3608572329	0.468238842904	-0.0	-0.0	0.0147288175867	0.378013098363	0.00035024004767100043	26.8680998278	22.1341231424
3.74326115776	5.35091598231	0.47839128495	-0.0	-0.0	0.01438135024	0.378229180958	0.0003452122742008194	26.1413493504	20.9050650605
3.73221387539	5.34187223276	0.489454167019	-0.0	-0.0	0.0140122525067	0.378458629694	0.0003392765415420231	25.3786663173	19.6426061461
3.72602739726	5.3330170778	0.501305337386	-0.0	-0.0	0.0136243910667	0.378699656723	0.00033254972405093414	24.5904509135	18.3707099582
3.71232876712	5.32119100412	0.514289318825	-0.0	-0.0	0.0132094509467	0.378957406954	0.00032597611514205205	23.7619975211	17.0682897688
3.69818824569	5.31585637115	0.528185711299	-0.0	-0.0	0.01277572772	0.379226709146	0.0003191029257530008	22.9119781981	15.7707871898
3.67918692002	5.30296272698	0.543172149628	-0.0	-0.0	0.01231776044	0.379510937913	0.00031218973659071625	22.032058744	14.4724790231
3.65178965974	5.28301886792	0.559819832548	-0.0	-0.0	0.01182521716	0.379816480378	0.00030533089776128456	21.104704825	13.1482808001
3.62969509501	5.26474358974	0.578010206796	-0.0	-0.0	0.0113024593733	0.380140601416	0.00029746289870259424	20.1424304756	11.8272072251
3.6133451171	5.25353470437	0.593359493566	-0.0	-0.0	0.0108728496533	0.380406841845	0.0002908052513491152	19.3672558349	10.8045580168
3.61422889969	5.25417737789	0.592755770424	-0.0	-0.0	0.0108816798667	0.380401370681	0.0002908994049457541	19.3830832893	10.8354250345
3.6137870084	5.25385604113	0.592530083356	-0.0	-0.0	0.0108864721867	0.380398401359	0.00029101953283016736	19.3912895146	10.8482602573
3.61467079099	5.25449871465	0.591850933077	-0.0	-0.0	0.0108968437467	0.380391975091	0.0002911415202237223	19.4098333902	10.8834985812
3.61688024746	5.2550594282	0.59108505992	-0.0	-0.0	0.0109103873067	0.380383583336	0.0002912100221687371	19.4335560023	10.9249109169
3.61643835616	5.25433526012	0.590031483304	-0.0	-0.0	0.0109278105333	0.380372787524	0.00029156536213798055	19.4643976084	10.9810455085
3.62262483429	5.25874799358	0.587767776986	-0.0	-0.0	0.0109653968133	0.380349497605	0.0002917580184145372	19.5310316574	11.1025359938
3.63455589925	5.27503209243	0.567721578721	-0.0	-0.0	0.01131748792	0.380131285761	0.00029726106168356483	20.1613524508	12.2438065063
3.65002209456	5.29272202629	0.547957642308	-0.0	-0.0	0.0117002902933	0.379893953123	0.0003030349554597383	20.8591077488	13.496538217
3.66195315952	5.30833333333	0.53066072829	-0.0	-0.0	0.01206754608	0.379666173765	0.0003087920590076463	21.5402555709	14.7134079886
3.66813963765	5.31550288277	0.515177104449	-0.0	-0.0	0.0124285490533	0.379442190982	0.00031490401769412987	22.2203782015	15.9178354979
3.68183826779	5.32651103294	0.501062791384	-0.0	-0.0	0.01279275704	0.379216142957	0.000320405872662158	22.916166945	17.1323844011
3.69465311533	5.33290775614	0.488015450029	-0.0	-0.0	0.0131643214933	0.378985438379	0.0003261041190683213	23.6362360699	18.3722648571
3.71056120194	5.34597005416	0.476193849664	-0.0	-0.0	0.0135363507067	0.378754355093	0.0003315128303758972	24.3667534871	19.6120709192
3.72381794079	5.35430568796	0.46603065326	-0.0	-0.0	0.01388941736	0.378534975246	0.0003367894225724167	25.0686546949	20.784888853
3.72956252762	5.36224976168	0.4567670218	-0.0	-0.0	0.0142436939733	0.378314765717	0.0003427524133570716	25.7820450246	21.9577861439
3.73840035351	5.36579949239	0.448511935562	-0.0	-0.0	0.0145923324	0.378097984568	0.00034829090215137575	26.4908692795	23.103660075
3.74370304905	5.37234379956	0.440857413752	-0.0	-0.0	0.0149523432267	0.377874052803	0.00035433290124037227	27.229308991	24.2731778935
3.75828546178	5.37867763366	0.434062046605	-0.0	-0.0	0.01531051036	0.377651187827	0.000359433147462893	27.9698218589	25.4199126234
3.76270437472	5.38532110092	0.428442344599	-0.0	-0.0	0.0156541339733	0.377437303347	0.0003651867019667925	28.6832081717	26.4864705505
3.76535572249	5.38911736792	0.423488289848	-0.0	-0.0	0.0160203404533	0.377209269086	0.00037146855322897876	29.4440307323	27.5718090276
3.77419354839	5.39658444023	0.419824668494	-0.0	-0.0	0.0163805580933	0.376984888468	0.0003769148109030428	30.1877051379	28.5611417627
3.78347326558	5.39766635131	0.417100527408	-0.0	-0.0	0.0167494498533	0.376755020932	0.00038235451758458376	30.9433864434	29.5009376274
3.7984975696	5.40081735303	0.415086651802	-0.0	-0.0	0.0171536889067	0.376503031375	0.0003877159567026314	31.7672157657	30.4578836876
3.80159080866	5.40351979887	0.414850306418	-0.0	-0.0	0.0172135081733	0.376465731796	0.00038841025676969053	31.888905704	30.5948141523
3.80026513478	5.4025769956	0.415024396166	-0.0	-0.0	0.0172105263333	0.376467588552	0.0003884812969850821	31.8811651295	30.5724698172
3.7980556783	5.40069138906	0.415213090477	-0.0	-0.0	0.0172006025333	0.376473774344	0.000388523801407673	31.858881514	30.5349492736
3.79628811312	5.40188679245	0.415475756496	-0.0	-0.0	0.01718904456	0.376480978014	0.00038849073211104243	31.8330335646	30.48772138
3.79584622183	5.40264234036	0.415626835413	-0.0	-0.0	0.0171828699867	0.376484834632	0.00038842050314996646	31.81902488	30.461401213
3.79496243924	5.40138408304	0.41597417938	-0.0	-0.0	0.01716859528	0.376493735895	0.00038824415639458456	31.7867196944	30.4008543127
3.79496243924	5.40169864737	0.416417170257	-0.0	-0.0	0.0171501267867	0.376505249603	0.000387900564852901	31.7450723658	30.3233283316
3.7896597437	5.39817437834	0.418531051657	-0.0	-0.0	0.01706294408	0.3765596066	0.00038681639811392123	31.5486312835	29.9574240102
3.77861246133	5.3970959596	0.426479514867	-0.0	-0.0	0.01674356016	0.376758691643	0.00038199087030041715	30.8340540282	28.6309001026
3.77021652673	5.39222503161	0.435246671119	-0.0	-0.0	0.0164037507733	0.376970432435	0.00037650299781217866	30.0824682498	27.2481708992
3.75961113566	5.38897687678	0.443614822855	-0.0	-0.0	0.0160906825333	0.37716545915	0.00037173474567321147	29.3982733283	26.0012291839
3.7560760053	5.38637083994	0.452165006303	-0.0	-0.0	0.0157808553067	0.37735839676	0.00036632922742679054	28.7288965161	24.7940662663
3.74370304905	5.37638844811	0.46091822264	-0.0	-0.0	0.0154743623067	0.377549206408	0.00036184166232279113	28.0742410346	23.6247654562
3.73486522316	5.36741822801	0.470313043146	-0.0	-0.0	0.0151550994533	0.377747892369	0.0003567686916437377	27.400629226	22.4367115537
3.7313300928	5.36510962822	0.48010552954	-0.0	-0.0	0.0148316887067	0.377949106604	0.0003511189489616223	26.7266668499	21.265638072
3.72160848431	5.35900700191	0.490533982689	-0.0	-0.0	0.0144959934	0.378157887582	0.0003458040415926972	26.0360887781	20.0868965951
3.7057003977	5.34650940389	0.501151108381	-0.0	-0.0	0.0141610572533	0.378366137247	0.0003410868436438693	25.3567284981	18.9519481132
3.70260715864	5.34759016917	0.513010832351	-0.0	-0.0	0.0137938848667	0.378594334132	0.0003345943379140204	24.6225441239	17.7553564365
3.69155987627	5.33407856915	0.525748247009	-0.0	-0.0	0.0134071160933	0.378834636346	0.0003284648935707404	23.8619995391	16.548790326
3.67609368095	5.31979533099	0.539835972516	-0.0	-0.0	0.0129895113467	0.37909397803	0.0003221474279763583	23.0544671576	15.3036200985
3.65709235528	5.30108904548	0.554071774606	-0.0	-0.0	0.0125746587867	0.379351513902	0.0003161713582795799	22.2661018618	14.1296117526
3.64339372514	5.28873917228	0.570341255783	-0.0	-0.0	0.0121117381733	0.379638759309	0.0003088425841900571	21.4024834107	12.8871480413
3.62615996465	5.26773675762	0.588662389547	-0.0	-0.0	0.0115982158533	0.37995724687	0.0003008495095336074	20.4628516576	11.5974528716
3.61157755192	5.25466237942	0.608013690984	-0.0	-0.0	0.0110636225333	0.380288628999	0.0002921916504213522	19.5038351586	10.3499213291
3.58638974812	5.22945536578	0.632143297865	-0.0	-0.0	0.0104102220533	0.380693416447	0.0002821924962000515	18.3631211223	8.94983504699
3.56606274856	5.20819883796	0.661172117512	-0.0	-0.0	0.00965482125333	0.381161064483	0.00026989214037009964	17.0862036517	7.47858407346
3.53336279275	5.18320363165	0.690376946741	-0.0	-0.0	0.00892951114667	0.381609751879	0.00025904553898382443	15.9031220016	6.20472347515
