# C		CN		K0		e_x		e_y		e_z		n		overlap		p		q
3.49182501105	5.26324558481	0.735531134808	-0.0	-0.0	1.87240000048e-07	0.386565450314	0.000143578349097	5.58625081189	1.79362871313
3.51745470614	5.27170311465	0.654381686288	-0.0	-0.0	0.000531443826667	0.386239472588	0.000152051061155	6.10836170862	2.74323696185
3.55015466195	5.28613763582	0.573657830587	-0.0	-0.0	0.00134984762667	0.38573696304	0.00016503359218	6.95108255602	4.14034089671
3.56473707468	5.28491803279	0.526741326967	-0.0	-0.0	0.00212068413333	0.385263284126	0.000177635888869	7.7783082685	5.37791518599
3.57843570482	5.2968903437	0.496454155358	-0.0	-0.0	0.00286652962667	0.384804614489	0.000189595517774	8.60499158951	6.52263990488
3.59611135661	5.29427083333	0.474650581706	-0.0	-0.0	0.00361248325333	0.384345536056	0.00020117806473	9.45839870161	7.64730101609
3.61555457357	5.30327602984	0.458545666731	-0.0	-0.0	0.00433858268	0.383898347602	0.000212235147019	10.3150265915	8.73998397713
3.62704374724	5.30210016155	0.446255138213	-0.0	-0.0	0.00503626472	0.383468354331	0.00022320173666	11.1630505685	9.79886128679
3.6305788776	5.29593810445	0.43621777212	-0.0	-0.0	0.00572674384	0.3830425051	0.000234527782822	12.0269803217	10.8638149622
3.6469288555	5.30492119653	0.427856272636	-0.0	-0.0	0.00641326198667	0.382618807162	0.000244900464152	12.9090386103	11.9401447481
3.66106937693	5.31673626727	0.421198234042	-0.0	-0.0	0.00707321445333	0.382211230445	0.000254908298293	13.7779637562	12.9853316996
3.67786124613	5.32362355954	0.415423677468	-0.0	-0.0	0.00772982676	0.381805451557	0.000264667482953	14.6657130089	14.0479683709
3.69023420239	5.33003194888	0.410600025801	-0.0	-0.0	0.00836371930667	0.381413457799	0.000274302276743	15.5425495902	15.0902340236
3.70128148475	5.33397068196	0.406490703588	-0.0	-0.0	0.00898968749333	0.38102611967	0.000283889688505	16.4272730731	16.1332144583
3.71851524525	5.33291058973	0.402777074157	-0.0	-0.0	0.00960245564	0.380646719381	0.000292809615932	17.3136908199	17.1805422146
3.73309765798	5.33891874802	0.399502577402	-0.0	-0.0	0.01020852716	0.380271229801	0.000301811822593	18.2082328064	18.2334055704
3.73795846222	5.34080859128	0.396606154389	-0.0	-0.0	0.0108068733867	0.37990030699	0.000311450621462	19.1082027467	19.2890243084
3.75077330977	5.34562066793	0.394028000913	-0.0	-0.0	0.0114085767867	0.379527078102	0.000320427828893	20.028990551	20.3634686466
3.7644719399	5.34588826114	0.391037786068	-0.0	-0.0	0.0121410528933	0.379072430022	0.000331512580484	21.1733672219	21.7057808009
3.78303137428	5.35524256651	0.38892370313	-0.0	-0.0	0.0127213886267	0.378711978984	0.000339606212409	22.0973735045	22.785725801
3.79363676536	5.35308796007	0.387127179203	-0.0	-0.0	0.0132863232	0.37836089274	0.000348119013999	23.0105840988	23.8453322963
3.79893946089	5.3564973512	0.385298336647	-0.0	-0.0	0.0138520024667	0.378009147094	0.000357184677637	23.9425325261	24.9365337527
3.80866106938	5.36239103362	0.383653974854	-0.0	-0.0	0.01442276032	0.377654037411	0.00036587402249	24.8957468709	26.0470643435
3.81705700398	5.36668738347	0.381871201839	-0.0	-0.0	0.0150851648267	0.377241664549	0.000376231813775	26.0201493018	27.3574025022
3.83473265577	5.37600743955	0.380523463642	-0.0	-0.0	0.0156255701333	0.37690502321	0.000383605024771	26.9521018861	28.4425039424
3.8404772426	5.38197026022	0.379287974498	-0.0	-0.0	0.0161585611733	0.37657283065	0.000392029180692	27.8838681967	29.52591098
3.85859478568	5.38808274159	0.378162429062	-0.0	-0.0	0.01669558644	0.376237951205	0.000399222393099	28.8338520623	30.6264056634
3.85992045957	5.38858024691	0.377772784246	-0.0	-0.0	0.0169151308667	0.376100986079	0.000402778757556	29.2248785888	31.0749806124
3.85903667698	5.38827160494	0.3779641825	-0.0	-0.0	0.0169067821467	0.376106194815	0.000402712802155	29.2080006509	31.0407125789
3.85859478568	5.38827160494	0.378138978934	-0.0	-0.0	0.0168967420667	0.376112452011	0.00040257197484	29.1880178502	31.0045864356
3.8568272205	5.38746526706	0.378426890962	-0.0	-0.0	0.01688252576	0.376121328041	0.000402488300178	29.1594700914	30.9497739694
3.85550154662	5.38863144887	0.378634860706	-0.0	-0.0	0.0168722147467	0.376127757226	0.00040243256797	29.138762981	30.9101294433
3.8572691118	5.38882025942	0.378977903298	-0.0	-0.0	0.0168547711067	0.376138643337	0.00040192042079	29.1038291933	30.8439853149
3.85550154662	5.38696726374	0.379325812268	-0.0	-0.0	0.01683766904	0.376149304882	0.000401783757613	29.0695959469	30.7782637567
3.85550154662	5.3860407659	0.379814969314	-0.0	-0.0	0.0168131410133	0.376164614203	0.000401322241042	29.0204724655	30.6849676936
3.85108263367	5.3827618165	0.381538754524	-0.0	-0.0	0.01672814476	0.37621763562	0.000400183727555	28.8506406297	30.3611209009
3.83252319929	5.37883959044	0.389031128153	-0.0	-0.0	0.01636665716	0.376443078001	0.000395311376218	28.1330607318	29.000825448
3.82722050376	5.37659112077	0.396563934864	-0.0	-0.0	0.01601647492	0.3766614013	0.000389283490245	27.445710277	27.708673253
3.81970835175	5.37406716418	0.403546148676	-0.0	-0.0	0.0157008088667	0.376858140569	0.000384101125239	26.8322195504	26.5689484381
3.80910296067	5.36570183629	0.410728733929	-0.0	-0.0	0.0153861453067	0.377054189759	0.000379247667444	26.2272297108	25.4548126376
3.80380026513	5.3606353161	0.418394373682	-0.0	-0.0	0.0150615938533	0.377256331169	0.000373651843347	25.6090866133	24.3267858874
3.79938135219	5.35941396509	0.426455042701	-0.0	-0.0	0.0147288175867	0.377463528503	0.000367782567271	24.9817458648	23.1983534627
3.78789217852	5.35384134916	0.435129299266	-0.0	-0.0	0.01438135024	0.37767980592	0.000362360120781	24.3366783474	22.0510841054
3.77728678745	5.34960876369	0.44463268535	-0.0	-0.0	0.0140122525067	0.377909462861	0.000356431964559	23.6606016675	20.8657688034
3.76933274414	5.34807149577	0.454983968312	-0.0	-0.0	0.0136243910667	0.378150701006	0.000349903892153	22.9602801067	19.6553887271
3.75342465753	5.33888714241	0.46645362661	-0.0	-0.0	0.0132094509467	0.378408674018	0.000343597724432	22.2227269059	18.4026243283
3.73265576668	5.32335329341	0.478909072982	-0.0	-0.0	0.01277572772	0.378678213016	0.000337391364123	21.4652403313	17.1395009378
3.71365444101	5.31740506329	0.492560124275	-0.0	-0.0	0.01231776044	0.37896269774	0.000330535850983	20.6793763666	15.8582939969
3.69288555015	5.30139593909	0.507737709051	-0.0	-0.0	0.01182521716	0.379268508801	0.00032319996735	19.8508306822	14.5451767376
3.67565178966	5.28408007626	0.524530538361	-0.0	-0.0	0.0113024593733	0.37959291759	0.000314976174141	18.991181871	13.2202897063
3.66018559434	5.27765380937	0.538884821387	-0.0	-0.0	0.0108728496533	0.379859393258	0.000308348968217	18.3010671036	12.1845554761
3.66151126823	5.27724665392	0.538388312148	-0.0	-0.0	0.0108816798667	0.37985391726	0.000308402441164	18.3152810478	12.2129857863
3.66106937693	5.2769279796	0.538181269796	-0.0	-0.0	0.0108864721867	0.379850948427	0.000308526430222	18.3228021087	12.2259187048
3.66018559434	5.27556546671	0.537685118491	-0.0	-0.0	0.0108968437467	0.379844513368	0.00030879007657	18.3391831135	12.255852643
3.66195315952	5.27820267686	0.536986683032	-0.0	-0.0	0.0109103873067	0.379836114198	0.000308892194586	18.3608429233	12.2971416943
3.66195315952	5.27843262185	0.536145032712	-0.0	-0.0	0.0109278105333	0.379825308848	0.000309211315347	18.3884611299	12.3480479565
3.6637207247	5.2810707457	0.53428980883	-0.0	-0.0	0.0109653968133	0.37980199835	0.000309754557476	18.448375995	12.4601392734
3.66990720283	5.2872611465	0.5176611362	-0.0	-0.0	0.01131748792	0.379583599839	0.000315717397088	19.014798624	13.5186105239
3.68581528944	5.3012086514	0.501153921857	-0.0	-0.0	0.0117002902933	0.379346051367	0.000321394632187	19.6405299246	14.679463035
3.69863013699	5.30764351411	0.486642058305	-0.0	-0.0	0.01206754608	0.379118070752	0.000327035358239	20.2505833346	15.8048164852
3.70658418029	5.32043147208	0.473544130151	-0.0	-0.0	0.0124285490533	0.378893896225	0.000332984397956	20.8591371538	16.9197494821
3.71939902784	5.32953105196	0.461447946221	-0.0	-0.0	0.01279275704	0.378667637062	0.000338542163121	21.4816285055	18.0493003219
3.73353954927	5.33955105912	0.450079435422	-0.0	-0.0	0.0131643214933	0.378436729146	0.000344095490091	22.1254539894	19.2098287192
3.74060980999	5.34491471889	0.439624295022	-0.0	-0.0	0.0135363507067	0.378205446432	0.000350300687321	22.7786319948	20.3771742017
3.75121520106	5.35025220681	0.430506903246	-0.0	-0.0	0.01388941736	0.37798587275	0.000355818917456	23.4064803096	21.4880119251
3.7560760053	5.35423889064	0.422079523518	-0.0	-0.0	0.0142436939733	0.377765468652	0.000361889344208	24.0436532716	22.6043186093
3.76182059213	5.35694050992	0.414448543609	-0.0	-0.0	0.0145923324	0.377548495964	0.000367762639247	24.6772214429	23.7024538831
3.77419354839	5.36380772856	0.407277387442	-0.0	-0.0	0.0149523432267	0.377324366811	0.000373190625977	25.3384201587	24.830313423
3.77993813522	5.3640639699	0.400790540733	-0.0	-0.0	0.01531051036	0.37710130445	0.00037921100283	26.0024836118	25.9454336608
3.78391515687	5.36571607647	0.395190710854	-0.0	-0.0	0.0156541339733	0.376887228117	0.000385100723587	26.6436629599	27.0015115097
3.79540433053	5.37707485124	0.390038549979	-0.0	-0.0	0.0160203404533	0.376658995247	0.000390590685418	27.3293895596	28.0940765168
3.8064516129	5.38367729831	0.3859877283	-0.0	-0.0	0.0163805580933	0.376434417116	0.000395934447525	28.0023840195	29.1095579695
3.81087052585	5.39074710847	0.383140319257	-0.0	-0.0	0.0167494498533	0.376204345737	0.000402002541518	28.6859775695	30.0550590537
3.8236853734	5.39351418771	0.381105634382	-0.0	-0.0	0.0171536889067	0.375952132198	0.000407674609459	29.4282886581	31.0059339021
3.82456915599	5.39582033687	0.380876375678	-0.0	-0.0	0.0172135081733	0.375914810735	0.000408612208394	29.5377957156	31.1409426615
3.82545293858	5.39644416719	0.380971964319	-0.0	-0.0	0.0172105263333	0.375916661915	0.000408457645267	29.5313995403	31.1260147691
3.82280159081	5.39563182527	0.38118908827	-0.0	-0.0	0.0172006025333	0.375922855163	0.000408554144357	29.5114225895	31.0863875225
3.82147591692	5.39531981279	0.38140122993	-0.0	-0.0	0.01718904456	0.375930068188	0.000408480760381	29.4884247497	31.0440398686
3.82191780822	5.39563182527	0.381528729003	-0.0	-0.0	0.0171828699867	0.375933921542	0.000408318031729	29.4760583992	31.0201381458
3.82059213433	5.39513108614	0.381820057029	-0.0	-0.0	0.01716859528	0.375942822103	0.000408192064802	29.4474537108	30.9652039162
3.82015024304	5.39693941287	0.382188590023	-0.0	-0.0	0.0171501267867	0.375954355128	0.000407893929132	29.4105438931	30.8950429584
3.8148475475	5.39300218682	0.383969518448	-0.0	-0.0	0.01706294408	0.376008758745	0.000406828153705	29.2364426012	30.5619245436
3.80910296067	5.38961851157	0.390635872295	-0.0	-0.0	0.01674356016	0.376208016026	0.000401456464532	28.6027950322	29.354618066
3.80026513478	5.38584403382	0.397958990796	-0.0	-0.0	0.0164037507733	0.376419946018	0.000396020204661	27.9357219536	28.0944626818
3.79142730888	5.38480853735	0.404928457485	-0.0	-0.0	0.0160906825333	0.376615142365	0.000391078509	27.327862108	26.9557768745
3.78789217852	5.38273155416	0.412079044462	-0.0	-0.0	0.0157808553067	0.376808256176	0.000385645904117	26.7324971742	25.8474230573
3.7817057004	5.37806411062	0.419378990433	-0.0	-0.0	0.0154743623067	0.376999232924	0.00038055435571	26.1501055548	24.7721029829
3.77242598321	5.3699276502	0.427191089904	-0.0	-0.0	0.0151550994533	0.377198097322	0.000375523641428	25.5501769203	23.6769461342
3.76049491825	5.36	0.435354859849	-0.0	-0.0	0.0148316887067	0.377399490439	0.000370680015293	24.9498864905	22.5922258368
3.75298276624	5.35509303059	0.444099374394	-0.0	-0.0	0.0144959934	0.377608452404	0.000365178645257	24.3349610673	21.4932142447
3.74193548387	5.34701610357	0.453176865554	-0.0	-0.0	0.0141610572533	0.377816885948	0.000360037804913	23.7292947372	20.4197056107
3.73000441891	5.3417721519	0.46343105137	-0.0	-0.0	0.0137938848667	0.378045288331	0.000354389523076	23.0745637497	19.2765653447
3.71984091913	5.33671528218	0.474595450697	-0.0	-0.0	0.0134071160933	0.378285798619	0.000348184816339	22.3944466405	18.1092741645
3.70039770217	5.32803054407	0.487081138753	-0.0	-0.0	0.0129895113467	0.378545375216	0.000342255659456	21.6717233903	16.8919786523
3.68714096332	5.31676226896	0.499853199733	-0.0	-0.0	0.0125746587867	0.378803126026	0.000335810569685	20.9658683431	15.7313273129
3.67520989837	5.30599872368	0.514459751079	-0.0	-0.0	0.0121117381733	0.379090627085	0.000328348025472	20.1920241843	14.496445677
3.66593018118	5.29533844189	0.531056388066	-0.0	-0.0	0.0115982158533	0.379409401038	0.000319704788885	19.3498373049	13.20099856
3.6473707468	5.27790214263	0.548851396053	-0.0	-0.0	0.0110636225333	0.379741075963	0.000311456989407	18.4911613247	11.9305675452
3.62527618206	5.25496476618	0.57149900199	-0.0	-0.0	0.0104102220533	0.38014622036	0.000301292500343	17.4678658271	10.4783083225
3.59964648696	5.23193061356	0.599333674877	-0.0	-0.0	0.00965482125333	0.380614282298	0.000289519297939	16.3207898512	8.92248328542
3.57534246575	5.21534493875	0.628152568384	-0.0	-0.0	0.00892951114667	0.381063366137	0.000278138883751	15.255772922	7.54262340574
