# C		CN		K0		e_x		e_y		e_z		n		overlap		p		q
3.46089262042	5.23929049531	0.737153246922	-0.0	-0.0	1.87240000048e-07	0.388481439544	0.000130586986688	5.58866928912	1.78106097243
3.48431285904	5.24533954727	0.652182621891	-0.0	-0.0	0.000531443826667	0.38815647997	0.000139215471092	6.1626733668	2.79055357873
3.50375607601	5.25082836315	0.576125795186	-0.0	-0.0	0.00134984762667	0.387655539951	0.000152680957504	7.08391668311	4.18541619082
3.52408307556	5.25841584158	0.534811723705	-0.0	-0.0	0.00212068413333	0.387183340516	0.000164943833416	7.98734164563	5.38593292943
3.53513035793	5.25888157895	0.508437969094	-0.0	-0.0	0.00286652962667	0.386726103479	0.000176984574564	8.89232688423	6.50183312706
3.55766681396	5.26957091386	0.489910320605	-0.0	-0.0	0.00361248325333	0.386268458922	0.000188317606373	9.82796446519	7.59635969866
3.57666813964	5.27151238592	0.476433341702	-0.0	-0.0	0.00433858268	0.385822666977	0.000199391519502	10.7681949691	8.66091050215
3.58285461776	5.27195836044	0.466025684516	-0.0	-0.0	0.00503626472	0.385394018389	0.000210667160034	11.7009753955	9.70163696593
3.60229783473	5.28062216461	0.457625633201	-0.0	-0.0	0.00572674384	0.384969497827	0.000220988322627	12.651829602	10.7485031175
3.61776403005	5.28774652441	0.450544461682	-0.0	-0.0	0.00641326198667	0.384547123259	0.000231425691303	13.6253596464	11.8140649193
3.62881131242	5.28419697457	0.444896618999	-0.0	-0.0	0.00707321445333	0.384140819559	0.000241635302301	14.5854276761	12.8528667373
3.64295183385	5.28979460847	0.440088157532	-0.0	-0.0	0.00772982676	0.383736306052	0.000251544717812	15.5646339453	13.9053281331
3.65885992046	5.29929577465	0.436044340245	-0.0	-0.0	0.00836371930667	0.38334553725	0.000260930406474	16.5329702806	14.9413789947
3.6725585506	5.30808565037	0.432591428572	-0.0	-0.0	0.00898968749333	0.382959410335	0.000270274651591	17.5091422117	15.9794049112
3.68979231109	5.3094783715	0.429345629075	-0.0	-0.0	0.00960245564	0.382581195257	0.000279124686633	18.4872118498	17.0278009358
3.70172337605	5.3125	0.426551523807	-0.0	-0.0	0.01020852716	0.382206882449	0.000288217546199	19.4730047845	18.0779448854
3.71365444101	5.32160963245	0.424188699405	-0.0	-0.0	0.0108068733867	0.381837113478	0.00029710092287	20.4625870287	19.1236738635
3.72514361467	5.32753714828	0.421974636803	-0.0	-0.0	0.0114085767867	0.381465050843	0.000306062548284	21.4767581026	20.1970483899
3.74105170128	5.33343838639	0.419478567746	-0.0	-0.0	0.0121410528933	0.381011822803	0.000316801571257	22.736725831	21.5325681977
3.75695978789	5.34035197989	0.417764783152	-0.0	-0.0	0.0127213886267	0.38065249759	0.00032497144108	23.7518319536	22.602446643
3.77021652673	5.35100376412	0.416227496531	-0.0	-0.0	0.0132863232	0.380302512011	0.000333085649276	24.7556623104	23.6595305479
3.78082191781	5.35504070131	0.41482066953	-0.0	-0.0	0.0138520024667	0.379951858731	0.000341432577499	25.7771772839	24.7331611213
3.78921785241	5.35928705441	0.413538888189	-0.0	-0.0	0.01442276032	0.379597860371	0.000350045882697	26.8231992818	25.8293819943
3.8064516129	5.36250389287	0.412134342839	-0.0	-0.0	0.0150851648267	0.379186767058	0.000359325357877	28.057207765	27.1240782847
3.81617322139	5.36940298507	0.411087246348	-0.0	-0.0	0.0156255701333	0.378851185625	0.000367281546997	29.0791893796	28.1945097357
3.82456915599	5.3743398571	0.410144088012	-0.0	-0.0	0.0161585611733	0.378520030629	0.000375207907006	30.099899055	29.2611966199
3.83473265577	5.37662740236	0.409272155737	-0.0	-0.0	0.01669558644	0.378186190915	0.000382989280899	31.1408713823	30.3469863848
3.83650022095	5.37763320942	0.408931864629	-0.0	-0.0	0.0169151308667	0.378049663853	0.000386420817503	31.5707440792	30.7951479555
3.83605832965	5.37763320942	0.409215297554	-0.0	-0.0	0.0169067821467	0.378054847992	0.000386296960867	31.5505636873	30.7511165345
3.83826778612	5.37887236679	0.409410474675	-0.0	-0.0	0.0168967420667	0.378061087096	0.000385890191777	31.5283350736	30.7127061387
3.83826778612	5.37856257745	0.409749608947	-0.0	-0.0	0.01688252576	0.378069937027	0.000385622616998	31.4962513587	30.6524034168
3.83561643836	5.37732342007	0.409993492727	-0.0	-0.0	0.0168722147467	0.378076344956	0.000385695108886	31.4729919807	30.6089058114
3.83473265577	5.37713046173	0.410401358802	-0.0	-0.0	0.0168547711067	0.378087199448	0.000385456393009	31.4337219611	30.5358942683
3.83517454706	5.37744034707	0.410807044244	-0.0	-0.0	0.01683766904	0.378097835351	0.000385091778674	31.395259006	30.4639696751
3.83517454706	5.37775023241	0.411387385733	-0.0	-0.0	0.0168131410133	0.378113089045	0.000384630847922	31.3400724676	30.3611213112
3.83296509059	5.37600743955	0.413411153324	-0.0	-0.0	0.01672814476	0.378165942801	0.000383253310113	31.1492312049	30.005860243
3.81749889527	5.36959900528	0.422219110717	-0.0	-0.0	0.01636665716	0.378390689685	0.00037799787013	30.3430014928	28.5153596075
3.80910296067	5.36810962317	0.431012807963	-0.0	-0.0	0.01601647492	0.378608325007	0.000372238284437	29.5715551484	27.1089226445
3.7980556783	5.36182158453	0.439179264634	-0.0	-0.0	0.0157008088667	0.37880444244	0.000367367931209	28.8843254939	25.8719436332
3.78921785241	5.35645110903	0.447550616243	-0.0	-0.0	0.0153861453067	0.378999878178	0.000362311208453	28.2072235766	24.6684393666
3.77905435263	5.35577826495	0.456443568629	-0.0	-0.0	0.0150615938533	0.379201400057	0.000357131282347	27.5148520298	23.4554477696
3.77375165709	5.35203761755	0.465781092089	-0.0	-0.0	0.0147288175867	0.379407952728	0.000351358725687	26.8153837993	22.2492734106
3.75961113566	5.34401508011	0.475800235872	-0.0	-0.0	0.01438135024	0.379623541884	0.000346147077527	26.0950473135	21.027384208
3.74900574459	5.33689839572	0.486657108699	-0.0	-0.0	0.0140122525067	0.37985248803	0.000340183117669	25.3400159241	19.7760451814
3.73486522316	5.32745036243	0.498359417685	-0.0	-0.0	0.0136243910667	0.380092966257	0.000334169949151	24.5587678476	18.5098788859
3.72072470172	5.3145925458	0.511126553193	-0.0	-0.0	0.0132094509467	0.380350143634	0.000327647585766	23.7367642579	17.2148684882
3.69863013699	5.30691185796	0.524995932298	-0.0	-0.0	0.01277572772	0.380618839201	0.000321449425784	22.8924831001	15.9132669453
3.68183826779	5.30276981853	0.540039734166	-0.0	-0.0	0.01231776044	0.380902430686	0.000314334375594	22.0176206348	14.6060246175
3.65885992046	5.28366305041	0.556694047054	-0.0	-0.0	0.01182521716	0.381207286459	0.000307130454574	21.0986434161	13.2770042353
3.63190455148	5.26489429853	0.574908488683	-0.0	-0.0	0.0113024593733	0.381530682737	0.000299672776341	20.1445379481	11.9497689868
3.62041537782	5.25738125802	0.590278363156	-0.0	-0.0	0.0108728496533	0.381796328053	0.000292640043526	19.3760808917	10.9221642567
3.62085726911	5.25802310655	0.58960941516	-0.0	-0.0	0.0108816798667	0.3817908745	0.000292771578445	19.3919912833	10.9557019239
3.62085726911	5.25906902087	0.589385264323	-0.0	-0.0	0.0108864721867	0.381787906496	0.000292856999353	19.400222421	10.9685950357
3.622182943	5.25866495507	0.5888091191	-0.0	-0.0	0.0108968437467	0.381781494639	0.000292937788163	19.4181728521	10.9999661012
3.62085726911	5.26043673732	0.587988914854	-0.0	-0.0	0.0109103873067	0.381773121703	0.000293293948477	19.4420493725	11.0437796057
3.62350861688	5.26236351959	0.586939992813	-0.0	-0.0	0.0109278105333	0.381762354573	0.000293401277018	19.4727663406	11.1000897811
3.622182943	5.26204238921	0.584710092244	-0.0	-0.0	0.0109653968133	0.381739112412	0.000294201187041	19.5390880302	11.221043471
3.62881131242	5.27240603919	0.564899094149	-0.0	-0.0	0.01131748792	0.381521389925	0.000300136829565	20.1655900273	12.3590111065
3.64030048608	5.28319435536	0.545359940573	-0.0	-0.0	0.0117002902933	0.381284596448	0.000306222358714	20.8582860714	13.6072926429
3.65311533363	5.29202689721	0.528402099438	-0.0	-0.0	0.01206754608	0.381057320979	0.000311904569794	21.5339429732	14.8123418397
3.6721166593	5.30194701564	0.513251100155	-0.0	-0.0	0.0124285490533	0.380833847506	0.000316921154996	22.2082911857	16.0027380682
3.68669907203	5.31516889739	0.499298932839	-0.0	-0.0	0.01279275704	0.380608294164	0.000322353366188	22.8985745017	17.2100764536
3.6977463544	5.32325803373	0.486307579377	-0.0	-0.0	0.0131643214933	0.380378113639	0.00032822488426	23.6132517164	18.4475137674
3.70702607159	5.33184996821	0.474508541052	-0.0	-0.0	0.0135363507067	0.380147547132	0.000334249808909	24.3386801521	19.686490169
3.71674768007	5.34445503654	0.464365779884	-0.0	-0.0	0.01388941736	0.379928659262	0.000339873614997	25.0358983813	20.8583986244
3.73177198409	5.35576007617	0.455167855903	-0.0	-0.0	0.0142436939733	0.37970894357	0.000345002097018	25.7433858555	22.0262187823
3.73619089704	5.3537048765	0.446964007217	-0.0	-0.0	0.0145923324	0.379492648569	0.000350981783067	26.4464558896	23.1674729087
3.74458683164	5.35693961429	0.439323637376	-0.0	-0.0	0.0149523432267	0.379269218989	0.000356767058665	27.17851792	24.3340292353
3.75121520106	5.36070751737	0.432537770205	-0.0	-0.0	0.01531051036	0.379046856273	0.000362641920838	27.912097467	25.4773504725
3.75872735307	5.3654149574	0.426836065361	-0.0	-0.0	0.0156541339733	0.378833442977	0.000368106364577	28.6190031093	26.5473815283
3.77419354839	5.37531486146	0.421826227432	-0.0	-0.0	0.0160203404533	0.378605929312	0.000373104691905	29.3714624549	27.6328803869
3.7817057004	5.38282478767	0.418142502896	-0.0	-0.0	0.0163805580933	0.378382048675	0.000378679142761	30.1073833027	28.6200779905
3.78833406982	5.38899371069	0.415540542828	-0.0	-0.0	0.0167494498533	0.378152696634	0.000384371115162	30.8545313777	29.545206056
3.79938135219	5.39466248038	0.413535417438	-0.0	-0.0	0.0171536889067	0.377901270855	0.000390122331338	31.6702019791	30.4970963831
3.7980556783	5.39497645212	0.413292255727	-0.0	-0.0	0.0172135081733	0.377864062765	0.000391268760654	31.7907122002	30.6339897116
3.79938135219	5.39698492462	0.413463537789	-0.0	-0.0	0.0172105263333	0.3778659013	0.000391068941641	31.7830870743	30.611959886
3.79717189571	5.39572864322	0.413650378921	-0.0	-0.0	0.0172006025333	0.377872083002	0.000391112272596	31.760981775	30.5746706703
3.79628811312	5.39553879987	0.413912255458	-0.0	-0.0	0.01718904456	0.377879275464	0.000390989392751	31.7353643396	30.5276157481
3.79761378701	5.39616713792	0.414060006835	-0.0	-0.0	0.0171828699867	0.377883117077	0.000390737442191	31.7214793933	30.5016354724
3.79628811312	5.39553879987	0.414402737006	-0.0	-0.0	0.01716859528	0.37789199755	0.000390607673764	31.6895556242	30.4417019241
3.79540433053	5.39491046183	0.4148451215	-0.0	-0.0	0.0171501267867	0.377903486841	0.000390354894527	31.6482909011	30.3644049387
3.79098541759	5.39157762414	0.416956372576	-0.0	-0.0	0.01706294408	0.377957714203	0.000389182475505	31.45374565	29.9996376736
3.78214759169	5.38652817123	0.424857610376	-0.0	-0.0	0.01674356016	0.378156359114	0.00038412707916	30.7463239887	28.6803839628
3.77684489616	5.38204724409	0.433535577033	-0.0	-0.0	0.0164037507733	0.378367631522	0.000378340504123	30.0028270141	27.3083337851
3.76800707026	5.37685272785	0.441782340748	-0.0	-0.0	0.0160906825333	0.378562208451	0.000373393216275	29.3256978884	26.0730984054
3.75828546178	5.37176247631	0.450217162365	-0.0	-0.0	0.0157808553067	0.378754722935	0.000368580980296	28.6630496086	24.8760810263
3.74502872293	5.36265822785	0.458803489702	-0.0	-0.0	0.0154743623067	0.378945091939	0.000364169906408	28.0151484904	23.7197206122
3.73707467963	5.35603420969	0.468015251443	-0.0	-0.0	0.0151550994533	0.379143349198	0.000358994416643	27.3479227715	22.5440835732
3.7308882015	5.3522511097	0.477617348732	-0.0	-0.0	0.0148316887067	0.379344102775	0.000353565378192	26.6802180999	21.3845679276
3.71984091913	5.34380952381	0.487906357258	-0.0	-0.0	0.0144959934	0.379552424748	0.000348368767239	25.9958954632	20.2129473704
3.71365444101	5.33629723722	0.498437705452	-0.0	-0.0	0.0141610572533	0.37976020027	0.000342725725587	25.3222814442	19.0808623036
3.69597878922	5.32643312102	0.510204507769	-0.0	-0.0	0.0137938848667	0.37998788935	0.000337551065906	24.594853864	17.8871433388
3.68448961555	5.31642743222	0.522846646547	-0.0	-0.0	0.0134071160933	0.380227648348	0.000331446529923	23.8406288775	16.6823189806
3.66504639859	5.29744408946	0.536846959053	-0.0	-0.0	0.0129895113467	0.380486414189	0.000325489542031	23.0396475656	15.4374993424
3.65620857269	5.28603387664	0.551062886555	-0.0	-0.0	0.0125746587867	0.380743367683	0.000318628056896	22.257751264	14.2603226677
3.6389748122	5.27386290839	0.567297561228	-0.0	-0.0	0.0121117381733	0.381029961427	0.000311571080977	21.4000933685	13.0139985233
3.61953159523	5.26156812339	0.585559222646	-0.0	-0.0	0.0115982158533	0.381347735311	0.000303722704861	20.4658148004	11.720044404
3.60848431286	5.25539452496	0.604619559936	-0.0	-0.0	0.0110636225333	0.381678380308	0.00029473701579	19.5121869438	10.4761005602
3.58594785683	5.23894091056	0.628636528301	-0.0	-0.0	0.0104102220533	0.382082259989	0.000284481837596	18.3760990117	9.06963192424
3.56473707468	5.22038834951	0.657671124984	-0.0	-0.0	0.00965482125333	0.382548859287	0.000272221870361	17.1057242756	7.58736642199
3.53645603182	5.19584280611	0.687059113564	-0.0	-0.0	0.00892951114667	0.382996540467	0.000261074421348	15.9324372205	6.30033201788
