# C		CN		K0		e_x		e_y		e_z		n		overlap		p		q
3.39195757844	5.19566689235	0.736463679078	-0.0	-0.0	1.87240000048e-07	0.389222255888	0.000136837378476	5.58553848805	1.78572847114
3.41979673	5.20457604307	0.648789889556	-0.0	-0.0	0.000531443826667	0.388897689982	0.000145233116749	6.13415364338	2.81301672067
3.46442775077	5.20538384845	0.570400765346	-0.0	-0.0	0.00134984762667	0.38839735682	0.000157509753144	7.01156205376	4.22107558619
3.48387096774	5.22200132538	0.529208247342	-0.0	-0.0	0.00212068413333	0.387925729424	0.000169670368302	7.86644418543	5.39753308643
3.50243040212	5.22493403694	0.502801822429	-0.0	-0.0	0.00286652962667	0.387469046302	0.00018124470191	8.72167479091	6.48642739935
3.51612903226	5.23682476943	0.483935148687	-0.0	-0.0	0.00361248325333	0.387011956153	0.000192885613131	9.60352106799	7.55543647158
3.53689792311	5.24049803408	0.470342637853	-0.0	-0.0	0.00433858268	0.386566704256	0.000203668933912	10.4879433591	8.58719826981
3.54838709677	5.23621533442	0.459746787798	-0.0	-0.0	0.00503626472	0.386138573531	0.000214466044251	11.3639493143	9.59535921099
3.57755192223	5.2453808752	0.451193973182	-0.0	-0.0	0.00572674384	0.385714568667	0.000224035393666	12.256555678	10.6074131257
3.58904109589	5.25906735751	0.444056290763	-0.0	-0.0	0.00641326198667	0.38529270578	0.000234602665122	13.1698019457	11.6333135247
3.6133451171	5.26505636071	0.437912944349	-0.0	-0.0	0.00707321445333	0.384886894573	0.00024385852966	14.0728299686	12.650676605
3.62836942112	5.27071290944	0.43280117751	-0.0	-0.0	0.00772982676	0.384482872514	0.000253601713704	14.9926093884	13.6746027924
3.6385329209	5.27637063161	0.428514464988	-0.0	-0.0	0.00836371930667	0.384092575417	0.000263279548271	15.901771518	14.680922182
3.64162615996	5.27843639859	0.424825925814	-0.0	-0.0	0.00898968749333	0.38370691627	0.000273327479703	16.8189989513	15.6902805391
3.65709235528	5.29014715291	0.421667913046	-0.0	-0.0	0.00960245564	0.383329155772	0.00028220082669	17.7344086668	16.6920928297
3.66902342024	5.29177295918	0.418800759138	-0.0	-0.0	0.01020852716	0.382955295854	0.000291179182338	18.6575262021	17.7030873514
3.67962881131	5.29252782194	0.416317540693	-0.0	-0.0	0.0108068733867	0.382585981008	0.000300085734967	19.5853716819	18.7134438698
3.69863013699	5.3031071655	0.414047027115	-0.0	-0.0	0.0114085767867	0.382214368912	0.000308334309765	20.535132866	19.7461757346
3.71365444101	5.3062835491	0.411559854115	-0.0	-0.0	0.0121410528933	0.381761693839	0.000319042367003	21.7153475262	21.0268950666
3.71939902784	5.31731984829	0.409722572761	-0.0	-0.0	0.0127213886267	0.381402805469	0.000328039561963	22.6686590699	22.0629862698
3.73221387539	5.32219419924	0.407975293042	-0.0	-0.0	0.0132863232	0.38105323777	0.000336147080733	23.6127988518	23.0942853201
3.73398144057	5.3300725781	0.406466602656	-0.0	-0.0	0.0138520024667	0.380703008126	0.000345214047967	24.5712433512	24.1330240416
3.74591250552	5.33606299213	0.404959721238	-0.0	-0.0	0.01442276032	0.380349444348	0.000353418970035	25.5535390527	25.2034173087
3.75298276624	5.34329767149	0.403464153971	-0.0	-0.0	0.0150851648267	0.379938843313	0.000363518416208	26.7095723759	26.4535409916
3.76005302696	5.35042466184	0.402442304583	-0.0	-0.0	0.0156255701333	0.379603668417	0.000371638407195	27.6658861857	27.4787038022
3.77817057004	5.35873314519	0.401354242531	-0.0	-0.0	0.0161585611733	0.379272914594	0.000378555318092	28.6241237156	28.5166077027
3.78833406982	5.36580018791	0.400390494574	-0.0	-0.0	0.01669558644	0.378939483559	0.000386279081705	29.6010658109	29.5689712484
3.78921785241	5.36662492173	0.400028503033	-0.0	-0.0	0.0169151308667	0.378803121278	0.000389765411982	30.0039149981	30.0015395106
3.78700839593	5.3671679198	0.400310648635	-0.0	-0.0	0.0169067821467	0.378808299774	0.000389823184452	29.9847250466	29.958859769
3.78656650464	5.36759636478	0.400540169928	-0.0	-0.0	0.0168967420667	0.378814536557	0.000389684383809	29.9636979951	29.9187652727
3.78347326558	5.36614420063	0.400907411813	-0.0	-0.0	0.01688252576	0.378823367458	0.000389735163719	29.9332626902	29.8578892505
3.78303137428	5.36657259329	0.401172519645	-0.0	-0.0	0.0168722147467	0.378829765966	0.000389586720249	29.9112375607	29.8139434442
3.78347326558	5.36508931369	0.401618183825	-0.0	-0.0	0.0168547711067	0.378840607761	0.000389213521387	29.8740035437	29.7399622438
3.78214759169	5.36594543744	0.402059118188	-0.0	-0.0	0.01683766904	0.378851230779	0.000389027969206	29.8374879554	29.6672138767
3.78391515687	5.36825595985	0.402685942253	-0.0	-0.0	0.0168131410133	0.378866466146	0.000388385308494	29.7851599689	29.563595591
3.77905435263	5.36554753687	0.404898132948	-0.0	-0.0	0.01672814476	0.378919257925	0.000387284506433	29.6040217474	29.203411919
3.77507733098	5.36032642812	0.414520825684	-0.0	-0.0	0.01636665716	0.379143727172	0.000380877590986	28.8389624485	27.6941947875
3.76403004861	5.35460546998	0.424220858272	-0.0	-0.0	0.01601647492	0.379361105114	0.000375372879327	28.1064645896	26.2650143311
3.75430844012	5.34834645669	0.433278963559	-0.0	-0.0	0.0157008088667	0.379556979187	0.000370361161618	27.4533505807	25.0060141218
3.748121962	5.34078740157	0.442573834709	-0.0	-0.0	0.0153861453067	0.379752188532	0.000365010894069	26.8090023564	23.7817540046
3.73751657092	5.33501577287	0.452439036413	-0.0	-0.0	0.0150615938533	0.379953458586	0.000359889010627	26.1519908141	22.5523242051
3.72646928856	5.32291666667	0.462866241554	-0.0	-0.0	0.0147288175867	0.380159761031	0.000354639825509	25.4859714364	21.325977121
3.71939902784	5.31585596968	0.474080683125	-0.0	-0.0	0.01438135024	0.380375097861	0.000348715043632	24.7994595971	20.0843447716
3.70702607159	5.31095630146	0.486414894128	-0.0	-0.0	0.0140122525067	0.380603757806	0.000342868568137	24.0806746262	18.8067048171
3.69244365886	5.30307838781	0.499841416248	-0.0	-0.0	0.0136243910667	0.380843946894	0.000336869337122	23.3372170088	17.5112411101
3.67962881131	5.29379968203	0.514563608077	-0.0	-0.0	0.0132094509467	0.381100810532	0.000330199382953	22.5551853527	16.1879073568
3.66195315952	5.28002548582	0.530428205285	-0.0	-0.0	0.01277572772	0.38136918139	0.000323600227426	21.7519050726	14.8686939823
3.65178965974	5.26817602041	0.547751097994	-0.0	-0.0	0.01231776044	0.381652431089	0.000315860719316	20.9200406875	13.5448182049
3.63323022536	5.25407478428	0.56692614681	-0.0	-0.0	0.01182521716	0.381956918451	0.000308200792869	20.0452823574	12.2048105599
3.61555457357	5.23966677347	0.58804150629	-0.0	-0.0	0.0113024593733	0.382279921436	0.000299919601807	19.1396628945	10.8701000613
3.59566946531	5.22847043702	0.605951494682	-0.0	-0.0	0.0108728496533	0.38254524299	0.000293553126106	18.4122971807	9.84040197749
3.59611135661	5.22950819672	0.60524185251	-0.0	-0.0	0.0108816798667	0.382539790708	0.000293685089752	18.4273004019	9.87249119284
3.5965532479	5.22950819672	0.604960448249	-0.0	-0.0	0.0108864721867	0.382536834068	0.000293735315375	18.4350685996	9.88621074303
3.59522757402	5.22918675667	0.604264284973	-0.0	-0.0	0.0108968437467	0.382530427545	0.000294034415669	18.4521759393	9.91907255155
3.59522757402	5.22918675667	0.603320822988	-0.0	-0.0	0.0109103873067	0.382522064752	0.000294286753094	18.4747935028	9.96342006261
3.59566946531	5.22886531662	0.602129369928	-0.0	-0.0	0.0109278105333	0.3825113062	0.000294574800284	18.5038193247	10.0198667067
3.5969951392	5.23047251688	0.599572973224	-0.0	-0.0	0.0109653968133	0.382488102373	0.000295162831043	18.5664882207	10.1419239881
3.60892620415	5.24277456647	0.576871750667	-0.0	-0.0	0.01131748792	0.382270637931	0.000300713651174	19.1598064064	11.2925081431
3.62615996465	5.26379974326	0.554531533241	-0.0	-0.0	0.0117002902933	0.382034130429	0.000306371417955	19.8165669695	12.5567449991
3.63720724702	5.27701186278	0.535096112304	-0.0	-0.0	0.01206754608	0.381807136952	0.000312247322502	20.457770968	13.7826291832
3.64781263809	5.28836911246	0.517691740326	-0.0	-0.0	0.0124285490533	0.381583926137	0.000318030334455	21.0982976308	14.9984756815
3.65753424658	5.2990714057	0.50178209804	-0.0	-0.0	0.01279275704	0.381358648329	0.000323927417156	21.7539635359	16.2284005075
3.66548828988	5.3072	0.487055786852	-0.0	-0.0	0.0131643214933	0.381128740483	0.000330091720009	22.4324054485	17.4862039943
3.67874502872	5.31841432225	0.473666304087	-0.0	-0.0	0.0135363507067	0.380898459463	0.000335759176449	23.1209197124	18.7476742402
3.68493150685	5.32141717204	0.462138373312	-0.0	-0.0	0.01388941736	0.380679836762	0.000341696377811	23.7821257746	19.9422866971
3.69509500663	5.33312061264	0.451667590445	-0.0	-0.0	0.0142436939733	0.380460387241	0.000347256352429	24.4524062426	21.133503393
3.70923552806	5.34065584209	0.442348464377	-0.0	-0.0	0.0145923324	0.380244354269	0.000352299364076	25.1183460283	22.2963448732
3.71100309324	5.34245703374	0.433701114737	-0.0	-0.0	0.0149523432267	0.380021195359	0.000358682393671	25.8113606576	23.4822651545
3.72072470172	5.34636161424	0.426122314435	-0.0	-0.0	0.01531051036	0.379799104942	0.000364210370857	26.5041203751	24.6351745688
3.73442333186	5.35499207607	0.419828605465	-0.0	-0.0	0.0156541339733	0.379585947262	0.00036903044614	27.1709386274	25.7066391402
3.74370304905	5.36162127929	0.414350083322	-0.0	-0.0	0.0160203404533	0.37935870601	0.00037462059	27.8808806907	26.7869535169
3.75475033142	5.36895352513	0.410218602702	-0.0	-0.0	0.0163805580933	0.379135103459	0.000379793040358	28.5736051604	27.7716485809
3.75740167919	5.37124802528	0.407396639532	-0.0	-0.0	0.0167494498533	0.378906025601	0.00038583428888	29.2747925069	28.6782091659
3.76756517897	5.37728706625	0.405282851566	-0.0	-0.0	0.0171536889067	0.378654904408	0.000391584811739	30.0376121741	29.5993948639
3.77551922227	5.38240857503	0.405700447978	-0.0	-0.0	0.0172135081733	0.378617738071	0.000391502502156	30.1245889407	29.6505810816
3.7733097658	5.38126773888	0.405953181939	-0.0	-0.0	0.0172105263333	0.378619582198	0.000391648904886	30.1151572321	29.6204268926
3.76623950508	5.37910353535	0.406359708964	-0.0	-0.0	0.0172006025333	0.378625754172	0.000392150880713	30.090502941	29.5626583133
3.76579761379	5.37910353535	0.406671012712	-0.0	-0.0	0.01718904456	0.378632930497	0.000391979933624	30.0659088731	29.5128690784
3.76579761379	5.37910353535	0.406826028408	-0.0	-0.0	0.0171828699867	0.378636772623	0.000391865491775	30.0529108568	29.4873613004
3.7649138312	5.37752525253	0.407206732665	-0.0	-0.0	0.01716859528	0.378645642337	0.000391690673126	30.0226036129	29.4263644363
3.76358815731	5.37732870224	0.40769368596	-0.0	-0.0	0.0171501267867	0.37865711771	0.000391483270318	29.983464608	29.348108859
3.76137870084	5.37618445989	0.410010442104	-0.0	-0.0	0.01706294408	0.378711285703	0.000390082495554	29.7990064409	28.9795069744
3.74723817941	5.37092176117	0.418694237985	-0.0	-0.0	0.01674356016	0.378909683644	0.000385571432466	29.1280300754	27.6462358511
3.74016791869	5.3665187064	0.428318753443	-0.0	-0.0	0.0164037507733	0.379120700108	0.000379946723656	28.4222940199	26.2547089806
3.73044631021	5.3610670054	0.437556281044	-0.0	-0.0	0.0160906825333	0.379315047274	0.00037507819472	27.779509778	24.9975565833
3.72205037561	5.35580286169	0.447026285629	-0.0	-0.0	0.0157808553067	0.379507322584	0.000370124638134	27.1503579839	23.7798589047
3.71586389748	5.35211716014	0.456724392029	-0.0	-0.0	0.0154743623067	0.379697470106	0.000365005402989	26.5349414746	22.6017857111
3.70481661511	5.34704944179	0.467198868942	-0.0	-0.0	0.0151550994533	0.379895478051	0.000360107425451	25.9015861778	21.402621821
3.68802474591	5.33397251518	0.478139160054	-0.0	-0.0	0.0148316887067	0.380095994092	0.000355674495415	25.268072648	20.2216895424
3.67388422448	5.32234314981	0.48982368231	-0.0	-0.0	0.0144959934	0.380304053573	0.000350764172868	24.6192257807	19.0339140864
3.67034909412	5.31594110115	0.501852703471	-0.0	-0.0	0.0141610572533	0.380511581847	0.000344852414813	23.9804471042	17.8855557106
3.65797613787	5.30544871795	0.515484472928	-0.0	-0.0	0.0137938848667	0.380738995136	0.000339168365686	23.2903471587	16.6686962679
3.6469288555	5.29387231312	0.530197686594	-0.0	-0.0	0.0134071160933	0.380978463641	0.000332972045782	22.5742581752	15.4418499267
3.64118426867	5.28465982028	0.546524542957	-0.0	-0.0	0.0129895113467	0.381236916004	0.000325725002555	21.814687264	14.1789679141
3.63102076889	5.27447833066	0.563206905475	-0.0	-0.0	0.0125746587867	0.381493558215	0.000318918192947	21.0731543112	12.9861011562
3.6217410517	5.26332691073	0.582070662621	-0.0	-0.0	0.0121117381733	0.381779811335	0.000311112436249	20.25998003	11.7375514212
3.60671674768	5.24525875924	0.603148071674	-0.0	-0.0	0.0115982158533	0.382097199701	0.000302840807704	19.3758401359	10.455540446
3.58771542201	5.22225796076	0.625316321542	-0.0	-0.0	0.0110636225333	0.382427438131	0.00029454500166	18.4779463614	9.22858503936
3.55545735749	5.20038784745	0.653237471853	-0.0	-0.0	0.0104102220533	0.382830828537	0.000285164150667	17.4115244255	7.85310620236
3.53689792311	5.18199481865	0.686964647845	-0.0	-0.0	0.00965482125333	0.383296862579	0.000272757791265	16.2171321522	6.41535830501
3.50022094565	5.14921976593	0.721116782873	-0.0	-0.0	0.00892951114667	0.383744001421	0.000262265478049	15.1117173934	5.17690579078
