# C		CN		K0		e_x		e_y		e_z		n		overlap		p		q
3.45735749006	5.2405360134	0.735834053105	-0.0	-0.0	1.87240000048e-07	0.388476781925	0.000130220360779	5.58602494108	1.7910627615
3.47856827221	5.24749833222	0.651222810999	-0.0	-0.0	0.000531443826667	0.388151819876	0.000138935739298	6.162184706	2.80036510655
3.49977905435	5.24072847682	0.575802145367	-0.0	-0.0	0.00134984762667	0.387650876041	0.000152351370315	7.08764292237	4.19207602674
3.51701281485	5.25470763132	0.535028990202	-0.0	-0.0	0.00212068413333	0.387178673009	0.000164711835201	7.99316932022	5.38621436523
3.55589924878	5.2594895288	0.508957504808	-0.0	-0.0	0.00286652962667	0.38672143249	0.00017539701494	8.90117693325	6.49807763552
3.55987627044	5.25554830287	0.490687888864	-0.0	-0.0	0.00361248325333	0.386263784447	0.000187646987386	9.84077825225	7.58870821459
3.58108705259	5.26911812561	0.477595957186	-0.0	-0.0	0.00433858268	0.385817989107	0.000198565301686	10.7835358996	8.64369790256
3.59787892179	5.27275672174	0.467538526688	-0.0	-0.0	0.00503626472	0.385389335834	0.000209218730886	11.7195598463	9.67436530466
3.60450729121	5.27970216899	0.459490648436	-0.0	-0.0	0.00572674384	0.384964813458	0.000220292716941	12.6727800307	10.7084255507
3.63278833407	5.28783000644	0.452492054685	-0.0	-0.0	0.00641326198667	0.384542435674	0.00022993302345	13.6498864776	11.769265574
3.64074237738	5.2911311054	0.446963518132	-0.0	-0.0	0.00707321445333	0.384136128879	0.000240334631655	14.6133314379	12.8015048923
3.65885992046	5.29577464789	0.442272894382	-0.0	-0.0	0.00772982676	0.383731612291	0.000249940190895	15.5949651715	13.8458850496
3.66769774635	5.30095846645	0.438393167845	-0.0	-0.0	0.00836371930667	0.383340840513	0.000259770861904	16.5641583075	14.8699044171
3.6889085285	5.31031190325	0.434770946816	-0.0	-0.0	0.00898968749333	0.382954710657	0.000268570284296	17.5437830095	15.9123300101
3.70835174547	5.31727416799	0.431580448748	-0.0	-0.0	0.00960245564	0.38257648909	0.000277247502743	18.5240762281	16.9541671539
3.71984091913	5.32236633977	0.428786935942	-0.0	-0.0	0.01020852716	0.382202172864	0.000286339325764	19.5120598415	18.0001619158
3.72912063632	5.32680770445	0.426337978897	-0.0	-0.0	0.0108068733867	0.381832405252	0.000295434737312	20.505283872	19.0477496183
3.73751657092	5.33775252525	0.424150785713	-0.0	-0.0	0.0114085767867	0.381460339783	0.000304609657598	21.5209307451	20.1149172601
3.74060980999	5.3429112725	0.421799560619	-0.0	-0.0	0.0121410528933	0.381007108291	0.000316313768774	22.7798530845	21.4330559894
3.75209898365	5.34845620668	0.420161111234	-0.0	-0.0	0.0127213886267	0.380647780341	0.000324781509896	23.7945062486	22.4911375195
3.75916924437	5.35210824418	0.418738506516	-0.0	-0.0	0.0132863232	0.380297788007	0.000333356031146	24.7971773822	23.5327749797
3.76756517897	5.35806350204	0.41741947347	-0.0	-0.0	0.0138520024667	0.379947138983	0.000341811685628	25.8160928647	24.5906372313
3.7817057004	5.36637390213	0.41619428025	-0.0	-0.0	0.01442276032	0.379593135089	0.000349833889861	26.8593613147	25.6724732445
3.80026513478	5.3725	0.414879297141	-0.0	-0.0	0.0150851648267	0.379182038645	0.000358911185168	28.0894530313	26.9473588789
3.79717189571	5.37210756723	0.413910399718	-0.0	-0.0	0.0156255701333	0.378846464214	0.000368019789334	29.1082937209	28.0006687259
3.81087052585	5.38456732271	0.413008739483	-0.0	-0.0	0.0161585611733	0.378515297138	0.000375369982517	30.1266806019	29.0535524857
3.82280159081	5.39051777916	0.412158017445	-0.0	-0.0	0.01669558644	0.378181454517	0.000382962989716	31.1665012892	30.1279672328
3.82633672117	5.39139918978	0.411826730368	-0.0	-0.0	0.0169151308667	0.378044922734	0.000386181496579	31.5948934025	30.5703997327
3.82059213433	5.39082969432	0.412112666936	-0.0	-0.0	0.0169067821467	0.378050115241	0.000386592755294	31.5745609052	30.5263018639
3.81926646045	5.39126365055	0.412308671786	-0.0	-0.0	0.0168967420667	0.378056359637	0.000386542539843	31.5522709089	30.4880298282
3.81882456916	5.38883691924	0.412651169751	-0.0	-0.0	0.01688252576	0.378065201315	0.000386321031997	31.5201743692	30.4278427924
3.81838267786	5.38927011853	0.412898466092	-0.0	-0.0	0.0168722147467	0.37807161406	0.000386172922117	31.4968757558	30.3843166952
3.81882456916	5.39095163807	0.413309747005	-0.0	-0.0	0.0168547711067	0.378082462661	0.000385801420179	31.4575378268	30.3114538415
3.81926646045	5.39157566303	0.413718159172	-0.0	-0.0	0.01683766904	0.378093098645	0.000385437129617	31.4190028704	30.2397254366
3.82103402563	5.39188767551	0.414297654373	-0.0	-0.0	0.0168131410133	0.378108352607	0.00038479954754	31.3636809935	30.1375292349
3.8152894388	5.38963471745	0.416353911268	-0.0	-0.0	0.01672814476	0.37816120882	0.000383785265877	31.1724098446	29.7815967037
3.80866106938	5.38331771321	0.425239569697	-0.0	-0.0	0.01636665716	0.378385955209	0.000377669733733	30.3647095973	28.2939156394
3.79893946089	5.37429643527	0.434105164656	-0.0	-0.0	0.01601647492	0.378603586442	0.000372035509878	29.5911293062	26.8901209627
3.78303137428	5.3670846395	0.442308578047	-0.0	-0.0	0.0157008088667	0.378799718093	0.000367656693271	28.9019498893	25.6577886053
3.77684489616	5.35873314519	0.45072246532	-0.0	-0.0	0.0153861453067	0.378995150913	0.000362344206875	28.2226878029	24.4583813004
3.76844896156	5.35216572505	0.459645879713	-0.0	-0.0	0.0150615938533	0.379196671756	0.000357049490935	27.5308756548	23.2529869762
3.75872735307	5.35158954989	0.469024422977	-0.0	-0.0	0.0147288175867	0.379403226	0.000351704423831	26.8302453447	22.0523931066
3.74635439682	5.34120982987	0.479054849744	-0.0	-0.0	0.01438135024	0.379618823313	0.000346344449613	26.108516508	20.8381150333
3.73442333186	5.33228147681	0.489988712674	-0.0	-0.0	0.0140122525067	0.379847764688	0.000340507178435	25.3517877437	19.5906747284
3.7224922669	5.32227488152	0.501632594603	-0.0	-0.0	0.0136243910667	0.380088251186	0.000334295436752	24.5679840191	18.3358886043
3.70879363677	5.31044303797	0.514472064757	-0.0	-0.0	0.0132094509467	0.380345424082	0.000327762362243	23.7449480743	17.0465545747
3.69288555015	5.30244366868	0.528332272512	-0.0	-0.0	0.01277572772	0.380614124389	0.000321064515429	22.9003750237	15.7556581683
3.66946531153	5.28830837846	0.543448007472	-0.0	-0.0	0.01231776044	0.38089771032	0.000314557198742	22.0246091841	14.4550267033
3.66018559434	5.27797258527	0.560328074184	-0.0	-0.0	0.01182521716	0.381202577495	0.000306154886378	21.1007121487	13.1243211026
3.63985859479	5.26302333014	0.578721295394	-0.0	-0.0	0.0113024593733	0.381525974129	0.000298143850295	20.1446768262	11.8008099881
3.62041537782	5.25136261622	0.594078202109	-0.0	-0.0	0.0108728496533	0.381791619516	0.000291722465323	19.3735898302	10.7819016963
3.62041537782	5.25232446297	0.593395350427	-0.0	-0.0	0.0108816798667	0.381786165736	0.000291889801393	19.3895471677	10.8156853261
3.62262483429	5.25424815646	0.593167791099	-0.0	-0.0	0.0108864721867	0.381783197895	0.000291798151572	19.3978222984	10.8286106092
3.622182943	5.25392754088	0.59258584745	-0.0	-0.0	0.0108968437467	0.381776785989	0.000292021588446	19.4158126077	10.8599386374
3.62041537782	5.25296569413	0.591759080969	-0.0	-0.0	0.0109103873067	0.381768412989	0.00029241354847	19.4397609932	10.9036499425
3.62439239947	5.25649246553	0.590698977811	-0.0	-0.0	0.0109278105333	0.381757645609	0.00029241439939	19.4705761427	10.9599351608
3.62262483429	5.25553061879	0.588445676323	-0.0	-0.0	0.0109653968133	0.381734403439	0.000293249572569	19.5370714688	11.0808004615
3.64250994255	5.27642536835	0.568406568045	-0.0	-0.0	0.01131748792	0.381516679294	0.000298108912234	20.1655415196	12.2191058142
3.65620857269	5.28361545832	0.548616921444	-0.0	-0.0	0.0117002902933	0.381279877089	0.000304016107139	20.8605088162	13.4692858237
3.66593018118	5.29460580913	0.53143579516	-0.0	-0.0	0.01206754608	0.381052606813	0.000309956399029	21.5385062549	14.676880186
3.67962881131	5.30739795918	0.516125532011	-0.0	-0.0	0.0124285490533	0.380829124628	0.000315411132071	22.2146759461	15.8677951193
3.69023420239	5.3152866242	0.502107040319	-0.0	-0.0	0.01279275704	0.380603576687	0.000321171724707	22.9066028253	17.0715838999
3.70128148475	5.32866687878	0.489125289177	-0.0	-0.0	0.0131643214933	0.380373388123	0.000327011541434	23.6220728635	18.3008964211
3.71011931065	5.33704292528	0.477312496775	-0.0	-0.0	0.0135363507067	0.380142830379	0.000333050155994	24.3486399894	19.5332555631
3.71586389748	5.34467408585	0.467138094187	-0.0	-0.0	0.01388941736	0.3799239365	0.000339009059722	25.0470363809	20.7001641562
3.72823685373	5.35566846618	0.45793273044	-0.0	-0.0	0.0142436939733	0.379704222224	0.000344357595191	25.755267763	21.8612756869
3.73486522316	5.35870599429	0.449739717452	-0.0	-0.0	0.0145923324	0.379487922487	0.000350104680588	26.4588862711	22.9946278458
3.74370304905	5.36585365854	0.442119244896	-0.0	-0.0	0.0149523432267	0.379264492344	0.000355821049835	27.191588003	24.1524579766
3.75254087494	5.37246835443	0.435381385932	-0.0	-0.0	0.01531051036	0.379042124326	0.000361467257215	27.9262211959	25.2854042398
3.76270437472	5.38033512488	0.429690146246	-0.0	-0.0	0.0156541339733	0.378828713416	0.000366667068747	28.6339944278	26.3478900585
3.76535572249	5.37847222222	0.424624182013	-0.0	-0.0	0.0160203404533	0.378601193265	0.000372946065075	29.3890561186	27.4323652783
3.77198409191	5.38988941548	0.420800963709	-0.0	-0.0	0.0163805580933	0.378377315083	0.000378644239246	30.1291618606	28.4276117235
3.77684489616	5.39299242424	0.418120390529	-0.0	-0.0	0.0167494498533	0.378147966794	0.00038454371652	30.8810685249	29.3573657856
3.79231109147	5.39635105379	0.416128199219	-0.0	-0.0	0.0171536889067	0.377896532651	0.000389847384906	31.6998773882	30.3047070994
3.79098541759	5.39647577093	0.41593886219	-0.0	-0.0	0.0172135081733	0.377859317765	0.000390991542346	31.8202772335	30.4359626395
3.79142730888	5.39679043424	0.416053776069	-0.0	-0.0	0.0172105263333	0.377861172886	0.000390887838095	31.8133330498	30.4195171568
3.78833406982	5.39672544081	0.416248456472	-0.0	-0.0	0.0172006025333	0.377867346837	0.000391023764834	31.7912734502	30.3818328143
3.78877596111	5.39779527559	0.416528767092	-0.0	-0.0	0.01718904456	0.377874537388	0.000390762588809	31.7652985399	30.3331524906
3.78745028723	5.39716535433	0.41671683912	-0.0	-0.0	0.0171828699867	0.377878371502	0.000390782317651	31.7512581258	30.3037536967
3.78568272205	5.39590551181	0.417020056441	-0.0	-0.0	0.01716859528	0.37788725508	0.000390700198198	31.7194393037	30.2476431215
3.78568272205	5.39559055118	0.41747680732	-0.0	-0.0	0.0171501267867	0.377898742692	0.000390354629093	31.6779359054	30.1693713899
3.77905435263	5.39016703435	0.4196039242	-0.0	-0.0	0.01706294408	0.377952982761	0.000389408702914	31.482637671	29.804786951
3.76977463544	5.3885028427	0.427591767142	-0.0	-0.0	0.01674356016	0.378151615664	0.000384395623052	30.7721572322	28.483817073
3.76579761379	5.38357030016	0.43640605205	-0.0	-0.0	0.0164037507733	0.37836289687	0.000378462002525	30.0249448513	27.1066336586
3.76226248343	5.37788309637	0.444812498431	-0.0	-0.0	0.0160906825333	0.378557481243	0.000372985121371	29.3447491363	25.865192275
3.75872735307	5.37579013906	0.453368041474	-0.0	-0.0	0.0157808553067	0.378749991231	0.000367563035193	28.6791658713	24.6656295268
3.75342465753	5.36958583623	0.462060334659	-0.0	-0.0	0.0154743623067	0.378940370834	0.000362375633611	28.0284708726	23.5083378319
3.74326115776	5.36585365854	0.471355336654	-0.0	-0.0	0.0151550994533	0.379138613984	0.000357409611907	27.3589752911	22.334529502
3.73309765798	5.35605580216	0.481040197165	-0.0	-0.0	0.0148316887067	0.379339377709	0.000352367647626	26.6893308499	21.177557121
3.7229341582	5.35026992696	0.491408669864	-0.0	-0.0	0.0144959934	0.379547696371	0.00034710436292	26.003308678	20.0094941932
3.71718957137	5.34647171011	0.501949722281	-0.0	-0.0	0.0141610572533	0.379755476225	0.000341440259833	25.327918085	18.8850443626
3.70083959346	5.3317414836	0.513704071475	-0.0	-0.0	0.0137938848667	0.379983171083	0.000336143693306	24.5979154129	17.7002339027
3.68493150685	5.31929824561	0.526396494316	-0.0	-0.0	0.0134071160933	0.380222923564	0.000330443451124	23.8412836789	16.5013943337
3.67079098542	5.30363984674	0.54041524522	-0.0	-0.0	0.0129895113467	0.380481690419	0.000324012046459	23.0381641816	15.265043094
3.65709235528	5.29165334186	0.554775521346	-0.0	-0.0	0.0125746587867	0.380738649179	0.000317583788471	22.2539858658	14.0902292306
3.6473707468	5.2802303263	0.571077873983	-0.0	-0.0	0.0121117381733	0.381025253628	0.000309903599082	21.3945590375	12.8514461513
3.62925320371	5.26217948718	0.589380638246	-0.0	-0.0	0.0115982158533	0.381343029376	0.000301979617173	20.4600425892	11.5679809258
3.60671674768	5.2462230794	0.608590399085	-0.0	-0.0	0.0110636225333	0.381673670873	0.000293954525195	19.5051644675	10.3300217731
3.58904109589	5.23300032227	0.632619922569	-0.0	-0.0	0.0104102220533	0.38207755363	0.000283268629387	18.3678849565	8.93679538442
3.56473707468	5.21363930187	0.661675416955	-0.0	-0.0	0.00965482125333	0.382544156482	0.000271211599173	17.0952038238	7.46817177331
3.53115333628	5.18733766234	0.690803009161	-0.0	-0.0	0.00892951114667	0.382991839162	0.000260475066441	15.9213191199	6.20105583062
