# C		CN		K0		e_x		e_y		e_z		n		overlap		p		q
3.37516570924	5.1791652528	0.736203352642	-0.0	-0.0	1.87240000048e-07	0.38874154536	0.00013608543608	5.5843658712	1.78749352762
3.41007512152	5.19299427417	0.645542290352	-0.0	-0.0	0.000531443826667	0.388416724006	0.000144245398585	6.13917736568	2.84940865976
3.44851966416	5.21223262032	0.564242290099	-0.0	-0.0	0.00134984762667	0.387915997058	0.000156893307275	7.02851129728	4.31677262134
3.47370746796	5.21720358685	0.521680925572	-0.0	-0.0	0.00212068413333	0.387443999607	0.00016883230765	7.89384628689	5.54347813752
3.48563853292	5.2295952223	0.494650769981	-0.0	-0.0	0.00286652962667	0.386986955916	0.000180754684084	8.75881016683	6.67509357145
3.50729120636	5.23704192803	0.475342410036	-0.0	-0.0	0.00361248325333	0.386529506016	0.00019201132408	9.65184755995	7.78790355173
3.52364118427	5.24662495884	0.461021663518	-0.0	-0.0	0.00433858268	0.386083905457	0.000203099011015	10.5495515178	8.87489836633
3.54175872735	5.24901703801	0.450127460215	-0.0	-0.0	0.00503626472	0.385655436002	0.000213525594293	11.4386019015	9.92988837159
3.55545735749	5.24975514202	0.441369719503	-0.0	-0.0	0.00572674384	0.385231097426	0.000224022951116	12.3436989636	10.9875491078
3.57490057446	5.25935567849	0.434399268839	-0.0	-0.0	0.00641326198667	0.384808902513	0.000234037890406	13.2666712427	12.0456627137
3.59036676977	5.26141885326	0.428528830398	-0.0	-0.0	0.00707321445333	0.384402771632	0.000243877247145	14.1784077718	13.0893371437
3.59832081308	5.26828478964	0.423350212704	-0.0	-0.0	0.00772982676	0.383998430182	0.000254166980748	15.1105062209	14.1551982308
3.60273972603	5.27125767863	0.419046630082	-0.0	-0.0	0.00836371930667	0.383607827592	0.000264297098762	16.0310313671	15.200450213
3.61688024746	5.27921239509	0.415316225448	-0.0	-0.0	0.00898968749333	0.383221864914	0.000273526321638	16.9590220948	16.2495727303
3.6217410517	5.28525330752	0.412151911542	-0.0	-0.0	0.00960245564	0.3828438071	0.000283203816042	17.8858491349	17.2901499597
3.64516129032	5.29457115323	0.409221506766	-0.0	-0.0	0.01020852716	0.382469652937	0.000291317176103	18.8221273436	18.344882873
3.66548828988	5.296485623	0.406556029513	-0.0	-0.0	0.0108068733867	0.382100045419	0.000299514744435	19.7648213767	19.4074834184
3.67344233319	5.29878826531	0.404279367801	-0.0	-0.0	0.0114085767867	0.381728146758	0.000308735852401	20.7293303898	20.4840841966
3.69067609368	5.31148584155	0.401799923559	-0.0	-0.0	0.0121410528933	0.381275105776	0.000319296938349	21.9263454633	21.8169371989
3.70349094123	5.31640748969	0.399873890678	-0.0	-0.0	0.0127213886267	0.380915935443	0.000327737145124	22.8949773446	22.9029986632
3.71542200619	5.31813865147	0.398208948459	-0.0	-0.0	0.0132863232	0.380566093583	0.000335963965545	23.8533903819	23.9723010531
3.73309765798	5.32744479495	0.396705979629	-0.0	-0.0	0.0138520024667	0.380215592553	0.000343656702596	24.8277436413	25.0557534215
3.74016791869	5.33049779458	0.395327513368	-0.0	-0.0	0.01442276032	0.379861744764	0.000352363340397	25.8251603494	26.1620977123
3.75695978789	5.34234517447	0.393934951027	-0.0	-0.0	0.0150851648267	0.379450826307	0.000361612842424	27.0000913055	27.4580577265
3.76093680954	5.34663733501	0.39285150134	-0.0	-0.0	0.0156255701333	0.379115388998	0.000370088974249	27.974768113	28.5347089096
3.77419354839	5.35308874255	0.39185187876	-0.0	-0.0	0.0161585611733	0.378784376381	0.000377522956051	28.9485562909	29.609754501
3.78303137428	5.35450563204	0.390944195135	-0.0	-0.0	0.01669558644	0.37845067539	0.000385425987661	29.9419255818	30.7027707527
3.78612461335	5.35522201376	0.390626988198	-0.0	-0.0	0.0169151308667	0.378314202719	0.000388695517488	30.3510332932	31.1495735268
3.78214759169	5.35387984981	0.390901805907	-0.0	-0.0	0.0169067821467	0.378319392978	0.000388935337225	30.3317068314	31.1061012543
3.78258948299	5.35325406758	0.391126453393	-0.0	-0.0	0.0168967420667	0.37832563467	0.000388703952856	30.3102839706	31.0648337779
3.78082191781	5.35262828536	0.391481026574	-0.0	-0.0	0.01688252576	0.378334469307	0.000388618942668	30.2795980874	31.0029760499
3.77817057004	5.35117370892	0.391735506512	-0.0	-0.0	0.0168722147467	0.378340877303	0.000388697696282	30.257314939	30.9583674945
3.77861246133	5.35358596931	0.392173036649	-0.0	-0.0	0.0168547711067	0.378351726392	0.000388324499556	30.219568348	30.8823530439
3.77949624392	5.35452552459	0.392593144669	-0.0	-0.0	0.01683766904	0.378362357772	0.000387912728951	30.1826140853	30.8087623405
3.77596111357	5.3544343466	0.393207751121	-0.0	-0.0	0.0168131410133	0.378377605129	0.000387813921038	30.1296356681	30.7024250999
3.77684489616	5.35537449076	0.395341453629	-0.0	-0.0	0.01672814476	0.378430438458	0.000386124990557	29.9463193931	30.3358532323
3.76844896156	5.35153797866	0.404677962616	-0.0	-0.0	0.01636665716	0.37865508313	0.000380163393143	29.1718057469	28.7946974764
3.75828546178	5.34307257304	0.414045838939	-0.0	-0.0	0.01601647492	0.378872632603	0.000374542678936	28.4299177733	27.3377350045
3.74326115776	5.33848093287	0.422805619496	-0.0	-0.0	0.0157008088667	0.379068671283	0.000370075143969	27.7697446063	26.0540359684
3.74281926646	5.33932513403	0.431852116379	-0.0	-0.0	0.0153861453067	0.379264025009	0.000364196397753	27.1190750294	24.8016474066
3.73309765798	5.33470161036	0.441500637867	-0.0	-0.0	0.0150615938533	0.379465451573	0.000359018231092	26.4553381397	23.5400097702
3.72116659302	5.32574320051	0.45170518034	-0.0	-0.0	0.0147288175867	0.379671912241	0.000353866195673	25.7826570249	22.2807927957
3.70879363677	5.31812420786	0.462734702339	-0.0	-0.0	0.01438135024	0.379887424208	0.000348476118202	25.0895606645	21.0022816968
3.69067609368	5.30759453448	0.474837099317	-0.0	-0.0	0.0140122525067	0.380116264119	0.000343188001003	24.363277246	19.687426788
3.68448961555	5.30089058524	0.488029119724	-0.0	-0.0	0.0136243910667	0.380356646497	0.000336432247483	23.6112476799	18.3520976525
3.66769774635	5.28798980567	0.502584912419	-0.0	-0.0	0.0132094509467	0.38061370526	0.000330131680988	22.8202123484	16.9827778924
3.65841802916	5.28270580728	0.518235486255	-0.0	-0.0	0.01277572772	0.380882292019	0.000322785950405	22.0084256842	15.6194887742
3.64162615996	5.27706598334	0.535475521965	-0.0	-0.0	0.01231776044	0.381165762757	0.000315636936288	21.1674123754	14.2438632924
3.62571807335	5.2658105939	0.554748768112	-0.0	-0.0	0.01182521716	0.38147049035	0.000307766385335	20.2817999733	12.8426266463
3.6049491825	5.25080489375	0.575908412537	-0.0	-0.0	0.0113024593733	0.381793746968	0.000299709216276	19.3624798533	11.4481837708
3.5885992046	5.23540793292	0.593892002476	-0.0	-0.0	0.0108728496533	0.382059277342	0.000293035065995	18.6243723629	10.3714624684
3.58904109589	5.23500967118	0.593187428706	-0.0	-0.0	0.0108816798667	0.382053825882	0.00029316657529	18.639549402	10.404624341
3.58948298719	5.23428939736	0.592905318998	-0.0	-0.0	0.0108864721867	0.382050859366	0.000293217165149	18.6474747579	10.4189553149
3.58948298719	5.23702031603	0.592216898243	-0.0	-0.0	0.0108968437467	0.382044454845	0.000293408127551	18.66485314	10.4528849345
3.59080866107	5.23726627982	0.591288424333	-0.0	-0.0	0.0109103873067	0.382036080862	0.000293552473475	18.6878069739	10.4984936114
3.59346000884	5.23984526112	0.590113578723	-0.0	-0.0	0.0109278105333	0.382025319863	0.000293661008351	18.7172178595	10.5566065699
3.59611135661	5.24403610574	0.58760034327	-0.0	-0.0	0.0109653968133	0.382002086036	0.000294140587789	18.7808130354	10.6820500244
3.60760053027	5.25362085613	0.565237963777	-0.0	-0.0	0.01131748792	0.381784456156	0.000299736814425	19.3827528546	11.8662008657
3.62129916041	5.26881028939	0.543272281849	-0.0	-0.0	0.0117002902933	0.38154775978	0.000305701959743	20.0488507238	13.1655934917
3.6301369863	5.27804564449	0.524210818773	-0.0	-0.0	0.01206754608	0.381320584599	0.000311758548683	20.6987868043	14.4231909762
3.63985859479	5.28731942215	0.507113626435	-0.0	-0.0	0.0124285490533	0.381097199172	0.000317605752866	21.3479329311	15.6716754237
3.64869642068	5.29272202629	0.491410959568	-0.0	-0.0	0.01279275704	0.380871749489	0.000323563633169	22.0123225562	16.9383229505
3.65665046399	5.29820627803	0.476928311492	-0.0	-0.0	0.0131643214933	0.380641659982	0.00032970970407	22.6992728769	18.2306319491
3.66902342024	5.30966090851	0.46369328153	-0.0	-0.0	0.0135363507067	0.380411200108	0.000335450782003	23.3965622071	19.5306957223
3.67697746354	5.31585677749	0.452387268324	-0.0	-0.0	0.01388941736	0.380192402952	0.000341208933569	24.0657669413	20.7563469393
3.68846663721	5.32174744898	0.442117890513	-0.0	-0.0	0.0142436939733	0.379972780715	0.000346634813388	24.7446355935	21.9790797559
3.69509500663	5.33067602041	0.432947365602	-0.0	-0.0	0.0145923324	0.379756577714	0.000352400796773	25.4198386229	23.1755621837
3.70746796288	5.3393823623	0.424370522073	-0.0	-0.0	0.0149523432267	0.379533243168	0.000357788038011	26.1229573593	24.4011637339
3.71763146266	5.3414866582	0.416809072136	-0.0	-0.0	0.01531051036	0.379310972566	0.000363312124179	26.8268573335	25.5972267763
3.73044631021	5.34812935954	0.410475303341	-0.0	-0.0	0.0156541339733	0.379097652511	0.000368249233808	27.5040980774	26.7129899347
3.7397260274	5.35517568851	0.404902066274	-0.0	-0.0	0.0160203404533	0.378870236734	0.000373849687474	28.2246257107	27.8423772029
3.74900574459	5.36104963642	0.400833665601	-0.0	-0.0	0.0163805580933	0.378646459459	0.000379217589351	28.9270547587	28.8601292778
3.7565178966	5.36289050174	0.39806585292	-0.0	-0.0	0.0167494498533	0.37841719572	0.000384772827305	29.6372934144	29.7968665803
3.76137870084	5.36613055818	0.396047504654	-0.0	-0.0	0.0171536889067	0.378165876883	0.000391094530659	30.4108464927	30.7462046311
3.76093680954	5.36549984232	0.395806421049	-0.0	-0.0	0.0172135081733	0.378128684048	0.000392142795381	30.5252722141	30.8825205437
3.76005302696	5.36518448439	0.395963550973	-0.0	-0.0	0.0172105263333	0.378130529685	0.000392170042079	30.5178513124	30.8615699578
3.76005302696	5.36624605678	0.396173756766	-0.0	-0.0	0.0172006025333	0.378136697647	0.000391988230046	30.4968463934	30.8223646071
3.75828546178	5.36392305266	0.396458714125	-0.0	-0.0	0.01718904456	0.378143891142	0.00039195719601	30.4721343399	30.7730699469
3.75828546178	5.36392305266	0.396618675592	-0.0	-0.0	0.0171828699867	0.378147721439	0.000391841765412	30.4588337172	30.7459992667
3.75828546178	5.36360769473	0.39698208719	-0.0	-0.0	0.01716859528	0.378156607522	0.00039157435525	30.4281375025	30.68407758
3.75828546178	5.36466876972	0.397448831703	-0.0	-0.0	0.0171501267867	0.378168091926	0.000391229958217	30.3885362212	30.6044991471
3.75916924437	5.36573051436	0.399676075686	-0.0	-0.0	0.01706294408	0.378222302552	0.000389509547955	30.2017017291	30.2288866954
3.74944763588	5.35743605936	0.408058260089	-0.0	-0.0	0.01674356016	0.378420856641	0.000384532410399	29.5217523481	28.8667999922
3.73707467963	5.35528815706	0.417358860758	-0.0	-0.0	0.0164037507733	0.378632039186	0.000379438257199	28.8066412589	27.4438962746
3.72912063632	5.35204567079	0.426293224428	-0.0	-0.0	0.0160906825333	0.37882653435	0.000374393911963	28.1554019707	26.1573945273
3.72160848431	5.34836456018	0.435450833865	-0.0	-0.0	0.0157808553067	0.379018957239	0.000369362351834	27.5184321714	24.9112631685
3.71100309324	5.34234807509	0.444828647709	-0.0	-0.0	0.0154743623067	0.379209263128	0.000364691822752	26.8957308378	23.7054718275
3.70393283252	5.33619866285	0.454937321759	-0.0	-0.0	0.0151550994533	0.379407417681	0.000359429080637	26.2549753254	22.4788687832
3.6889085285	5.32440191388	0.465570407486	-0.0	-0.0	0.0148316887067	0.379608100771	0.000354852876123	25.6140612464	21.2655320758
3.67697746354	5.31363781539	0.476997540154	-0.0	-0.0	0.0144959934	0.379816328467	0.000349745670979	24.9576517839	20.040347194
3.6637207247	5.30326295585	0.488819045577	-0.0	-0.0	0.0141610572533	0.380024015523	0.000344762149779	24.3111010965	18.851839349
3.65134776845	5.29455128205	0.502142352529	-0.0	-0.0	0.0137938848667	0.380251611889	0.000339093699349	23.6124565246	17.5957667491
3.64383561644	5.28736369468	0.516641064483	-0.0	-0.0	0.0134071160933	0.380491264865	0.000332601196571	22.8874251103	16.3226361169
3.63190455148	5.279473177	0.532796149875	-0.0	-0.0	0.0129895113467	0.380749920641	0.000325921039838	22.1174162267	15.0078144905
3.62704374724	5.27450980392	0.549296261207	-0.0	-0.0	0.0125746587867	0.381006764842	0.000318651101963	21.3656916852	13.7657935329
3.60980998674	5.25579150579	0.568124066663	-0.0	-0.0	0.0121117381733	0.381293243257	0.000311558547761	20.5421649642	12.4587586923
3.59301811754	5.24113475177	0.589241943506	-0.0	-0.0	0.0115982158533	0.381610875179	0.000303466057243	19.6461326066	11.1129680075
3.5713654441	5.21963824289	0.611345810435	-0.0	-0.0	0.0110636225333	0.381941379765	0.000295361530461	18.733311433	9.82697721693
3.5466195316	5.19831497084	0.639319007114	-0.0	-0.0	0.0104102220533	0.382345084842	0.000285319013877	17.6475078172	8.38016473229
3.5209898365	5.17744556386	0.6729736542	-0.0	-0.0	0.00965482125333	0.382811485946	0.000273447094751	16.4343633474	6.87287788409
3.49977905435	5.15635179153	0.707286442418	-0.0	-0.0	0.00892951114667	0.383258979252	0.000261826803437	15.3137543188	5.56936202021
