# C		CN		K0		e_x		e_y		e_z		n		overlap		p		q
3.44631020769	5.23681558616	0.735532824522	-0.0	-0.0	1.87240000048e-07	0.387333283214	0.000144440422015	5.58652422387	1.79370258674
3.47503314185	5.24499332443	0.655418216851	-0.0	-0.0	0.000531443826667	0.387007713513	0.000152814220227	6.10793870291	2.73236700649
3.50331418471	5.25024859132	0.575689788495	-0.0	-0.0	0.00134984762667	0.386505832954	0.000166074264949	6.95013797676	4.11226528287
3.52054794521	5.25098944591	0.529032445314	-0.0	-0.0	0.00212068413333	0.38603274694	0.000178697953112	7.7780939871	5.33981691525
3.5298276624	5.25394736842	0.49825830567	-0.0	-0.0	0.00286652962667	0.385574651419	0.000191118965285	8.60910808672	6.4906274061
3.56164383562	5.26233257106	0.476138323045	-0.0	-0.0	0.00361248325333	0.385116147612	0.000202125221017	9.46778022107	7.62157438125
3.58064516129	5.27083333333	0.460128036558	-0.0	-0.0	0.00433858268	0.38466951867	0.000213338370104	10.329072998	8.71192701543
3.59346000884	5.26969205835	0.447866877082	-0.0	-0.0	0.00503626472	0.38424006385	0.000224376587907	11.1824121487	9.77064441858
3.60583296509	5.27554980595	0.438145731067	-0.0	-0.0	0.00572674384	0.383814747652	0.000235208594257	12.0489876446	10.8241847512
3.61467079099	5.28197674419	0.430294215441	-0.0	-0.0	0.00641326198667	0.383391580056	0.00024612790257	12.9317132928	11.8789385308
3.62615996465	5.29299774121	0.423830620834	-0.0	-0.0	0.00707321445333	0.3829845135	0.000256375812212	13.8016004783	12.9115544556
3.64162615996	5.29720167256	0.418322036766	-0.0	-0.0	0.00772982676	0.382579240499	0.000266252733141	14.68794985	13.9553278874
3.64958020327	5.30057803468	0.413584952855	-0.0	-0.0	0.00836371930667	0.38218773801	0.000276254007668	15.5639513131	14.9853637822
3.66195315952	5.29635549872	0.409537774127	-0.0	-0.0	0.00898968749333	0.381800886122	0.000285736252728	16.4459433972	16.0147966711
3.66813963765	5.29346092504	0.406080391181	-0.0	-0.0	0.00960245564	0.381421957311	0.000295453915807	17.3259317724	17.0352609782
3.68316394167	5.31112527893	0.402989382478	-0.0	-0.0	0.01020852716	0.381046941145	0.000304343068176	18.2135032564	18.0627619283
3.69465311533	5.31689468661	0.400172462761	-0.0	-0.0	0.0108068733867	0.380676482097	0.000313383532401	19.10743097	19.0982790562
3.70393283252	5.32147395172	0.3975835133	-0.0	-0.0	0.0114085767867	0.380303720896	0.000322676136483	20.023453939	20.1582224854
3.72072470172	5.32826843938	0.394628399478	-0.0	-0.0	0.0121410528933	0.379849641898	0.000333508045421	21.1625588065	21.480223694
3.73044631021	5.33301737757	0.392479027058	-0.0	-0.0	0.0127213886267	0.379489649211	0.000342416328223	22.0833292507	22.5485730175
3.73663278833	5.33238725954	0.390521028051	-0.0	-0.0	0.0132863232	0.379138995243	0.000351397089509	22.9950966534	23.6070133552
3.74502872293	5.33448818898	0.388751360937	-0.0	-0.0	0.0138520024667	0.378787687691	0.000360153727311	23.9218167527	24.6787435327
3.75254087494	5.34015103839	0.387190607654	-0.0	-0.0	0.01442276032	0.378433024682	0.000369027910902	24.8689392389	25.7665930159
3.76623950508	5.33907865873	0.385467207547	-0.0	-0.0	0.0150851648267	0.378021161147	0.000378864924012	25.9872047703	27.0534968084
3.77684489616	5.34240150094	0.38419568256	-0.0	-0.0	0.0156255701333	0.37768494983	0.000386950510359	26.9142923426	28.1169730055
3.790101635	5.34851794072	0.383030438023	-0.0	-0.0	0.0161585611733	0.37735317613	0.000394620225553	27.8408448856	29.1784175286
3.79673000442	5.35411471322	0.38199696807	-0.0	-0.0	0.01669558644	0.377018704382	0.000403008747433	28.78474958	30.2536116752
3.80070702607	5.35576323988	0.381546275173	-0.0	-0.0	0.0169151308667	0.376881917295	0.000406299130524	29.1746427307	30.70145092
3.7984975696	5.3566084788	0.381795708567	-0.0	-0.0	0.0169067821467	0.376887119512	0.000406366645021	29.156781429	30.6616043183
3.79982324348	5.35587410408	0.381958236447	-0.0	-0.0	0.0168967420667	0.376893375584	0.0004060376325	29.1369691513	30.6270689268
3.79938135219	5.35493923341	0.382241610469	-0.0	-0.0	0.01688252576	0.376902233796	0.000405816637813	29.1085221284	30.5733149597
3.7980556783	5.35493923341	0.382467925744	-0.0	-0.0	0.0168722147467	0.376908658532	0.000405761623587	29.0877621535	30.5324855002
3.79628811312	5.35338111561	0.382797808808	-0.0	-0.0	0.0168547711067	0.376919527418	0.000405621359563	29.0529965684	30.4683127277
3.79761378701	5.35338111561	0.38313888284	-0.0	-0.0	0.01683766904	0.376930183291	0.00040515594388	29.0187441969	30.403827719
3.79628811312	5.35244624494	0.383634045249	-0.0	-0.0	0.0168131410133	0.376945462836	0.000404832853935	28.9697304013	30.3111151618
3.79363676536	5.35037406484	0.385353782555	-0.0	-0.0	0.01672814476	0.376998420827	0.000403504616093	28.8000072498	29.9910880836
3.78745028723	5.34758190328	0.392847941636	-0.0	-0.0	0.01636665716	0.3772235845	0.000397305054287	28.0832021935	28.6455955524
3.78391515687	5.3503125	0.400399578264	-0.0	-0.0	0.01601647492	0.377441624878	0.000391022438013	27.3961853931	27.3657907759
3.77596111357	5.34302689181	0.407403255604	-0.0	-0.0	0.0157008088667	0.37763812406	0.000385857027669	26.7838818379	26.2375758761
3.76535572249	5.33876527734	0.414613415383	-0.0	-0.0	0.0153861453067	0.37783392135	0.000380978356168	26.180106833	25.1343623428
3.74723817941	5.33102797862	0.42228358879	-0.0	-0.0	0.0150615938533	0.378035812899	0.000376664308289	25.5644521155	24.020274854
3.73530711445	5.32944514502	0.430406275555	-0.0	-0.0	0.0147288175867	0.378242760478	0.000371578234846	24.9410177422	22.9032964854
3.72602739726	5.32228535354	0.439160127905	-0.0	-0.0	0.01438135024	0.378458760142	0.000365953281258	24.2978921324	21.7650211782
3.71984091913	5.32121403731	0.44878223017	-0.0	-0.0	0.0140122525067	0.378688130416	0.000359608601048	23.6238960153	20.5873026426
3.71100309324	5.31402342513	0.459217818224	-0.0	-0.0	0.0136243910667	0.378929066605	0.000353144876351	22.9255808629	19.3872737797
3.70128148475	5.30913126189	0.470726636502	-0.0	-0.0	0.0132094509467	0.379186720393	0.000346278657158	22.1902776864	18.1483475364
3.68758285462	5.29882502382	0.483229124148	-0.0	-0.0	0.01277572772	0.379455915426	0.000339412983517	21.4340639362	16.8981467107
3.66990720283	5.28885350318	0.496908883607	-0.0	-0.0	0.01231776044	0.379740046967	0.000332452885401	20.649739912	15.6313694407
3.66239505082	5.27666348297	0.512244765624	-0.0	-0.0	0.01182521716	0.380045476613	0.000323881949802	19.8216354675	14.3267322018
3.64074237738	5.26278772379	0.529177142675	-0.0	-0.0	0.0113024593733	0.380369477973	0.000315986374683	18.9622997165	13.0121683097
3.62306672559	5.25016015375	0.543663119242	-0.0	-0.0	0.0108728496533	0.380635620096	0.000309508342877	18.2721223159	11.9841016925
3.62262483429	5.25184235822	0.543214988261	-0.0	-0.0	0.0108816798667	0.380630150952	0.000309710223274	18.2861658463	12.0102470364
3.62306672559	5.25248317847	0.542892725543	-0.0	-0.0	0.0108864721867	0.380627182726	0.000309764812881	18.2940155614	12.0275950546
3.62439239947	5.25344440884	0.542438942367	-0.0	-0.0	0.0108968437467	0.380620758831	0.000309842443425	18.3103565274	12.0555349927
3.62350861688	5.25344440884	0.541773585896	-0.0	-0.0	0.0109103873067	0.380612370174	0.000310168075773	18.3317995134	12.0949237946
3.62439239947	5.25272261371	0.540893171311	-0.0	-0.0	0.0109278105333	0.380601578349	0.000310416678464	18.3596064966	12.1468095098
3.62660185594	5.25632809997	0.539024737747	-0.0	-0.0	0.0109653968133	0.380578297131	0.000310925985267	18.4195295902	12.2580538869
3.63764913831	5.26287176207	0.522316498767	-0.0	-0.0	0.01131748792	0.380360165757	0.000316508794356	18.9859618226	13.3069564004
3.65311533363	5.28187919463	0.505652006974	-0.0	-0.0	0.0117002902933	0.380122920752	0.000322260548614	19.611727615	14.4607947665
3.66195315952	5.28917969997	0.491052793167	-0.0	-0.0	0.01206754608	0.379895225499	0.000328290879219	20.2215882902	15.5769515241
3.67476800707	5.29901179471	0.477857223373	-0.0	-0.0	0.0124285490533	0.37967132542	0.000333837365053	20.8301123598	16.6838661796
3.6809544852	5.30678560051	0.465623675956	-0.0	-0.0	0.01279275704	0.379445355615	0.000340034601647	21.4525132701	17.8077373229
3.6889085285	5.31337579618	0.454159013742	-0.0	-0.0	0.0131643214933	0.379214739139	0.000346181654102	22.0958514345	18.9603952258
3.6973044631	5.3173290938	0.443693623793	-0.0	-0.0	0.0135363507067	0.378983743507	0.00035227528812	22.7480674485	20.1149419402
3.69907202828	5.32114467409	0.434590234475	-0.0	-0.0	0.01388941736	0.378764444664	0.000358634795561	23.3746373747	21.2118334053
3.70658418029	5.33089637635	0.426190545369	-0.0	-0.0	0.0142436939733	0.378544316445	0.000364434365028	24.009963171	22.3125963795
3.71277065842	5.33651096282	0.418568688856	-0.0	-0.0	0.0145923324	0.37832761534	0.00037024899523	24.6415642861	23.3962531142
3.71895713654	5.34095238095	0.411326146732	-0.0	-0.0	0.0149523432267	0.378103766259	0.0003762660583	25.3002656125	24.5141734936
3.72735307114	5.34453248811	0.404844221731	-0.0	-0.0	0.01531051036	0.377880983573	0.000381994256316	25.9611358928	25.6136686282
3.73530711445	5.34778481013	0.399290835959	-0.0	-0.0	0.0156541339733	0.377667172056	0.000387449607589	26.5987659665	26.6512041979
3.74370304905	5.35483870968	0.39414871512	-0.0	-0.0	0.0160203404533	0.377439233846	0.000393218166343	27.2801140123	27.7264148231
3.74635439682	5.35777496839	0.390035154089	-0.0	-0.0	0.0163805580933	0.377214930239	0.000399404387204	27.9490111557	28.7313049456
3.75519222271	5.36406694032	0.387018000911	-0.0	-0.0	0.0167494498533	0.37698515217	0.000404986492127	28.6289507565	29.6764520818
3.76668139638	5.36979823455	0.385078224768	-0.0	-0.0	0.0171536889067	0.376733249735	0.000410753586566	29.3651178838	30.6028042161
3.76756517897	5.36862003781	0.384799710395	-0.0	-0.0	0.0172135081733	0.37669596526	0.000411692894047	29.4744821735	30.7403637616
3.7649138312	5.36991485336	0.384952715431	-0.0	-0.0	0.0172105263333	0.37669782385	0.000411917822782	29.4676508514	30.7202831114
3.76314626602	5.36865342163	0.385108690413	-0.0	-0.0	0.0172006025333	0.376704000925	0.000411925261057	29.4479540137	30.6865550033
3.76314626602	5.37077942569	0.385326481753	-0.0	-0.0	0.01718904456	0.376711207355	0.000411710575639	29.4251387915	30.6443791505
3.76270437472	5.37003154574	0.385454241221	-0.0	-0.0	0.0171828699867	0.376715057835	0.000411642938686	29.4128079192	30.6207517888
3.76270437472	5.37109498264	0.385742505912	-0.0	-0.0	0.01716859528	0.376723948402	0.000411372952697	29.3842631457	30.566734223
3.7649138312	5.37298832439	0.386109695435	-0.0	-0.0	0.0171501267867	0.376735469882	0.000410785298681	29.3474972861	30.4975966407
3.76005302696	5.36963383838	0.387884993436	-0.0	-0.0	0.01706294408	0.37678979884	0.000409675804118	29.1740337026	30.1692177986
3.75342465753	5.36682464455	0.394509470898	-0.0	-0.0	0.01674356016	0.376988813711	0.000404388815028	28.5426810438	28.9806708751
3.74944763588	5.36590765338	0.401831528513	-0.0	-0.0	0.0164037507733	0.377200486017	0.000398424458294	27.8778881234	27.7363452039
3.73619089704	5.35816164818	0.408824806972	-0.0	-0.0	0.0160906825333	0.377395430766	0.000393951023289	27.2720710257	26.610032642
3.72823685373	5.34876347495	0.415994743925	-0.0	-0.0	0.0157808553067	0.37758830278	0.000388974185874	26.6790547858	25.5144065924
3.71895713654	5.34084417645	0.423308077737	-0.0	-0.0	0.0154743623067	0.37777903981	0.00038419998912	26.0991601447	24.4520358852
3.7145382236	5.33217005076	0.431153723813	-0.0	-0.0	0.0151550994533	0.377977660141	0.000378696804382	25.502074348	23.3690093111
3.70702607159	5.32444444444	0.439352183119	-0.0	-0.0	0.0148316887067	0.378178796324	0.000373430634792	24.90417266	22.2959028849
3.69863013699	5.32008900191	0.448186080626	-0.0	-0.0	0.0144959934	0.378387503751	0.000368025013581	24.2911635131	21.2050183264
3.69642068051	5.31923688394	0.457274928214	-0.0	-0.0	0.0141610572533	0.378595665295	0.00036201676897	23.6869586496	20.1439094788
3.68846663721	5.31401273885	0.467545842135	-0.0	-0.0	0.0137938848667	0.378823790011	0.000355970469077	23.0333387862	19.0133580324
3.67476800707	5.3043062201	0.478800825443	-0.0	-0.0	0.0134071160933	0.379063987207	0.000350094690849	22.3546301379	17.8553406462
3.6637207247	5.29680511182	0.491274641944	-0.0	-0.0	0.0129895113467	0.379323245347	0.000343375264672	21.6329762576	16.653170262
3.6473707468	5.28402177394	0.50397490102	-0.0	-0.0	0.0125746587867	0.379580682741	0.000337209217361	20.9280083296	15.509577071
3.64295183385	5.27857829011	0.518692151739	-0.0	-0.0	0.0121117381733	0.379867821165	0.000329047127018	20.1547351439	14.2839505357
3.62660185594	5.26298909557	0.535584757792	-0.0	-0.0	0.0115982158533	0.380186191129	0.000320976580104	19.3128603482	12.9914813571
3.60450729121	5.24196658098	0.553509687713	-0.0	-0.0	0.0110636225333	0.380517450898	0.000312993630815	18.4545560348	11.7319004038
3.58904109589	5.22923374115	0.576195646687	-0.0	-0.0	0.0104102220533	0.380922088883	0.000302212048397	17.4318291413	10.2969452149
3.56783031374	5.21687136393	0.604191740816	-0.0	-0.0	0.00965482125333	0.381389564245	0.000290060661127	16.2866622203	8.75716850124
3.54220061865	5.19714656291	0.632649187793	-0.0	-0.0	0.00892951114667	0.381838085967	0.000278799797461	15.2242612683	7.40650079801
