# C		CN		K0		e_x		e_y		e_z		n		overlap		p		q
3.39814405656	5.18832264597	0.736271984429	-0.0	-0.0	1.87240000048e-07	0.389567530836	0.000136368810588	5.58466976148	1.78702651079
3.42951833849	5.20261657162	0.646871974195	-0.0	-0.0	0.000531443826667	0.389243148409	0.000144655367831	6.13420935346	2.83313389062
3.45912505524	5.21640546849	0.567480633332	-0.0	-0.0	0.00134984762667	0.388743098087	0.000157616835567	7.012075274	4.26170498345
3.49094122846	5.22468563865	0.525872428563	-0.0	-0.0	0.00212068413333	0.388271737304	0.000169169453688	7.86561441386	5.45287779855
3.50950066284	5.22940013184	0.499519925615	-0.0	-0.0	0.00286652962667	0.387815312346	0.000180696615367	8.71811988718	6.54801146703
3.53115333628	5.24638633377	0.480666303998	-0.0	-0.0	0.00361248325333	0.387358480592	0.000191874541426	9.59766680607	7.62398752012
3.55236411843	5.25654450262	0.466832699289	-0.0	-0.0	0.00433858268	0.386913480398	0.000202650394563	10.4820868911	8.67064070801
3.56871409633	5.26149331594	0.455927756315	-0.0	-0.0	0.00503626472	0.386485591697	0.000213184025995	11.3601566934	9.69855603623
3.57711003093	5.26725260417	0.447242018798	-0.0	-0.0	0.00572674384	0.386061826525	0.000223978772406	12.2534469732	10.725649534
3.58992487848	5.26718547341	0.439961256402	-0.0	-0.0	0.00641326198667	0.385640202118	0.000234393365203	13.1656324781	11.7663322103
3.60008837826	5.27502429543	0.434238956095	-0.0	-0.0	0.00707321445333	0.385234620036	0.000244478070228	14.0635082887	12.7749732739
3.61157755192	5.27639651275	0.429069950297	-0.0	-0.0	0.00772982676	0.384830824968	0.000254421682299	14.9801433865	13.8083478087
3.62129916041	5.27527366388	0.425103401526	-0.0	-0.0	0.00836371930667	0.384440750193	0.000264020804403	15.8819592598	14.8045359153
3.63146266019	5.28635778636	0.421377940742	-0.0	-0.0	0.00898968749333	0.384055309061	0.00027344659231	16.7926603331	15.818596158
3.64516129032	5.29681978799	0.418099495559	-0.0	-0.0	0.00960245564	0.383677762112	0.000282380008025	17.703241079	16.8307328845
3.65444100751	5.30189284568	0.415452102934	-0.0	-0.0	0.01020852716	0.383304113539	0.000291481115714	18.6194571187	17.8337530741
3.66902342024	5.3095390525	0.412817775214	-0.0	-0.0	0.0108068733867	0.382935005466	0.000300046495022	19.5435182291	18.8574436631
3.66769774635	5.30498721228	0.410524830779	-0.0	-0.0	0.0114085767867	0.382563608145	0.000309951748956	20.4891519301	19.8970624846
3.68272205038	5.30975143403	0.408033280661	-0.0	-0.0	0.0121410528933	0.382111180553	0.000320592587362	21.6622103703	21.1831017866
3.6977463544	5.32262169901	0.406176152914	-0.0	-0.0	0.0127213886267	0.381752493523	0.000328746160707	22.6099452957	22.2246932697
3.70790985418	5.329202415	0.404579274205	-0.0	-0.0	0.0132863232	0.381403125456	0.000337030203034	23.5467621466	23.2487587444
3.72337604949	5.33048433048	0.402988016645	-0.0	-0.0	0.0138520024667	0.381053099037	0.000344818408016	24.5005514572	24.2978686579
3.72779496244	5.3330170778	0.401606077893	-0.0	-0.0	0.01442276032	0.380699729398	0.000353662927462	25.4759899893	25.3625357177
3.74105170128	5.34059343434	0.400218690339	-0.0	-0.0	0.0150851648267	0.38028936621	0.000363131563187	26.6247557803	26.6085858848
3.75386654883	5.34982666246	0.399034799217	-0.0	-0.0	0.0156255701333	0.379954380789	0.000370667742557	27.5788384629	27.652859837
3.76933274414	5.36143441334	0.398086530783	-0.0	-0.0	0.0161585611733	0.379623813943	0.000377764230352	28.5305557112	28.682524197
3.78612461335	5.36634283924	0.397052103283	-0.0	-0.0	0.01669558644	0.379290566783	0.000384828124786	29.5051857815	29.747585972
3.79363676536	5.36690647482	0.396686733011	-0.0	-0.0	0.0169151308667	0.379154287926	0.000387642278135	29.9067854116	30.1830501348
3.78612461335	5.37002195045	0.396963780072	-0.0	-0.0	0.0169067821467	0.379159461772	0.00038824303259	29.887864904	30.1407907552
3.78435704817	5.36908121668	0.397231800412	-0.0	-0.0	0.0168967420667	0.379165695029	0.000388234683018	29.8664067122	30.0967713033
3.78745028723	5.37127626215	0.397586024207	-0.0	-0.0	0.01688252576	0.379174520937	0.000387650511639	29.8361754064	30.0367795915
3.78479893946	5.36908121668	0.39786129665	-0.0	-0.0	0.0168722147467	0.379180922244	0.000387726616231	29.8141180019	29.9916608871
3.78347326558	5.36888331242	0.398299941949	-0.0	-0.0	0.0168547711067	0.379191751494	0.000387532849049	29.7770122594	29.9178968544
3.78214759169	5.36731493099	0.39874155435	-0.0	-0.0	0.01683766904	0.379202366826	0.000387345188215	29.7405663691	29.8446755153
3.7812638091	5.36606022585	0.399380185689	-0.0	-0.0	0.0168131410133	0.379217595261	0.000386972362646	29.6883003645	29.7394501278
3.77551922227	5.36252354049	0.401595192795	-0.0	-0.0	0.01672814476	0.379270350061	0.000385956039982	29.5076810483	29.3771611637
3.76668139638	5.35869223515	0.411219920746	-0.0	-0.0	0.01636665716	0.379494697441	0.000380016539249	28.744750578	27.8599097838
3.74856385329	5.35310823604	0.420885339304	-0.0	-0.0	0.01601647492	0.379711945023	0.000375209715077	28.0149417476	26.4265204236
3.73574900574	5.34355246523	0.429922375111	-0.0	-0.0	0.0157008088667	0.379907725333	0.000370522206582	27.3646414567	25.1633419495
3.72381794079	5.34009508716	0.439236697136	-0.0	-0.0	0.0153861453067	0.380102808474	0.000365743622534	26.7234594947	23.9325222107
3.71807335395	5.33491912464	0.449175513119	-0.0	-0.0	0.0150615938533	0.38030397322	0.00036016357696	26.069761971	22.6931632701
3.70437472382	5.3249682338	0.459707823765	-0.0	-0.0	0.0147288175867	0.380510159042	0.000355177073656	25.407481934	21.4556920869
3.6893504198	5.31317632081	0.47104115452	-0.0	-0.0	0.01438135024	0.380725374141	0.000350022778528	24.7249079328	20.2027360434
3.6809544852	5.30614845492	0.483479899648	-0.0	-0.0	0.0140122525067	0.380953904824	0.000343837009652	24.0106346621	18.9154482409
3.67123287671	5.2975127551	0.496979136228	-0.0	-0.0	0.0136243910667	0.381193955438	0.000337407222383	23.2712603479	17.6120979706
3.65753424658	5.29366602687	0.511802323013	-0.0	-0.0	0.0132094509467	0.381450676564	0.000330837285736	22.4935541301	16.2798117138
3.64339372514	5.28438602116	0.527864818136	-0.0	-0.0	0.01277572772	0.381718897601	0.00032395132739	21.6955927365	14.9483459909
3.622182943	5.27623953638	0.545420383525	-0.0	-0.0	0.01231776044	0.382001985288	0.000317236875791	20.8700434115	13.6123656272
3.61201944322	5.26280193237	0.564917744713	-0.0	-0.0	0.01182521716	0.382306301107	0.000308917334708	20.0011719486	12.2575030461
3.59566946531	5.25274370562	0.586331465502	-0.0	-0.0	0.0113024593733	0.382629117806	0.000300571508193	19.1010198403	10.910331426
3.58418029165	5.23974151858	0.604550784648	-0.0	-0.0	0.0108728496533	0.382894292479	0.000293563220409	18.3780567367	9.86951648207
3.58550596553	5.24103392569	0.603849177434	-0.0	-0.0	0.0108816798667	0.38288884328	0.000293625189442	18.393097685	9.90140808148
3.58594785683	5.2399870801	0.603558095427	-0.0	-0.0	0.0108864721867	0.382885887978	0.000293673878838	18.4007618113	9.91542686556
3.58594785683	5.23966408269	0.602850474986	-0.0	-0.0	0.0108968437467	0.38287949083	0.00029386502008	18.4178645392	9.94873691326
3.58638974812	5.2399870801	0.601899790139	-0.0	-0.0	0.0109103873067	0.382871128931	0.000294080667831	18.4403857372	9.99336078144
3.5881573133	5.2419250646	0.600695253506	-0.0	-0.0	0.0109278105333	0.382860374874	0.00029425983535	18.4693470187	10.050326699
3.59169244366	5.24370561653	0.598117887028	-0.0	-0.0	0.0109653968133	0.382837185133	0.000294666466695	18.5318173737	10.1732327804
3.5969951392	5.25201677961	0.575204889586	-0.0	-0.0	0.01131748792	0.382619842656	0.000300755722874	19.1231834699	11.3328653621
3.60936809545	5.26273372018	0.552654369209	-0.0	-0.0	0.0117002902933	0.382383467767	0.000306818312673	19.7774713504	12.6072227345
3.622182943	5.27835051546	0.533061712111	-0.0	-0.0	0.01206754608	0.382156597922	0.000312534620355	20.416008644	13.8418876772
3.63499779054	5.29330328397	0.515504169423	-0.0	-0.0	0.0124285490533	0.381933514352	0.000318121516086	21.0540201113	15.0672719049
3.64339372514	5.30479562279	0.499398078513	-0.0	-0.0	0.01279275704	0.381708369647	0.000324143496097	21.7078154847	16.3102787216
3.65444100751	5.31511254019	0.484512886463	-0.0	-0.0	0.0131643214933	0.381478590727	0.00033003812518	22.3842002477	17.5804201242
3.66548828988	5.3246628131	0.47102049239	-0.0	-0.0	0.0135363507067	0.381248439885	0.000335919302209	23.0706626631	18.8521888128
3.67520989837	5.32745914771	0.459389860085	-0.0	-0.0	0.01388941736	0.381029947326	0.000341539419075	23.7302263075	20.0577494584
3.68448961555	5.33696348495	0.448788544558	-0.0	-0.0	0.0142436939733	0.380810615307	0.000347192484947	24.3994041884	21.2627426392
3.68537339814	5.34048686739	0.439309769082	-0.0	-0.0	0.0145923324	0.380594704459	0.000353500841806	25.0643846955	22.4420464452
3.70083959346	5.34856230032	0.4304880629	-0.0	-0.0	0.0149523432267	0.380371671702	0.000358579113734	25.7565455655	23.6467195167
3.71011931065	5.35588892435	0.422813139802	-0.0	-0.0	0.01531051036	0.380149701451	0.000364157606821	26.4480606665	24.8134846092
3.72160848431	5.36531718202	0.416390466202	-0.0	-0.0	0.0156541339733	0.379936669652	0.000369197732416	27.1135672128	25.901190984
3.73530711445	5.3689227836	0.410650891166	-0.0	-0.0	0.0160203404533	0.379709560745	0.000374360967925	27.823098107	27.0095569555
3.7476800707	5.37987940336	0.406450802408	-0.0	-0.0	0.0163805580933	0.379486077052	0.000379407333722	28.5142159834	28.006908878
3.76137870084	5.38481012658	0.403503308896	-0.0	-0.0	0.0167494498533	0.37925713499	0.000384344771886	29.2157663571	28.9325580578
3.77242598321	5.38624171663	0.401457478484	-0.0	-0.0	0.0171536889067	0.379006162758	0.000390025803737	29.9787077153	29.8575336097
3.77596111357	5.39002840013	0.401214857464	-0.0	-0.0	0.0172135081733	0.378969013257	0.000390660461423	30.0914764008	29.9900664695
3.77596111357	5.39002840013	0.401372994499	-0.0	-0.0	0.0172105263333	0.378970856425	0.000390595468204	30.0841526541	29.9695902688
3.7728678745	5.38687283055	0.401590806826	-0.0	-0.0	0.0172006025333	0.378977019363	0.000390733377031	30.0634625568	29.9308492884
3.7733097658	5.38687283055	0.401886838942	-0.0	-0.0	0.01718904456	0.378984189167	0.00039047186404	30.0390972879	29.8819851755
3.77242598321	5.38592615967	0.402053394292	-0.0	-0.0	0.0171828699867	0.378988031585	0.000390447123486	30.025918323	29.855044155
3.77021652673	5.38403281792	0.402427285657	-0.0	-0.0	0.01716859528	0.378996896285	0.000390407766589	29.9956439302	29.793943479
3.76889085285	5.38578199052	0.40290851346	-0.0	-0.0	0.0171501267867	0.379008365171	0.000390200344485	29.9565724875	29.7153268546
3.75961113566	5.38386075949	0.405224072782	-0.0	-0.0	0.01706294408	0.379062502542	0.000389529862551	29.7721640144	29.3426240906
3.75386654883	5.37967067764	0.413916576084	-0.0	-0.0	0.01674356016	0.379260788328	0.000384134587908	29.1011926952	27.9933537171
3.74856385329	5.38039340102	0.423542024509	-0.0	-0.0	0.0164037507733	0.379471685504	0.000378301382622	28.3955020838	26.58592659
3.73353954927	5.37233704293	0.432775972193	-0.0	-0.0	0.0160906825333	0.379665922805	0.000373949699151	27.7532091203	25.3152217645
3.71498011489	5.36096938776	0.442219696682	-0.0	-0.0	0.0157808553067	0.379858084492	0.000370002255419	27.1251595302	24.0865475911
3.69995581087	5.35369363607	0.451913627627	-0.0	-0.0	0.0154743623067	0.380048129451	0.00036577910264	26.5115381724	22.8969504605
3.69023420239	5.34464	0.462430811236	-0.0	-0.0	0.0151550994533	0.380246025462	0.00036078600386	25.880064152	21.6831042745
3.68493150685	5.34123678308	0.473459302495	-0.0	-0.0	0.0148316887067	0.38044642815	0.000355284399778	25.24845721	20.4852019538
3.67653557225	5.33301282051	0.485224913398	-0.0	-0.0	0.0144959934	0.380654374471	0.000349842721532	24.6010339897	19.2808757122
3.66990720283	5.32617062219	0.497341289496	-0.0	-0.0	0.0141610572533	0.380861780973	0.000344235494892	23.9636654482	18.1164842467
3.66151126823	5.31984585742	0.511102698278	-0.0	-0.0	0.0137938848667	0.381089069701	0.000338184957913	23.2751059546	16.8812770224
3.64516129032	5.30962343096	0.52598545935	-0.0	-0.0	0.0134071160933	0.381328396439	0.000332501867782	22.5617025123	15.6355652342
3.62925320371	5.29294231389	0.542571900451	-0.0	-0.0	0.0129895113467	0.381586703671	0.00032619071106	21.804400481	14.3500109722
3.61953159523	5.28216704289	0.559426018582	-0.0	-0.0	0.0125746587867	0.381843202225	0.000319363792704	21.0658260568	13.1406837687
3.60715863897	5.26443082876	0.578612561306	-0.0	-0.0	0.0121117381733	0.382129288671	0.000311891656191	20.2580935426	11.8715094608
3.59346000884	5.24951581666	0.600150675748	-0.0	-0.0	0.0115982158533	0.382446497067	0.000303583764601	19.3802335596	10.5656072347
3.56385329209	5.23061952644	0.622655916684	-0.0	-0.0	0.0110636225333	0.382776554215	0.00029621897097	18.4858322186	9.32011221228
3.54441007512	5.21085120208	0.650928814168	-0.0	-0.0	0.0104102220533	0.383179716583	0.000285788255466	17.421171335	7.92563648804
3.51612903226	5.17805989583	0.685637505058	-0.0	-0.0	0.00965482125333	0.383645487175	0.000274184631828	16.2301268896	6.45493647149
3.4874060981	5.15854854528	0.720461940738	-0.0	-0.0	0.00892951114667	0.384092371018	0.000263095010619	15.127694499	5.19733498467
