# C		CN		K0		e_x		e_y		e_z		n		overlap		p		q
3.44144940345	5.23822341857	0.735905053349	-0.0	-0.0	1.87240000048e-07	0.388462135177	0.0001306132944333331	5.5892165513	1.7915015109
3.47105612019	5.25050167224	0.651441246377	-0.0	-0.0	0.000531443826667	0.388137165345	0.00013899332746440392	6.16468044669	2.79921360262
3.48519664163	5.25333333333	0.575242766942	-0.0	-0.0	0.00134984762667	0.387636209512	0.00015267018350351573	7.08955151643	4.20091868319
3.5041979673	5.24660708375	0.533844092084	-0.0	-0.0	0.00212068413333	0.38716399517	0.00016496657981679674	7.99563371711	5.40779589975
3.5298276624	5.24926011181	0.50773455053	-0.0	-0.0	0.00286652962667	0.3867067437	0.0001762968406726427	8.90260385866	6.5232123196
3.55280600972	5.2589198036	0.489404001885	-0.0	-0.0	0.00361248325333	0.386249084696	0.00018758449140148558	9.84048328638	7.6174819022
3.56606274856	5.25749674055	0.475924275288	-0.0	-0.0	0.00433858268	0.385803278914	0.00019897410344659684	10.783971977	8.68656217329
3.57313300928	5.26416938111	0.46580134462	-0.0	-0.0	0.00503626472	0.385374615139	0.0002101474635999339	11.7180594563	9.72214157716
3.59125055236	5.27198961376	0.457529291102	-0.0	-0.0	0.00572674384	0.384950082595	0.00022050792523387118	12.6703995198	10.7672747038
3.60848431286	5.28423438006	0.450584587831	-0.0	-0.0	0.00641326198667	0.384527694694	0.00023082109705437808	13.6456693714	11.8303113021
3.61776403005	5.28276307295	0.444866635861	-0.0	-0.0	0.00707321445333	0.384121378168	0.00024112477209154077	14.6085472584	12.8743438655
3.62925320371	5.28672680412	0.440014469809	-0.0	-0.0	0.00772982676	0.383716851891	0.00025120278250720764	15.5895203951	13.930486377
3.64516129032	5.29341894061	0.435872994193	-0.0	-0.0	0.00836371930667	0.383326070754	0.00026059265585493815	16.5602200064	14.9732934688
3.65665046399	5.30320512821	0.432221520598	-0.0	-0.0	0.00898968749333	0.382939931649	0.0002701432956886931	17.5414085195	16.0256452502
3.67520989837	5.30673475902	0.429022978564	-0.0	-0.0	0.00960245564	0.382561701023	0.00027889082626458405	18.521794368	17.0752272397
3.68802474591	5.31622569334	0.426272192731	-0.0	-0.0	0.01020852716	0.382187375881	0.00028786983597010104	19.5088518501	18.1255103232
3.6973044631	5.32378223496	0.423793240972	-0.0	-0.0	0.0108068733867	0.381817603216	0.00029700238358084367	20.5023251267	19.1821791768
3.70746796288	5.33089637635	0.421588574202	-0.0	-0.0	0.0114085767867	0.381445524983	0.00030608166411999553	21.5187027595	20.2584926065
3.72425983208	5.33840304183	0.419212924695	-0.0	-0.0	0.0121410528933	0.380992282635	0.00031669985838555283	22.7790794587	21.5887873988
3.73353954927	5.34250474383	0.417571212403	-0.0	-0.0	0.0127213886267	0.380632950697	0.0003253829830128991	23.7940994191	22.6549748226
3.74414494034	5.34722222222	0.416125599315	-0.0	-0.0	0.0132863232	0.380282945363	0.0003336597926367926	24.7968234929	23.7056422175
3.75563411401	5.35360857233	0.41481194908	-0.0	-0.0	0.0138520024667	0.379932285103	0.00034184938808327605	25.8153632059	24.7704056994
3.76977463544	5.35563933396	0.413599058653	-0.0	-0.0	0.01442276032	0.379578279839	0.0003498642172738514	26.8592370643	25.8597276604
3.77949624392	5.36198243413	0.412270307137	-0.0	-0.0	0.0150851648267	0.379167169277	0.00035977875555900305	28.0916373269	27.1470351205
3.79452054795	5.36071205497	0.411326890523	-0.0	-0.0	0.0156255701333	0.378831585079	0.00036711311209541386	29.1092944374	28.2047951993
3.80203269996	5.36871682797	0.410403490479	-0.0	-0.0	0.0161585611733	0.378500411801	0.00037509081632214737	30.1301551255	29.2693862871
3.80733539549	5.36938902743	0.409625778103	-0.0	-0.0	0.01669558644	0.378166561184	0.0003833095469280393	31.1699878971	30.3453757484
3.80998674326	5.37137511693	0.409251031098	-0.0	-0.0	0.0169151308667	0.378030031857	0.0003866231348331461	31.5997083773	30.7959427645
3.8064516129	5.37055520898	0.409535262912	-0.0	-0.0	0.0169067821467	0.378035218763	0.0003868138135246128	31.5794673421	30.7517959586
3.80424215643	5.36930754835	0.409728462386	-0.0	-0.0	0.0168967420667	0.378041463307	0.00038685302784835756	31.5571996763	30.7135330143
3.80424215643	5.36961946351	0.410065289174	-0.0	-0.0	0.01688252576	0.378050305198	0.0003865873071420251	31.5252042235	30.653535178
3.80424215643	5.37004680187	0.410307627412	-0.0	-0.0	0.0168722147467	0.378056718096	0.00038639429756395983	31.5019401567	30.6101804589
3.80380026513	5.37047440699	0.410711970472	-0.0	-0.0	0.0168547711067	0.378067566956	0.0003861120536757136	31.462717943	30.5375414973
3.80159080866	5.3699656572	0.411111915816	-0.0	-0.0	0.01683766904	0.378078203195	0.00038601533179801373	31.4242530628	30.4661280274
3.80114891737	5.3702778645	0.411687053638	-0.0	-0.0	0.0168131410133	0.378093455648	0.00038560190423060024	31.369127591	30.3638136642
3.80291648255	5.36681222707	0.413689483726	-0.0	-0.0	0.01672814476	0.378146315002	0.0003838333568508082	31.1784153749	30.0105776754
3.79186920018	5.36323851204	0.422461621617	-0.0	-0.0	0.01636665716	0.378371066774	0.0003781548284264452	30.3722953454	28.5234081134
3.7817057004	5.3607019743	0.431229185623	-0.0	-0.0	0.01601647492	0.378588712076	0.000372594898566163	29.6012769964	27.1195469662
3.77198409191	5.35141065831	0.43937327635	-0.0	-0.0	0.0157008088667	0.378784839568	0.0003676326309339541	28.9143702684	25.8845483655
3.76049491825	5.3465284323	0.447700670965	-0.0	-0.0	0.0153861453067	0.378980282591	0.00036285637700250294	28.2373712877	24.6841883103
3.74856385329	5.34099496222	0.45651917463	-0.0	-0.0	0.0150615938533	0.379181802739	0.0003579156358489545	27.5468051553	23.4775644846
3.74237737517	5.33890290038	0.465808947097	-0.0	-0.0	0.0147288175867	0.37938836193	0.0003522762875080475	26.8475262653	22.2741387413
3.73221387539	5.33680884676	0.475806083141	-0.0	-0.0	0.01438135024	0.379603966749	0.0003466963156789593	26.1258719581	21.0518617218
3.72514361467	5.32785330383	0.48670855732	-0.0	-0.0	0.0140122525067	0.37983290459	0.0003404602985809195	25.3717525637	19.7977964923
3.71056120194	5.32002534854	0.498432012192	-0.0	-0.0	0.0136243910667	0.380073403523	0.0003345548649236612	24.5911697045	18.530270498
3.69288555015	5.3084498094	0.51115404358	-0.0	-0.0	0.0132094509467	0.380330582579	0.0003283378713798224	23.767504306	17.2357245386
3.68228015908	5.30286624204	0.524844062733	-0.0	-0.0	0.01277572772	0.380599289321	0.0003212091394035857	22.9230342388	15.9419606575
3.6637207247	5.29214559387	0.539776190943	-0.0	-0.0	0.01231776044	0.380882889635	0.00031432051738884437	22.048658592	14.6387045552
3.64516129032	5.27976952625	0.556319582507	-0.0	-0.0	0.01182521716	0.381187756521	0.00030675188482722843	21.1268799663	13.3107201822
3.63146266019	5.26265214606	0.57436538895	-0.0	-0.0	0.0113024593733	0.381511160902	0.00029819852446136215	20.170546967	11.9865406145
3.61467079099	5.25200642055	0.589729795044	-0.0	-0.0	0.0108728496533	0.381776812651	0.0002916332274816469	19.4013952706	10.9565891246
3.61688024746	5.25296950241	0.589059262195	-0.0	-0.0	0.0108816798667	0.381771353584	0.0002916226615970406	19.4173629168	10.9902909606
3.61732213875	5.25264847512	0.588834373872	-0.0	-0.0	0.0108864721867	0.381768390828	0.0002916724958349592	19.4256166845	11.0032517874
3.61688024746	5.25296950241	0.588254782558	-0.0	-0.0	0.0108968437467	0.381761978768	0.0002918963215341548	19.4436745603	11.0348791542
3.61864781264	5.25320924262	0.587421794798	-0.0	-0.0	0.0109103873067	0.381753605568	0.0002920047205763522	19.4677051232	11.079349629
3.622182943	5.25465041693	0.586409586784	-0.0	-0.0	0.0109278105333	0.381742835313	0.0002920392781832291	19.4983261337	11.1343652441
3.622182943	5.2536069253	0.584186306729	-0.0	-0.0	0.0109653968133	0.381719595203	0.0002927295126419652	19.5648018193	11.2554167842
3.63234644278	5.26626081384	0.56448759597	-0.0	-0.0	0.01131748792	0.381501865843	0.000298361485312057	20.1930127763	12.3923109656
3.64560318162	5.27712	0.545036478565	-0.0	-0.0	0.0117002902933	0.381265057967	0.00030428775556779874	20.8876871845	13.6403885094
3.65444100751	5.29152	0.528066086309	-0.0	-0.0	0.01206754608	0.381037782248	0.000310277647864987	21.5651744548	14.8492455623
3.66681396376	5.3033887468	0.512914550108	-0.0	-0.0	0.0124285490533	0.380814302039	0.00031584071073324495	22.2410596343	16.042759782
3.67609368095	5.31267965506	0.498999980289	-0.0	-0.0	0.01279275704	0.380588741259	0.0003217022440460008	22.9328844249	17.2513149784
3.68448961555	5.31950207469	0.486144538128	-0.0	-0.0	0.0131643214933	0.38035854729	0.0003277673170848425	23.6483424846	18.4838471645
3.69863013699	5.33110261313	0.474450971279	-0.0	-0.0	0.0135363507067	0.380127979681	0.00033331648959313763	24.3743567724	19.7186722139
3.70967741935	5.34331210191	0.464329873834	-0.0	-0.0	0.01388941736	0.379909084901	0.0003387747287976248	25.0723587299	20.8909532856
3.71100309324	5.34511302133	0.45515382567	-0.0	-0.0	0.0142436939733	0.379689362273	0.00034512775666389027	25.7806058976	22.0589565539
3.72028281043	5.35337150127	0.447014763658	-0.0	-0.0	0.0145923324	0.379473064733	0.0003506236604689933	26.4845835388	23.1975005823
3.72779496244	5.35843660629	0.439463589488	-0.0	-0.0	0.0149523432267	0.379249623811	0.00035645778461275966	27.2175667559	24.3592790763
3.73707467963	5.35911251981	0.432670957564	-0.0	-0.0	0.01531051036	0.379027251607	0.0003620446303642435	27.9527533289	25.504828875
3.74414494034	5.3676703645	0.426977713153	-0.0	-0.0	0.0156541339733	0.378813840418	0.0003675320459213344	28.6607318814	26.5754578978
3.75784357048	5.37602783049	0.421912960475	-0.0	-0.0	0.0160203404533	0.378586309985	0.00037270155173464026	29.4160336107	27.6680584507
3.76270437472	5.3785150079	0.418059776337	-0.0	-0.0	0.0163805580933	0.378362425491	0.00037852729036122283	30.1552845327	28.6722719118
3.77110030932	5.38478535354	0.41532357431	-0.0	-0.0	0.0167494498533	0.37813306621	0.0003840407869464684	30.9062472457	29.6127315164
3.77905435263	5.38488188976	0.41342357057	-0.0	-0.0	0.0171536889067	0.377881632494	0.00039006856405143905	31.7216969282	30.5562506582
3.77949624392	5.38551181102	0.413138847181	-0.0	-0.0	0.0172135081733	0.377844416716	0.00039103473045330213	31.8428916282	30.6974500335
3.77905435263	5.38519685039	0.413313273105	-0.0	-0.0	0.0172105263333	0.377846271882	0.000391015234994961	31.8351492655	30.6750050713
3.77817057004	5.38563327032	0.413486994047	-0.0	-0.0	0.0172006025333	0.37785244598	0.0003909212090187526	31.8131657787	30.6389181422
3.77728678745	5.38468809074	0.413762157304	-0.0	-0.0	0.01718904456	0.377859636703	0.0003907947374178652	31.7872519401	30.5903837015
3.77684489616	5.38437303088	0.413947789178	-0.0	-0.0	0.0171828699867	0.377863468513	0.00039072352034224715	31.7732378757	30.5610066393
3.77419354839	5.38335435057	0.414245731972	-0.0	-0.0	0.01716859528	0.377872349153	0.000390734086568542	31.7415304425	30.5050430321
3.7733097658	5.38379060233	0.414694555007	-0.0	-0.0	0.0171501267867	0.37788384855	0.00039048076077459205	31.7000953099	30.42694136
3.77065841803	5.38371726097	0.416787624202	-0.0	-0.0	0.01706294408	0.377938077087	0.0003891312569776695	31.5053822477	30.0631166031
3.76226248343	5.38140417457	0.424648572264	-0.0	-0.0	0.01674356016	0.378136728805	0.00038404948638358203	30.7968642524	28.7444663014
3.75430844012	5.37424865549	0.433326608026	-0.0	-0.0	0.0164037507733	0.378348007883	0.00037853421448210984	30.0518514417	27.3691724501
3.74458683164	5.36988906498	0.441595708655	-0.0	-0.0	0.0160906825333	0.378542596916	0.000373697361413181	29.3737746425	26.1297523915
3.73840035351	5.36473200127	0.450039407999	-0.0	-0.0	0.0157808553067	0.378735111515	0.00036855920882614086	28.7102618426	24.9297752281
3.72514361467	5.3571655545	0.458593663999	-0.0	-0.0	0.0154743623067	0.378925488378	0.000364179031443137	28.061650461	23.7735068499
3.71277065842	5.34968152866	0.467760296389	-0.0	-0.0	0.0151550994533	0.379123750047	0.00035946282761206163	27.3935572614	22.598476377
3.70481661511	5.34491552439	0.47733814014	-0.0	-0.0	0.0148316887067	0.379324515632	0.00035422249543569384	26.7245481731	21.4376705641
3.69995581087	5.34003189793	0.487580276507	-0.0	-0.0	0.0144959934	0.37953283851	0.0003484627904281337	26.03927555	20.2662588976
3.69376933274	5.3294005102	0.498033357857	-0.0	-0.0	0.0141610572533	0.379740620592	0.0003428436093770771	25.3648153766	19.1360706077
3.68139637649	5.31864623244	0.509690581443	-0.0	-0.0	0.0137938848667	0.379968320903	0.00033720491594910353	24.6363268699	17.9452348942
3.66946531153	5.30616810483	0.522194727467	-0.0	-0.0	0.0134071160933	0.380208083426	0.0003311697949625391	23.8805643646	16.7437660231
3.65223155104	5.29477731496	0.53604599704	-0.0	-0.0	0.0129895113467	0.380466857436	0.0003250214224595442	23.0777718004	15.5017604963
3.64383561644	5.28768441309	0.550149345116	-0.0	-0.0	0.0125746587867	0.380723819042	0.00031814488530820855	22.2944298145	14.3253393895
3.63102076889	5.27278562259	0.566229306551	-0.0	-0.0	0.0121117381733	0.381010426597	0.00031074642128769503	21.435978177	13.0810967136
3.61201944322	5.25594855305	0.584154129861	-0.0	-0.0	0.0115982158533	0.381328211767	0.00030291109034665225	20.5011538616	11.795352614
3.59743703049	5.24387886598	0.603015035497	-0.0	-0.0	0.0110636225333	0.381658861183	0.0002942693009689102	19.5462786478	10.5523204382
3.57755192223	5.22634807879	0.626781843964	-0.0	-0.0	0.0104102220533	0.382062753613	0.00028380961912055224	18.4092886437	9.14642101975
3.55148033584	5.20570132815	0.655325540622	-0.0	-0.0	0.00965482125333	0.382529367641	0.00027193501287827414	17.136508146	7.66863945245
3.51745470614	5.17995444191	0.684080289854	-0.0	-0.0	0.00892951114667	0.382977062953	0.00026123920036269613	15.961449378	6.38791537729
