# C		CN		K0		e_x		e_y		e_z		n		overlap		p		q
3.4538223597	5.25993265993	0.737041909966	-0.0	-0.0	1.87240000048e-07	0.386327365469	0.000142996163225	5.58800217852	1.78176305281
3.48961555457	5.26711185309	0.65598460385	-0.0	-0.0	0.000531443826667	0.386001261225	0.000151063467687	6.11374880033	2.72913286454
3.52452496686	5.27083333333	0.576932049738	-0.0	-0.0	0.00134984762667	0.385498556645	0.000163930536202	6.96123069786	4.10203262596
3.53689792311	5.27506596306	0.531654085434	-0.0	-0.0	0.00212068413333	0.385024693887	0.000176641307088	7.79216226276	5.30617880488
3.56429518338	5.27865094957	0.502031099837	-0.0	-0.0	0.00286652962667	0.384565846233	0.000187956805267	8.62537813576	6.42969574166
3.57755192223	5.29103989536	0.480803569528	-0.0	-0.0	0.00361248325333	0.384106589623	0.00019984393162	9.48643397292	7.53258268475
3.58152894388	5.29257927427	0.465367287034	-0.0	-0.0	0.00433858268	0.383659227575	0.000211785329545	10.3504456648	8.59831318169
3.60008837826	5.29668184776	0.453832286585	-0.0	-0.0	0.00503626472	0.383229067448	0.000222327940678	11.2033508591	9.62261700616
3.61599646487	5.30230295167	0.444351888162	-0.0	-0.0	0.00572674384	0.382803052938	0.000232848303862	12.0713379672	10.6539991601
3.62704374724	5.30669686186	0.436676020513	-0.0	-0.0	0.00641326198667	0.382379190555	0.00024355897217	12.956789525	11.6884655048
3.63809102961	5.30945466279	0.430284979121	-0.0	-0.0	0.00707321445333	0.381971455651	0.000253832436067	13.831845156	12.7061225249
3.65620857269	5.31394601542	0.42482440119	-0.0	-0.0	0.00772982676	0.381565517368	0.00026357888763	14.72494309	13.7368152511
3.66681396376	5.31197950032	0.420271378509	-0.0	-0.0	0.00836371930667	0.38117337196	0.000273425072951	15.6066720083	14.747227819
3.6809544852	5.31948881789	0.416334555673	-0.0	-0.0	0.00898968749333	0.380785884913	0.000282848508649	16.4961689368	15.7610182535
3.69686257181	5.33088938476	0.412895585976	-0.0	-0.0	0.00960245564	0.380406333951	0.000291859266016	17.3845871308	16.7706493446
3.71011931065	5.3378937321	0.409899603585	-0.0	-0.0	0.01020852716	0.380030702058	0.000300948568199	18.2811545428	17.7839123682
3.72205037561	5.33766645529	0.407085859186	-0.0	-0.0	0.0108068733867	0.379659634765	0.000309979921835	19.1843911611	18.8097356283
3.73619089704	5.34503478811	0.404521573028	-0.0	-0.0	0.0114085767867	0.379286262361	0.00031888172339	20.1093716775	19.8580620479
3.75475033142	5.35266309486	0.401722964905	-0.0	-0.0	0.0121410528933	0.378831441431	0.000329546939757	21.2579750661	21.1564285091
3.77817057004	5.35642633229	0.399650102176	-0.0	-0.0	0.0127213886267	0.378470846068	0.000337244737451	22.1866761626	22.208248632
3.78612461335	5.35846105724	0.397792080856	-0.0	-0.0	0.0132863232	0.378119623561	0.000346025469038	23.105528481	23.2475857005
3.80380026513	5.36420330527	0.396177602026	-0.0	-0.0	0.0138520024667	0.377767739208	0.00035389047677	24.0387294038	24.2950558015
3.82191780822	5.3736400373	0.394634329342	-0.0	-0.0	0.01442276032	0.377412493889	0.000361763494316	24.9945822681	25.3693518591
3.83296509059	5.37600743955	0.392996956548	-0.0	-0.0	0.0150851648267	0.376999960215	0.000371792357267	26.1222705535	26.6344094651
3.84401237296	5.3771251932	0.391784572013	-0.0	-0.0	0.0156255701333	0.376663188982	0.000379755415623	27.0562018735	27.6793296027
3.85373398144	5.3885625966	0.390663602766	-0.0	-0.0	0.0161585611733	0.376330867492	0.000387697725866	27.9892766078	28.7227718463
3.86875828546	5.39549938348	0.389572082585	-0.0	-0.0	0.01669558644	0.375995851462	0.000395158685385	28.9427273744	29.7909227504
3.8736190897	5.39926062847	0.389156746874	-0.0	-0.0	0.0169151308667	0.375858845608	0.000398326691667	29.3358678842	30.2302440509
3.87185152452	5.39981504316	0.389418763115	-0.0	-0.0	0.0169067821467	0.375864050548	0.000398340737839	29.3178446496	30.1898159641
3.87096774194	5.39962997225	0.389594814402	-0.0	-0.0	0.0168967420667	0.375870308384	0.000398246775481	29.2978877526	30.154597894
3.8656650464	5.39648256711	0.389891378103	-0.0	-0.0	0.01688252576	0.375879189647	0.000398524454118	29.2690749885	30.1002719739
3.86389748122	5.39463128664	0.390130181794	-0.0	-0.0	0.0168722147467	0.375885620504	0.000398512562394	29.2481266238	30.0588891913
3.86433937251	5.39493983338	0.390483573389	-0.0	-0.0	0.0168547711067	0.375896509878	0.000398141291016	29.2129813475	29.9934651245
3.8656650464	5.39586547362	0.39085206517	-0.0	-0.0	0.01683766904	0.375907185031	0.000397684040255	29.1783538691	29.9274167328
3.86345558992	5.39444444444	0.391374964878	-0.0	-0.0	0.0168131410133	0.375922492062	0.000397451148801	29.1287904085	29.8334232797
3.86036235086	5.39166666667	0.393204020054	-0.0	-0.0	0.01672814476	0.375975532153	0.00039617321415	28.9572958552	29.5081028307
3.83915156871	5.38499690019	0.401176016386	-0.0	-0.0	0.01636665716	0.376201070944	0.000391531330001	28.2326655082	28.1405578715
3.83296509059	5.38447204969	0.409117678091	-0.0	-0.0	0.01601647492	0.376419476007	0.000385559746571	27.5389531888	26.8484724177
3.81882456916	5.37678904792	0.416470057479	-0.0	-0.0	0.0157008088667	0.376616288145	0.000381036560065	26.9205566707	25.7110705776
3.81175430844	5.37184677671	0.424018782845	-0.0	-0.0	0.0153861453067	0.376812413425	0.000375819759002	26.310814086	24.6010173217
3.80114891737	5.37059007181	0.432062077607	-0.0	-0.0	0.0150615938533	0.377014635304	0.000370751077864	25.6885179583	23.4793645227
3.79319487406	5.36238675414	0.440614560099	-0.0	-0.0	0.0147288175867	0.377221917296	0.000365262013955	25.057870127	22.3529514084
3.78303137428	5.35	0.449802109095	-0.0	-0.0	0.01438135024	0.377438274754	0.000359712480691	24.4077671405	21.20826308
3.77154220062	5.33979974969	0.45988377402	-0.0	-0.0	0.0140122525067	0.377668018474	0.000353875190947	23.7265140622	20.0259795683
3.75342465753	5.33385678392	0.470858355489	-0.0	-0.0	0.0136243910667	0.377909348395	0.000348288973971	23.020773599	18.8203303776
3.74105170128	5.32693517936	0.482911063875	-0.0	-0.0	0.0132094509467	0.378167423531	0.000341611526886	22.2753537098	17.5778959689
3.72470172338	5.32627252608	0.495899891647	-0.0	-0.0	0.01277572772	0.37843707182	0.000334997116768	21.5123330158	16.3335233217
3.70835174547	5.31832593532	0.510106507812	-0.0	-0.0	0.01231776044	0.378721662132	0.00032790575726	20.7208137957	15.074140825
3.68404772426	5.30521960535	0.525858282312	-0.0	-0.0	0.01182521716	0.379027593254	0.000320849696821	19.8861692727	13.7867909531
3.66813963765	5.29186602871	0.542993697629	-0.0	-0.0	0.0113024593733	0.379352126581	0.000312444165117	19.0187424231	12.5001021151
3.64074237738	5.27368758003	0.557687318585	-0.0	-0.0	0.0108728496533	0.379618705674	0.000306760717834	18.321699744	11.4928864128
3.64206805126	5.27432778489	0.557091300898	-0.0	-0.0	0.0108816798667	0.37961323188	0.000306817312147	18.336161363	11.5239507254
3.64250994255	5.27528809219	0.556893124079	-0.0	-0.0	0.0108864721867	0.379610254451	0.000306866055251	18.3436686359	11.5359900406
3.64427750773	5.27720870679	0.556385877232	-0.0	-0.0	0.0108968437467	0.379603820008	0.000306905570304	18.3600007846	11.5650291493
3.64471939903	5.27752880922	0.555663529941	-0.0	-0.0	0.0109103873067	0.379595417579	0.000307118461606	18.3816904781	11.605481144
3.64516129032	5.27848911652	0.554734667783	-0.0	-0.0	0.0109278105333	0.379584608035	0.000307404226681	18.4096585182	11.6576940625
3.64648696421	5.27944942382	0.552772141627	-0.0	-0.0	0.0109653968133	0.37956128849	0.000307987447804	18.4699296258	11.7693089666
3.65885992046	5.29219948849	0.535082125837	-0.0	-0.0	0.01131748792	0.379342801568	0.000313462677434	19.0403502735	12.8282562584
3.68007070261	5.30877192982	0.517521214539	-0.0	-0.0	0.0117002902933	0.379105164545	0.000318729512617	19.6710633823	13.9911639686
3.68714096332	5.31718202104	0.502111803093	-0.0	-0.0	0.01206754608	0.378877096907	0.00032492664534	20.2863583901	15.1185801367
3.69686257181	5.32727852135	0.488202745267	-0.0	-0.0	0.0124285490533	0.378652827753	0.0003307464327	20.9000452288	16.2364238864
3.71056120194	5.32994601461	0.475368683973	-0.0	-0.0	0.01279275704	0.378426486936	0.00033623647889	21.5273930804	17.3687315596
3.72646928856	5.34326465927	0.463419385838	-0.0	-0.0	0.0131643214933	0.378195493598	0.000341642039675	22.1758961116	18.5264425806
3.73309765798	5.35171102662	0.452483651579	-0.0	-0.0	0.0135363507067	0.377964120336	0.000347883703248	22.8335021865	19.6880792412
3.74414494034	5.35429835651	0.442974533871	-0.0	-0.0	0.01388941736	0.377744458019	0.000353344956808	23.4650286198	20.7915771347
3.75475033142	5.36556082148	0.434266068597	-0.0	-0.0	0.0142436939733	0.377523968378	0.000358839777591	24.1053398015	21.8950614479
3.7649138312	5.37287066246	0.426427995203	-0.0	-0.0	0.0145923324	0.377306911479	0.000364245571374	24.7419752939	22.977453907
3.77507733098	5.38505203406	0.419107525029	-0.0	-0.0	0.0149523432267	0.377082694868	0.000369844731943	25.4058981375	24.085476366
3.78347326558	5.38853904282	0.412533357969	-0.0	-0.0	0.01531051036	0.376859553155	0.000375547157639	26.0721871673	25.1769539904
3.7896597437	5.39458779106	0.406892294403	-0.0	-0.0	0.0156541339733	0.376645383834	0.000381173441196	26.7156726359	26.2080812656
3.79319487406	5.39559748428	0.401774030639	-0.0	-0.0	0.0160203404533	0.376417073948	0.000387417798058	27.4029647022	27.2681923055
3.79407865665	5.40012582573	0.397837389875	-0.0	-0.0	0.0163805580933	0.376192399497	0.000393741741917	28.0761957039	28.2452626914
3.79938135219	5.40226272784	0.394972708365	-0.0	-0.0	0.0167494498533	0.375962241077	0.000399641023205	28.7579727786	29.1618250823
3.81087052585	5.40884844682	0.393016845056	-0.0	-0.0	0.0171536889067	0.37570993019	0.000405386312783	29.49925632	30.0759472266
3.81307998232	5.4082784572	0.392784908143	-0.0	-0.0	0.0172135081733	0.375672593082	0.000406174303179	29.6087280333	30.2069395694
3.81219619973	5.40978977094	0.392944001215	-0.0	-0.0	0.0172105263333	0.375674442843	0.000406203986762	29.6018571723	30.1866381551
3.81042863456	5.40809284818	0.393112704872	-0.0	-0.0	0.0172006025333	0.375680639738	0.000406208711865	29.5819780726	30.1522863113
3.81175430844	5.41010354565	0.393341829558	-0.0	-0.0	0.01718904456	0.375687855563	0.000405854742448	29.558986742	30.1097523205
3.81131241715	5.41010354565	0.393476312228	-0.0	-0.0	0.0171828699867	0.375691709111	0.000405786897909	29.5465407947	30.0858735231
3.80866106938	5.40790712269	0.393786119817	-0.0	-0.0	0.01716859528	0.375700621565	0.000405801635427	29.5177046276	30.0307453758
3.80777728679	5.40834902699	0.394180039109	-0.0	-0.0	0.0171501267867	0.375712148916	0.000405551628114	29.4806095857	29.9603116236
3.80600972161	5.40722135008	0.396061946093	-0.0	-0.0	0.01706294408	0.375766567363	0.000404113876077	29.3055506271	29.6275340532
3.79584622183	5.40327146902	0.403127987539	-0.0	-0.0	0.01674356016	0.375965914944	0.000399233350926	28.6681861924	28.4199552373
3.79363676536	5.40025173065	0.410890840584	-0.0	-0.0	0.0164037507733	0.376177931559	0.0003931290138	27.9971084972	27.1602572746
3.78568272205	5.39200251889	0.418309077839	-0.0	-0.0	0.0160906825333	0.376373195976	0.000388116326096	27.3856448986	26.0206199951
3.77993813522	5.38539042821	0.425870674856	-0.0	-0.0	0.0157808553067	0.376566386501	0.000382940764778	26.7874186413	24.9161837683
3.7733097658	5.38039710054	0.433613291003	-0.0	-0.0	0.0154743623067	0.376757435261	0.000377903173931	26.2019538742	23.8435526257
3.7649138312	5.37031200756	0.441965891101	-0.0	-0.0	0.0151550994533	0.3769563817	0.000372816713311	25.5990289679	22.7478480703
3.75298276624	5.36311967161	0.450624306256	-0.0	-0.0	0.0148316887067	0.377157846379	0.000367989713512	24.9953642093	21.6676222076
3.74414494034	5.35524652339	0.459942454424	-0.0	-0.0	0.0144959934	0.377366898219	0.000362620400384	24.3764937731	20.5710915319
3.73619089704	5.34323640961	0.469523086305	-0.0	-0.0	0.0141610572533	0.37757540563	0.000357176275174	23.7671561084	19.5063858682
3.71939902784	5.33238276299	0.480359706943	-0.0	-0.0	0.0137938848667	0.377803900803	0.000351977829481	23.1085402998	18.3730449677
3.70702607159	5.32814485388	0.49207033247	-0.0	-0.0	0.0134071160933	0.378044500294	0.000345993760157	22.4247960878	17.2218927154
3.69111798498	5.32313575526	0.505126148968	-0.0	-0.0	0.0129895113467	0.378304177638	0.000339751386004	21.6979056906	16.0244455277
3.68316394167	5.31610845295	0.51843534261	-0.0	-0.0	0.0125746587867	0.378562036251	0.000332821765347	20.9871914922	14.8856131425
3.67167476801	5.30808565037	0.533720613024	-0.0	-0.0	0.0121117381733	0.378849646119	0.000325307139414	20.207460994	13.6724407048
3.6557666814	5.2910137512	0.550881218414	-0.0	-0.0	0.0115982158533	0.379168538803	0.00031721454782	19.3587751437	12.4101411556
3.64030048608	5.2704	0.569092594475	-0.0	-0.0	0.0110636225333	0.379500342458	0.00030866938304	18.4940218659	11.1812732889
3.61511268228	5.25674807198	0.592180585756	-0.0	-0.0	0.0104102220533	0.379905640244	0.000298759711907	17.4655718817	9.78244722591
3.59125055236	5.23285024155	0.620867903686	-0.0	-0.0	0.00965482125333	0.380373887699	0.000286860693418	16.3132934691	8.27692513594
3.56208572691	5.21417017147	0.649725071357	-0.0	-0.0	0.00892951114667	0.380823145835	0.000275875906088	15.2432909419	6.9660253307
