# C		CN		K0		e_x		e_y		e_z		n		overlap		p		q
3.46928855502	5.27318548387	0.73700818222	-0.0	-0.0	1.87240000048e-07	0.386494844278	0.000140384856862	5.58798186648	1.78203369619
3.49359257623	5.28361204013	0.654725131652	-0.0	-0.0	0.000531443826667	0.386168829032	0.000148922782734	6.12381553226	2.74662715446
3.53026955369	5.27636363636	0.574859904212	-0.0	-0.0	0.00134984762667	0.385666261645	0.000161726684428	6.98783384086	4.14585426921
3.54485196642	5.28693931398	0.52944583913	-0.0	-0.0	0.00212068413333	0.38519252821	0.000174313614832	7.8353648314	5.3722547363
3.55987627044	5.29017417023	0.50018888194	-0.0	-0.0	0.00286652962667	0.384733805782	0.00018623973284	8.68473407608	6.50986037787
3.56827220504	5.28791352768	0.479446820246	-0.0	-0.0	0.00361248325333	0.384274674509	0.00019838771749	9.56258582881	7.62343757256
3.58771542201	5.2942903752	0.464111291606	-0.0	-0.0	0.00433858268	0.383827434352	0.000209494732343	10.4445173004	8.70817342561
3.60273972603	5.29597141001	0.452610646607	-0.0	-0.0	0.00503626472	0.383397393564	0.000220265473774	11.3159190723	9.75353411084
3.61997348652	5.30953926022	0.443543098662	-0.0	-0.0	0.00572674384	0.382971493574	0.000230703711388	12.2012816314	10.7936045189
3.62792752983	5.30659767141	0.435803607084	-0.0	-0.0	0.00641326198667	0.38254775067	0.000241681680499	13.1085528722	11.854728157
3.6385329209	5.30635278942	0.429529765128	-0.0	-0.0	0.00707321445333	0.38214012324	0.000252016834468	14.0038326221	12.8916307762
3.64913831198	5.31006754583	0.424167218653	-0.0	-0.0	0.00772982676	0.38173429562	0.000262262734043	14.9162964132	13.9411336136
3.66681396376	5.31847338037	0.419684081997	-0.0	-0.0	0.00836371930667	0.381342257357	0.000271591741093	15.8175101678	14.9711511483
3.6805125939	5.31927133269	0.415702424845	-0.0	-0.0	0.00898968749333	0.38095487606	0.000281053115666	16.7273164492	16.0102182351
3.69111798498	5.32100733185	0.412216775071	-0.0	-0.0	0.00960245564	0.380575428879	0.000290490033687	17.6359745813	17.045504365
3.70260715864	5.32908975175	0.409133552194	-0.0	-0.0	0.01020852716	0.380199899303	0.000299707035117	18.5518611229	18.0859109018
3.71630578878	5.33661479835	0.406462076566	-0.0	-0.0	0.0108068733867	0.379828933279	0.000308583604857	19.4726756616	19.1256288179
3.72956252762	5.34293856871	0.40385198796	-0.0	-0.0	0.0114085767867	0.379455661952	0.000317544670711	20.4169968807	20.1994667231
3.73619089704	5.35148828372	0.401060834121	-0.0	-0.0	0.0121410528933	0.379000965467	0.000329230838844	21.588995312	21.525452591
3.75386654883	5.35468602083	0.399057172599	-0.0	-0.0	0.0127213886267	0.378640469017	0.000337378745834	22.5354712226	22.594552726
3.76579761379	5.35113065327	0.397250308718	-0.0	-0.0	0.0132863232	0.378289342363	0.000345769080425	23.4721710541	23.6520016529
3.77684489616	5.3615819209	0.395631122902	-0.0	-0.0	0.0138520024667	0.377937554044	0.000354234279397	24.4247941891	24.7226537689
3.78700839593	5.36779448622	0.394011089182	-0.0	-0.0	0.01442276032	0.377582405676	0.000362867493705	25.4020060106	25.8274211716
3.80424215643	5.36607421266	0.392326113627	-0.0	-0.0	0.0150851648267	0.377169976874	0.000372286682653	26.5525012022	27.1233711848
3.81219619973	5.37511693171	0.39106870226	-0.0	-0.0	0.0156255701333	0.376833305263	0.000380555191468	27.5059350957	28.1951740268
3.82722050376	5.37985700964	0.38993112571	-0.0	-0.0	0.0161585611733	0.376501080009	0.000387954429732	28.4579731343	29.2629223763
3.83119752541	5.38241689966	0.388853645411	-0.0	-0.0	0.01669558644	0.376166149868	0.000396524040563	29.4299230377	30.3525618754
3.83119752541	5.38210624418	0.388445392298	-0.0	-0.0	0.0169151308667	0.376029175587	0.000400191276868	29.8305625544	30.8004602285
3.82942996023	5.38117427773	0.388703365899	-0.0	-0.0	0.0169067821467	0.376034380225	0.000400208529178	29.812196072	30.7595804403
3.82854617764	5.38117427773	0.388876976597	-0.0	-0.0	0.0168967420667	0.376040649557	0.000400114450123	29.7917290088	30.7237311522
3.82722050376	5.38055296676	0.389183375425	-0.0	-0.0	0.01688252576	0.376049509495	0.000399986884091	29.7624572739	30.6675836394
3.82766239505	5.38086362224	0.38940569089	-0.0	-0.0	0.0168722147467	0.376055953419	0.000399745467745	29.7410223668	30.6266856457
3.83031374282	5.38272755514	0.389764775292	-0.0	-0.0	0.0168547711067	0.37606683718	0.000399142100581	29.70511715	30.5593837985
3.82898806894	5.38148493321	0.390129708826	-0.0	-0.0	0.01683766904	0.376077501582	0.000398959116085	29.6698603257	30.4923532658
3.82942996023	5.38210624418	0.390652964224	-0.0	-0.0	0.0168131410133	0.376092811035	0.000398451776768	29.6192565139	30.3963612377
3.82766239505	5.3812927284	0.392454621151	-0.0	-0.0	0.01672814476	0.376145838555	0.000397036370118	29.4443054921	30.0666576953
3.81970835175	5.38001867414	0.400330721451	-0.0	-0.0	0.01636665716	0.376371304698	0.000391046853185	28.7050262881	28.6786655084
3.81175430844	5.37574056751	0.408200594749	-0.0	-0.0	0.01601647492	0.376589649445	0.000385248483186	27.9968822208	27.3648877951
3.79938135219	5.37261644264	0.415490150577	-0.0	-0.0	0.0157008088667	0.376786410522	0.00038053851368	27.3654040377	26.2078431703
3.78524083076	5.37021943574	0.422994948421	-0.0	-0.0	0.0153861453067	0.376982488981	0.000376026595235	26.7429327826	25.0772888887
3.77861246133	5.36292346299	0.430973955329	-0.0	-0.0	0.0150615938533	0.377184657411	0.000370554283872	26.1078436042	23.9362920347
3.7728678745	5.35655994978	0.439431949443	-0.0	-0.0	0.0147288175867	0.377391881094	0.000364857020879	25.4649657185	22.7927837649
3.75916924437	5.34569453174	0.448571581724	-0.0	-0.0	0.01438135024	0.377608179504	0.00035963149491	24.8015963899	21.6266837393
3.75121520106	5.3435138539	0.458557847323	-0.0	-0.0	0.0140122525067	0.377837860524	0.000353443217117	24.1059626506	20.4244078951
3.73795846222	5.33533123028	0.469419046083	-0.0	-0.0	0.0136243910667	0.378079126436	0.000347409941924	23.3863329841	19.1996581563
3.71630578878	5.32520582647	0.481503522994	-0.0	-0.0	0.0132094509467	0.378337129198	0.000341624504925	22.6275237395	17.930080332
3.70260715864	5.31335236283	0.494507383919	-0.0	-0.0	0.01277572772	0.378606703986	0.000334766343375	21.8490327458	16.6582846444
3.68802474591	5.30114358323	0.508710607374	-0.0	-0.0	0.01231776044	0.37889121663	0.000327537080591	21.0420420281	15.372692582
3.66902342024	5.29346092504	0.524315472115	-0.0	-0.0	0.01182521716	0.37919706426	0.000320041748089	20.1905206958	14.0644926778
3.65444100751	5.28137975088	0.541468587334	-0.0	-0.0	0.0113024593733	0.379521509018	0.000311593596029	19.3065799814	12.7502742285
3.64516129032	5.27648	0.556127723036	-0.0	-0.0	0.0108728496533	0.379788015358	0.000304402841609	18.5951400213	11.7228252251
3.64516129032	5.27648	0.555600525069	-0.0	-0.0	0.0108816798667	0.379782543422	0.000304567208329	18.6097274626	11.7518221855
3.64471939903	5.27712	0.555382412249	-0.0	-0.0	0.0108864721867	0.379779566442	0.000304691855215	18.6174812265	11.7649197535
3.64516129032	5.2768	0.554857236293	-0.0	-0.0	0.0108968437467	0.379773135833	0.000304844994658	18.634290752	11.7953208259
3.64471939903	5.27616	0.554140795412	-0.0	-0.0	0.0109103873067	0.379764733618	0.000305132735086	18.6564633539	11.8364016661
3.6469288555	5.27808	0.553212945272	-0.0	-0.0	0.0109278105333	0.379753927025	0.000305270857128	18.6850203361	11.8896542826
3.6473707468	5.2773512476	0.55124656032	-0.0	-0.0	0.0109653968133	0.379730613844	0.000305927025367	18.7465998374	12.0037507996
3.65797613787	5.28288633461	0.533657850658	-0.0	-0.0	0.01131748792	0.379512184058	0.000311530694746	19.3287791642	13.0804759242
3.66681396376	5.29300989467	0.51618195894	-0.0	-0.0	0.0117002902933	0.379274614381	0.000317837438512	19.9723273221	14.2636447076
3.67830313743	5.30146590185	0.500911940969	-0.0	-0.0	0.01206754608	0.379046607526	0.000323618400346	20.5997870347	15.4076107599
3.68139637649	5.30857507172	0.487144272464	-0.0	-0.0	0.0124285490533	0.378822404177	0.000330011601676	21.2255647226	16.5411268776
3.69907202828	5.32019077901	0.474387083182	-0.0	-0.0	0.01279275704	0.378596121991	0.000335149679754	21.8658749035	17.6926395349
3.7140963323	5.3326984127	0.462478294347	-0.0	-0.0	0.0131643214933	0.378365193433	0.000340626286837	22.5278076224	18.8718836294
3.72912063632	5.34135528816	0.451574908241	-0.0	-0.0	0.0135363507067	0.378133878163	0.000346092233519	23.1991163079	20.0556635842
3.73663278833	5.34503478811	0.442085008494	-0.0	-0.0	0.01388941736	0.377914279209	0.000351884484559	23.8440851937	21.1811659272
3.74149359258	5.34818325434	0.433429801204	-0.0	-0.0	0.0142436939733	0.377693855786	0.000357920582825	24.497942961	22.3045231611
3.75695978789	5.35856196783	0.42564370723	-0.0	-0.0	0.0145923324	0.377476861119	0.000362822407905	25.1480350474	23.4063042845
3.76579761379	5.36460957179	0.418348188792	-0.0	-0.0	0.0149523432267	0.377252696949	0.000368555935722	25.8258774886	24.535903594
3.77772867875	5.37252436341	0.411801260375	-0.0	-0.0	0.01531051036	0.377029609095	0.000373913742462	26.5062251283	25.6485632729
3.78568272205	5.37570621469	0.406273532865	-0.0	-0.0	0.0156541339733	0.376815508585	0.000379371914858	27.1630515387	26.6929718929
3.78612461335	5.37296110414	0.40113845505	-0.0	-0.0	0.0160203404533	0.376587248983	0.000385944841385	27.8657610322	27.7777503714
3.79496243924	5.38193791157	0.397163313656	-0.0	-0.0	0.0163805580933	0.376362644262	0.000391466066929	28.5540210478	28.7797291222
3.79982324348	5.38090766823	0.394321693424	-0.0	-0.0	0.0167494498533	0.376132547142	0.000397423037319	29.2518883455	29.7162100521
3.81087052585	5.38742964353	0.392251845399	-0.0	-0.0	0.0171536889067	0.375880304574	0.000403240171254	30.0115484621	30.6630856893
3.8152894388	5.38925335833	0.392012853796	-0.0	-0.0	0.0172135081733	0.375842969075	0.000403797448867	30.1236877625	30.7980118412
3.81263809103	5.38918412004	0.392169508495	-0.0	-0.0	0.0172105263333	0.375844830208	0.000404014393851	30.1166787256	30.7775071743
3.8068935042	5.38492808005	0.392335748157	-0.0	-0.0	0.0172006025333	0.375851014122	0.000404439952648	30.0964521122	30.7426965024
3.8068935042	5.38629965593	0.392564671565	-0.0	-0.0	0.01718904456	0.375858238024	0.000404224599464	30.072815712	30.699104397
3.80380026513	5.3851689612	0.392732009266	-0.0	-0.0	0.0171828699867	0.375862085162	0.000404435981164	30.0599543445	30.6717714053
3.80291648255	5.38560250391	0.392998880671	-0.0	-0.0	0.01716859528	0.375870994269	0.000404264665343	30.0308010405	30.6194054223
3.80600972161	5.38716744914	0.393392288101	-0.0	-0.0	0.0171501267867	0.375882527759	0.000403590689612	29.992829688	30.5474124291
3.80026513478	5.38427810836	0.39526809395	-0.0	-0.0	0.01706294408	0.375936935057	0.000402567951099	29.8139467076	30.2078979602
3.79452054795	5.38444653496	0.402265224288	-0.0	-0.0	0.01674356016	0.376136221519	0.000397197270931	29.1628435117	28.9798031494
3.78612461335	5.38202953189	0.40997323818	-0.0	-0.0	0.0164037507733	0.376348180272	0.000391714108421	28.4773135853	27.6970405532
3.7812638091	5.37774984287	0.417300193485	-0.0	-0.0	0.0160906825333	0.376543395291	0.000386353564753	27.8526197401	26.5393754118
3.77242598321	5.37204910293	0.424783582081	-0.0	-0.0	0.0157808553067	0.376736529201	0.000381458902352	27.2411730126	25.4160599255
3.76358815731	5.3665300977	0.432426760174	-0.0	-0.0	0.0154743623067	0.376927525821	0.000376634157109	26.6432916894	24.3268748222
3.74900574459	5.36251580278	0.440705041355	-0.0	-0.0	0.0151550994533	0.377126417965	0.000372150242775	26.027734438	23.2121334789
3.74193548387	5.3582278481	0.449329302217	-0.0	-0.0	0.0148316887067	0.377327829405	0.000366843887913	25.4118322887	22.1106912833
3.73265576668	5.34567901235	0.458581218906	-0.0	-0.0	0.0144959934	0.377536822449	0.000361529225261	24.780890398	20.9948398879
3.72028281043	5.33597464342	0.468194876828	-0.0	-0.0	0.0141610572533	0.377745265594	0.000356523272735	24.1593532011	19.9051886853
3.71365444101	5.32931472081	0.478923906811	-0.0	-0.0	0.0137938848667	0.37797370577	0.000350369459242	23.4872670536	18.7532247463
3.69465311533	5.32187201528	0.490566814904	-0.0	-0.0	0.0134071160933	0.378214239598	0.000345028445385	22.7896613318	17.5805552712
3.67476800707	5.30938697318	0.503513525856	-0.0	-0.0	0.0129895113467	0.378473841213	0.000339164335487	22.0478664427	16.3622121533
3.66813963765	5.30118173108	0.51671305298	-0.0	-0.0	0.0125746587867	0.378731633109	0.000332130068332	21.3229060987	15.2035259504
3.66062748564	5.29137380192	0.531791936248	-0.0	-0.0	0.0121117381733	0.379019165689	0.000324270926551	20.5270247027	13.9721752318
3.65355722492	5.28178913738	0.548822574373	-0.0	-0.0	0.0115982158533	0.379337971344	0.00031541378323	19.6601608979	12.6859694834
3.63985859479	5.26935380678	0.567224823433	-0.0	-0.0	0.0110636225333	0.379669684445	0.000306741963115	18.7763397848	11.421118007
3.62350861688	5.25416666667	0.590480520732	-0.0	-0.0	0.0104102220533	0.380074870645	0.000296062780556	17.7237414021	9.9839711187
3.58462218294	5.23290322581	0.618869407305	-0.0	-0.0	0.00965482125333	0.380542991285	0.000285391008673	16.5464263189	8.45453798548
3.56252761821	5.21546425105	0.647370130925	-0.0	-0.0	0.00892951114667	0.380992126813	0.000273891756835	15.4539635491	7.12437381292
