# C		CN		K0		e_x		e_y		e_z		n		overlap		p		q
3.45603181617	5.25411764706	0.736211262915	-0.0	-0.0	1.87240000048e-07	0.387057476531	0.000130246454235	5.58441937185	1.78744561424
3.47414935926	5.25769745649	0.652098737287	-0.0	-0.0	0.000531443826667	0.386731760266	0.000139037813393	6.16028265296	2.79034692636
3.4958020327	5.26264980027	0.576029373442	-0.0	-0.0	0.00134984762667	0.386229653774	0.000152333288811	7.08430474035	4.18697276341
3.51347768449	5.27140013271	0.535522201496	-0.0	-0.0	0.00212068413333	0.38575635479	0.000164581227498	7.9870970999	5.37385283295
3.5298276624	5.27603305785	0.509546055045	-0.0	-0.0	0.00286652962667	0.385298054428	0.000176334148297	8.89329120672	6.48075895226
3.55103844454	5.28482054659	0.490774377375	-0.0	-0.0	0.00361248325333	0.384839342831	0.000187686671321	9.83235233768	7.58026124115
3.5545735749	5.28393033191	0.477004190362	-0.0	-0.0	0.00433858268	0.384392512829	0.000199584059821	10.7779523482	8.65424729526
3.56959787892	5.28519973805	0.466649637611	-0.0	-0.0	0.00503626472	0.38396286468	0.000210280151552	11.7150793319	9.69571843405
3.58992487848	5.29354207436	0.458231333067	-0.0	-0.0	0.00572674384	0.383537357016	0.000220463454594	12.6691011107	10.7443606515
3.59611135661	5.28803641092	0.451436915508	-0.0	-0.0	0.00641326198667	0.38311399892	0.00023139073033	13.6435763137	11.7995668196
3.6133451171	5.30207657365	0.445988282269	-0.0	-0.0	0.00707321445333	0.382706749114	0.00024112610531	14.6033816281	12.8285593365
3.62527618206	5.30569948187	0.441410981648	-0.0	-0.0	0.00772982676	0.382301293669	0.000251085217514	15.5798746509	13.8665477516
3.64118426867	5.31	0.437685561457	-0.0	-0.0	0.00836371930667	0.381909614935	0.000260306146027	16.5412290601	14.8792500077
3.64869642068	5.31561996779	0.434465505738	-0.0	-0.0	0.00898968749333	0.381522588897	0.000270000348172	17.5111799098	15.8965358487
3.66593018118	5.32594733462	0.431595122084	-0.0	-0.0	0.00960245564	0.381143489502	0.000278744697873	18.4810377155	16.914073084
3.68139637649	5.32832	0.428973091701	-0.0	-0.0	0.01020852716	0.380768304513	0.000287488053228	19.4602773952	17.9429449597
3.69332744145	5.33887468031	0.426631995226	-0.0	-0.0	0.0108068733867	0.380397678695	0.000296317467863	20.4450432862	18.9760342891
3.70702607159	5.34246575342	0.424490027897	-0.0	-0.0	0.0114085767867	0.380024749686	0.000305055849717	21.4542351794	20.0334118005
3.71851524525	5.34275730623	0.422124304544	-0.0	-0.0	0.0121410528933	0.379570466273	0.000316120993769	22.7091069484	21.3469717255
3.73707467963	5.35286664555	0.420340953501	-0.0	-0.0	0.0127213886267	0.379210304347	0.000324083493439	23.7244202125	22.4135545856
3.75077330977	5.35542929293	0.418774772999	-0.0	-0.0	0.0132863232	0.378859499704	0.000332189354798	24.7297592214	23.4664038558
3.7565178966	5.3688369153	0.417427600876	-0.0	-0.0	0.0138520024667	0.378508034002	0.00034099631094	25.7517481563	24.5287873791
3.76358815731	5.36707663198	0.416048639347	-0.0	-0.0	0.01442276032	0.3781532163	0.000349752910802	26.8000160984	25.6262143635
3.79319487406	5.3713212273	0.41466070538	-0.0	-0.0	0.0150851648267	0.37774116076	0.000357882669517	28.0356002848	26.9121736592
3.80247459125	5.37973099781	0.413605576076	-0.0	-0.0	0.0156255701333	0.377404801817	0.00036584933525	29.0587309777	27.9768615547
3.81042863456	5.38276615673	0.412637896071	-0.0	-0.0	0.0161585611733	0.377072880732	0.000373866588141	30.0825251487	29.0410939632
3.81573133009	5.38291237917	0.411784355171	-0.0	-0.0	0.01669558644	0.376738254342	0.000382199875148	31.1275613022	30.1217910346
3.82280159081	5.38511830635	0.4113644123	-0.0	-0.0	0.0169151308667	0.376601410653	0.000385120972632	31.5599167313	30.5760624655
3.82103402563	5.38430395515	0.41164861854	-0.0	-0.0	0.0169067821467	0.376606610237	0.000385130487563	31.5396466513	30.5321496145
3.81926646045	5.38591022444	0.411842380173	-0.0	-0.0	0.0168967420667	0.376612859892	0.000385122421502	31.5172976788	30.4939853465
3.81705700398	5.3872074883	0.412183171846	-0.0	-0.0	0.01688252576	0.376621726211	0.000385076888937	31.4850204673	30.4337310257
3.8152894388	5.38627145086	0.412428833339	-0.0	-0.0	0.0168722147467	0.376628158953	0.000385060364394	31.4616407876	30.3902380775
3.81617322139	5.3879525593	0.412834444779	-0.0	-0.0	0.0168547711067	0.376639032732	0.000384642486552	31.4221501579	30.3176622265
3.81307998232	5.38483146067	0.413244582739	-0.0	-0.0	0.01683766904	0.376649693402	0.000384632464299	31.3834689531	30.2456003059
3.81219619973	5.38401498595	0.413831913709	-0.0	-0.0	0.0168131410133	0.376664975414	0.000384258547203	31.3279520706	30.1424891774
3.8064516129	5.38418255705	0.415867742366	-0.0	-0.0	0.01672814476	0.376717961657	0.000383233047793	31.1359532316	29.7873488935
3.80866106938	5.38692524241	0.424730798203	-0.0	-0.0	0.01636665716	0.376943229666	0.000376205986017	30.325201396	28.297675013
3.79628811312	5.37883531622	0.43366554852	-0.0	-0.0	0.01601647492	0.377161374884	0.000370824450538	29.5492055589	26.8855370348
3.78877596111	5.37460815047	0.441954296666	-0.0	-0.0	0.0157008088667	0.377357952867	0.000365593148306	28.857718458	25.6444381386
3.78214759169	5.37237048666	0.450444963919	-0.0	-0.0	0.0153861453067	0.377553844808	0.000360290538639	28.1759808713	24.4373731865
3.77021652673	5.36563876652	0.459418456243	-0.0	-0.0	0.0150615938533	0.377755827834	0.000355306481417	27.4813219252	23.2264065812
3.75475033142	5.3570977918	0.46884102723	-0.0	-0.0	0.0147288175867	0.377962861477	0.000350466711884	26.7773255318	22.0206664301
3.73486522316	5.34927169094	0.479024095626	-0.0	-0.0	0.01438135024	0.378178961525	0.000345772648617	26.0533570345	20.7959711671
3.72470172338	5.3444338725	0.490139641839	-0.0	-0.0	0.0140122525067	0.378408431909	0.000339782107253	25.2956775506	19.5385519439
3.71365444101	5.33058375635	0.50204231304	-0.0	-0.0	0.0136243910667	0.378649476561	0.000333545246624	24.5125206835	18.2719800486
3.69863013699	5.31639135959	0.514894427799	-0.0	-0.0	0.0132094509467	0.378907246339	0.000327128897662	23.6886140984	16.9842473987
3.68272205038	5.30605095541	0.528775390619	-0.0	-0.0	0.01277572772	0.379176570282	0.000320414100255	22.8425208903	15.6943265974
3.65797613787	5.28544061303	0.543802387941	-0.0	-0.0	0.01231776044	0.379460822005	0.000314000230187	21.9653975637	14.400084775
3.64560318162	5.27912932138	0.560509383593	-0.0	-0.0	0.01182521716	0.379766389149	0.000305861137862	21.0409701868	13.079529187
3.62306672559	5.2632423756	0.578617824667	-0.0	-0.0	0.0113024593733	0.380090536366	0.000298035388471	20.0844677031	11.7695579902
3.60406539991	5.25628626692	0.593932142478	-0.0	-0.0	0.0108728496533	0.380356798298	0.000291631620029	19.3153255995	10.7547798154
3.6053910738	5.25789813024	0.593329138079	-0.0	-0.0	0.0108816798667	0.380351326692	0.000291689419726	19.3310735044	10.7854771954
3.60760053027	5.25878182404	0.593102145544	-0.0	-0.0	0.0108864721867	0.380348357131	0.000291596701572	19.3392854726	10.7983235568
3.60804242156	5.25878182404	0.592421669761	-0.0	-0.0	0.0108968437467	0.380341930343	0.000291753853665	19.3577384678	10.8334468369
3.60715863897	5.2581372865	0.59165850287	-0.0	-0.0	0.0109103873067	0.38033353791	0.000292071584043	19.381362187	10.8745744632
3.60760053027	5.25878182404	0.590605174416	-0.0	-0.0	0.0109278105333	0.380322741227	0.000292355389556	19.4120814552	10.9304529559
3.60848431286	5.26071543667	0.588345113945	-0.0	-0.0	0.0109653968133	0.380299449426	0.000292974151647	19.4784359766	11.0512647685
3.62306672559	5.27357579659	0.568396874298	-0.0	-0.0	0.01131748792	0.380081219957	0.000298235552489	20.1054674123	12.1830886831
3.63411400795	5.28172181176	0.548622399383	-0.0	-0.0	0.0117002902933	0.379843868151	0.00030435207727	20.7993015339	13.4295321554
3.64560318162	5.2913057427	0.531356910957	-0.0	-0.0	0.01206754608	0.379616070395	0.000310154770467	21.4770387675	14.6385780973
3.66902342024	5.31454196028	0.515850339283	-0.0	-0.0	0.0124285490533	0.379392069522	0.000314810783967	22.154194891	15.8378830894
3.6805125939	5.32597568778	0.501600320062	-0.0	-0.0	0.01279275704	0.379165997991	0.000320522867121	22.8477523254	17.0536773274
3.69155987627	5.33994243684	0.488415299772	-0.0	-0.0	0.0131643214933	0.378935275283	0.000326385773626	23.5653590029	18.2954631379
3.70525850641	5.34875558392	0.476469955418	-0.0	-0.0	0.0135363507067	0.378704178077	0.000332001179412	24.2937564651	19.537485001
3.71365444101	5.35821371611	0.466234031541	-0.0	-0.0	0.01388941736	0.378484780512	0.000337698642458	24.9931258688	20.7100137214
3.72425983208	5.36870618228	0.457035894171	-0.0	-0.0	0.0142436939733	0.378264553196	0.0003431942034	25.7023021307	21.87289042
3.73884224481	5.3798918231	0.448845522191	-0.0	-0.0	0.0145923324	0.378047754538	0.000348218594608	26.4079326828	23.009304477
3.75254087494	5.38376149699	0.441213268155	-0.0	-0.0	0.0149523432267	0.377823805507	0.000353491613164	27.1435130935	24.1721544184
3.7644719399	5.38765822785	0.434540328524	-0.0	-0.0	0.01531051036	0.37760092171	0.000358854638703	27.8803070825	25.3041877418
3.77772867875	5.39255285579	0.428854474687	-0.0	-0.0	0.0156541339733	0.377387020014	0.000363796415639	28.5917770626	26.3712981555
3.78038002651	5.39463722397	0.423878740013	-0.0	-0.0	0.0160203404533	0.377158967276	0.000370086814554	29.3500193553	27.4535543454
3.7896597437	5.40025212732	0.420228009124	-0.0	-0.0	0.0163805580933	0.376934568536	0.00037550203388	30.0909837635	28.4373699632
3.79452054795	5.40012582573	0.417515045646	-0.0	-0.0	0.0167494498533	0.376704682433	0.000381433855589	30.8460997883	29.3739962835
3.80600972161	5.40395480226	0.41547362924	-0.0	-0.0	0.0171536889067	0.376452681637	0.000387199781409	31.6692893873	30.3310781418
3.80777728679	5.40263405456	0.415230965055	-0.0	-0.0	0.0172135081733	0.376415369931	0.000388036627109	31.7909237124	30.4682891355
3.8068935042	5.40276035132	0.415405118379	-0.0	-0.0	0.0172105263333	0.376417218971	0.000388062599811	31.7832544722	30.446073841
3.80380026513	5.40546482412	0.415597227875	-0.0	-0.0	0.0172006025333	0.376423417638	0.000388193237925	31.7609832714	30.4083598729
3.80424215643	5.40546482412	0.415862290212	-0.0	-0.0	0.01718904456	0.376430621199	0.000387933819308	31.7351569775	30.3610631993
3.80380026513	5.40515075377	0.41601499483	-0.0	-0.0	0.0171828699867	0.376434475141	0.000387863161385	31.7211610253	30.3346820029
3.80159080866	5.40370719447	0.41636560828	-0.0	-0.0	0.01716859528	0.376443375296	0.000387820507726	31.6889125912	30.2740615601
3.80114891737	5.40245051838	0.416814202479	-0.0	-0.0	0.0171501267867	0.376454889247	0.000387520590012	31.6473447166	30.1963286314
3.79893946089	5.40163419233	0.418952687981	-0.0	-0.0	0.01706294408	0.376509252318	0.000386111964737	31.4511234094	29.8294857113
3.78745028723	5.39949590422	0.426970709712	-0.0	-0.0	0.01674356016	0.376708353441	0.00038129327525	30.7375867461	28.5017703371
3.77817057004	5.39539286841	0.435819328439	-0.0	-0.0	0.0164037507733	0.376920117811	0.000375862832224	29.9872924851	27.1178158514
3.7733097658	5.39229311434	0.444280462416	-0.0	-0.0	0.0160906825333	0.377115153802	0.000370494518115	29.3041347927	25.8687130854
3.76314626602	5.38797468354	0.452907949404	-0.0	-0.0	0.0157808553067	0.377308107735	0.00036570300444	28.6361088957	24.6612291564
3.75165709236	5.38590923516	0.461706367747	-0.0	-0.0	0.0154743623067	0.377498932054	0.000361102147439	27.9831013091	23.4943727377
3.74635439682	5.38063492063	0.471112657424	-0.0	-0.0	0.0151550994533	0.377697636419	0.000355668594203	27.3114938773	22.3115773048
3.73177198409	5.36915739269	0.480904491599	-0.0	-0.0	0.0148316887067	0.377898864831	0.000351032527299	26.639624279	21.1465684384
3.7229341582	5.364765849	0.491330231703	-0.0	-0.0	0.0144959934	0.378107669909	0.000345626155814	25.9516209396	19.9743807685
3.71011931065	5.3519285942	0.501982145825	-0.0	-0.0	0.0141610572533	0.378315929251	0.000340597757389	25.2748227218	18.8436186648
3.69509500663	5.33908045977	0.513862788209	-0.0	-0.0	0.0137938848667	0.378544150825	0.000335186037502	24.5445688709	17.6533182019
3.6805125939	5.32555164695	0.526618396858	-0.0	-0.0	0.0134071160933	0.378784465814	0.000329344607784	23.7872591626	16.4527309922
3.66239505082	5.3108974359	0.540712273515	-0.0	-0.0	0.0129895113467	0.379043833077	0.00032325261654	22.9839206294	15.2149151887
3.64339372514	5.29681978799	0.554998245192	-0.0	-0.0	0.0125746587867	0.37930138426	0.00031728716957	22.1995125406	14.0457418979
3.6305788776	5.28369250563	0.57114338318	-0.0	-0.0	0.0121117381733	0.379588651617	0.000309848599197	21.3390449523	12.8153580111
3.62041537782	5.27059202059	0.589340817159	-0.0	-0.0	0.0115982158533	0.37990716701	0.000301265533241	20.4035329859	11.5375712327
3.60406539991	5.2624273725	0.608409574086	-0.0	-0.0	0.0110636225333	0.380238575904	0.000292802279199	19.4504122003	10.3074649152
3.58462218294	5.2498381877	0.63257451452	-0.0	-0.0	0.0104102220533	0.380643389951	0.000282360570777	18.3128657863	8.9114846517
3.5466195316	5.22500814067	0.661598279649	-0.0	-0.0	0.00965482125333	0.381111075993	0.000271478422154	17.0426930628	7.4474240616
3.52275740168	5.20646847435	0.690860950396	-0.0	-0.0	0.00892951114667	0.381559805489	0.000260039218125	15.8685594753	6.1790480994
