# C		CN		K0		e_x		e_y		e_z		n		overlap		p		q
3.46133451171	5.2406291834	0.737025403865	-0.0	-0.0	1.87240000048e-07	0.38853551891	0.00012976276098739146	5.58809480845	1.78192820959
3.48342907645	5.24925024992	0.651837919745	-0.0	-0.0	0.000531443826667	0.388210588073	0.00013841939475521195	6.16352761622	2.79454239149
3.50905877154	5.25239827985	0.575040230405	-0.0	-0.0	0.00134984762667	0.387709692354	0.00015159794586219828	7.08856796239	4.20313043576
3.51789659744	5.25008248103	0.533191291036	-0.0	-0.0	0.00212068413333	0.387237534678	0.0001643539548692795	7.99676629224	5.41955809319
3.53689792311	5.25492772668	0.506553552022	-0.0	-0.0	0.00286652962667	0.386780338077	0.00017600029809396688	8.90645366166	6.54936527907
3.56385329209	5.26461940542	0.48796786501	-0.0	-0.0	0.00361248325333	0.386322733991	0.000187109056788663	9.84678151354	7.65490772482
3.57666813964	5.27192696446	0.474542047903	-0.0	-0.0	0.00433858268	0.38587698147	0.0001985055586423668	10.7919768559	8.72829972288
3.59080866107	5.27435064935	0.464087745601	-0.0	-0.0	0.00503626472	0.385448369369	0.00020932906938219196	11.7301584538	9.78075235906
3.60273972603	5.27988338192	0.455539968604	-0.0	-0.0	0.00572674384	0.385023889548	0.000220098129613502	12.686443521	10.8429709871
3.6133451171	5.28451341739	0.448519874412	-0.0	-0.0	0.00641326198667	0.384601550554	0.00023080975335712612	13.6638740602	11.9164951405
3.62350861688	5.28101836932	0.442805419442	-0.0	-0.0	0.00707321445333	0.384195282785	0.00024107323916589785	14.6283905642	12.9679885847
3.64604507291	5.28938081489	0.437993636562	-0.0	-0.0	0.00772982676	0.383790805051	0.0002504021686715105	15.6117218503	14.0308313651
3.66106937693	5.29347826087	0.433800645945	-0.0	-0.0	0.00836371930667	0.383400070807	0.00025983096217039355	16.5850779912	15.0842588614
3.67697746354	5.30082855322	0.430269435192	-0.0	-0.0	0.00898968749333	0.383013980527	0.00026900280836154476	17.566132471	16.1371999266
3.69200176757	5.30928162746	0.427144506594	-0.0	-0.0	0.00960245564	0.3826357928	0.00027800197708491504	18.5479143502	17.1903212786
3.70083959346	5.3146031746	0.424418511761	-0.0	-0.0	0.01020852716	0.382261516551	0.00028728308983222715	19.5374133109	18.2472115499
3.70967741935	5.32402411933	0.421961521996	-0.0	-0.0	0.0108068733867	0.381891785373	0.0002964576667719092	20.5339498141	19.3111309118
3.71321254971	5.3208742477	0.419774228658	-0.0	-0.0	0.0114085767867	0.3815197507	0.00030609927768246084	21.553861119	20.3953948211
3.72823685373	5.32996207332	0.417448387702	-0.0	-0.0	0.0121410528933	0.38106656274	0.0003169022607787582	22.8180826094	21.7331748442
3.73574900574	5.33480593247	0.415808830999	-0.0	-0.0	0.0127213886267	0.380707269878	0.00032577622653020237	23.8372128432	22.8085088807
3.74723817941	5.34489281211	0.41436162316	-0.0	-0.0	0.0132863232	0.380357310587	0.00033403611315029844	24.8449710591	23.8693884703
3.76403004861	5.35397673688	0.41305767505	-0.0	-0.0	0.0138520024667	0.380006692406	0.00034182681626956067	25.8696263377	24.9447198843
3.7733097658	5.35844318895	0.411688781558	-0.0	-0.0	0.01442276032	0.379652725351	0.00035035673304091043	26.9211033609	26.0582132419
3.78524083076	5.36497493734	0.410334432749	-0.0	-0.0	0.0150851648267	0.379241668393	0.00036009415712948546	28.1589936773	27.3598169793
3.7980556783	5.36298377029	0.409343270294	-0.0	-0.0	0.0156255701333	0.378906118293	0.000367714860113382	29.1835058595	28.4338731512
3.80600972161	5.36658354115	0.408503981505	-0.0	-0.0	0.0161585611733	0.378574990927	0.00037563816248845707	30.2048329577	29.4980079298
3.81705700398	5.37286025521	0.407688771271	-0.0	-0.0	0.01669558644	0.378241180372	0.00038325506180687075	31.2454557585	30.5837775209
3.82235969951	5.37383467993	0.407301844608	-0.0	-0.0	0.0169151308667	0.378104661703	0.00038631778508834027	31.6766622921	31.0393383763
3.82191780822	5.37468905473	0.407540344206	-0.0	-0.0	0.0169067821467	0.378109853711	0.00038619726378193945	31.6567424816	30.9991884227
3.82103402563	5.37468905473	0.407792447256	-0.0	-0.0	0.0168967420667	0.378116097507	0.0003860974781783713	31.6339774999	30.9551160986
3.81926646045	5.37344527363	0.408098057751	-0.0	-0.0	0.01688252576	0.378124938336	0.0003860111461429072	31.6020529721	30.8975165846
3.81838267786	5.37251243781	0.408343076746	-0.0	-0.0	0.0168722147467	0.378131340336	0.00038590713409990214	31.5787390629	30.8536169964
3.82015024304	5.37270749145	0.408746232702	-0.0	-0.0	0.0168547711067	0.378142198023	0.0003854011069168638	31.5393146156	30.780438884
3.81838267786	5.37220149254	0.409142933187	-0.0	-0.0	0.01683766904	0.378152832986	0.0003852582602038327	31.5007145431	30.7087353121
3.82059213433	5.37406716418	0.409712220486	-0.0	-0.0	0.0168131410133	0.378168085483	0.00038457539232933645	31.445394853	30.6061057866
3.81263809103	5.3738317757	0.411699148374	-0.0	-0.0	0.01672814476	0.37822093662	0.0003837750417958032	31.2536893859	30.2510517559
3.80247459125	5.37425804436	0.42032668129	-0.0	-0.0	0.01636665716	0.378445660976	0.0003779929940128754	30.4449110492	28.7638666539
3.78921785241	5.3661971831	0.42895904663	-0.0	-0.0	0.01601647492	0.378663280606	0.0003727628887476245	29.6721383071	27.359665976
3.77949624392	5.35976183015	0.436999054085	-0.0	-0.0	0.0157008088667	0.378859383349	0.0003678158542455097	28.9839483794	26.1227430532
3.77419354839	5.35633626098	0.445204497666	-0.0	-0.0	0.0153861453067	0.379054804133	0.0003624539432962103	28.3054406715	24.9211644912
3.76403004861	5.3489321608	0.453949791534	-0.0	-0.0	0.0150615938533	0.379256300099	0.0003573522062797922	27.6122333839	23.7082694435
3.76049491825	5.34663733501	0.463201477748	-0.0	-0.0	0.0147288175867	0.379462834503	0.0003514751423239761	26.9110215782	22.4965341351
3.75254087494	5.34466477809	0.473145624984	-0.0	-0.0	0.01438135024	0.37967841345	0.00034571330147426237	26.1876351058	21.2667093793
3.74237737517	5.33354330709	0.484009015872	-0.0	-0.0	0.0140122525067	0.379907330492	0.0003397456440217509	25.4301412609	20.0024441911
3.72425983208	5.31871252761	0.49571829219	-0.0	-0.0	0.0136243910667	0.380147793892	0.0003341485625207236	24.6466374938	18.7234409742
3.70879363677	5.30876304967	0.508409103432	-0.0	-0.0	0.0132094509467	0.380404942086	0.00032778891607876447	23.8225776963	17.41995727
3.69686257181	5.30237717908	0.522096805024	-0.0	-0.0	0.01277572772	0.380673616585	0.00032075447223651945	22.9762357016	16.1145447227
3.68537339814	5.29501429025	0.536979373568	-0.0	-0.0	0.01231776044	0.380957176819	0.00031321975675368695	22.0985779213	14.8008209997
3.66327883341	5.28339177558	0.553499853535	-0.0	-0.0	0.01182521716	0.381262008475	0.00030595608463652394	21.1734692132	13.4607855993
3.6469288555	5.27188498403	0.571640889347	-0.0	-0.0	0.0113024593733	0.381585378742	0.00029762884502771575	20.213138194	12.1194730245
3.63323022536	5.26016	0.58701001062	-0.0	-0.0	0.0108728496533	0.381850998613	0.0002907983390200663	19.4413024332	11.0795621111
3.63278833407	5.26120358515	0.586340394221	-0.0	-0.0	0.0108816798667	0.381845540202	0.000291000322312139	19.4572966818	11.1135023392
3.63190455148	5.26024327785	0.58611778823	-0.0	-0.0	0.0108864721867	0.381842580981	0.0002911562305220196	19.465569055	11.1264904154
3.63278833407	5.2592	0.585550194238	-0.0	-0.0	0.0108968437467	0.381836166601	0.00029127408707273433	19.4836783085	11.1579456206
3.63499779054	5.26176	0.584722742702	-0.0	-0.0	0.0109103873067	0.381827794315	0.0002913470622704375	19.5077489996	11.2025739597
3.63234644278	5.26256804355	0.583707869108	-0.0	-0.0	0.0109278105333	0.381817023667	0.00029187857187343877	19.5385641885	11.2582238523
3.63499779054	5.26312419974	0.581488099203	-0.0	-0.0	0.0109653968133	0.381793790877	0.00029235684465965956	19.6052838921	11.3802148633
3.63985859479	5.27208706786	0.561860918607	-0.0	-0.0	0.01131748792	0.381576084799	0.0002984330510803598	20.2357612096	12.524349007
3.64869642068	5.27918132395	0.542513801141	-0.0	-0.0	0.0117002902933	0.381339305339	0.0003047308233223887	20.9326508614	13.7788087757
3.66062748564	5.28936442031	0.525666987541	-0.0	-0.0	0.01206754608	0.381112064207	0.00031046205791809644	21.612102509	14.9921960244
3.67520989837	5.30376515635	0.51058280915	-0.0	-0.0	0.0124285490533	0.380888596172	0.00031583798624194913	22.2904217646	16.192610102
3.67874502872	5.30950861519	0.496761127941	-0.0	-0.0	0.01279275704	0.380663069788	0.0003222034734140548	22.9845277835	17.4064389837
3.69421122404	5.32101910828	0.48396630789	-0.0	-0.0	0.0131643214933	0.380432905162	0.00032764555450981523	23.7020807431	18.6455656131
3.70437472382	5.32877583466	0.472375897192	-0.0	-0.0	0.0135363507067	0.380202363501	0.00033353791504079397	24.4294897662	19.8836494053
3.71100309324	5.33280406478	0.462336529903	-0.0	-0.0	0.01388941736	0.37998350257	0.0003393951019536325	25.1286551899	21.0593064824
3.72558550597	5.34326465927	0.453186345922	-0.0	-0.0	0.0142436939733	0.379763806733	0.0003445295768702451	25.8382129721	22.2338806739
3.73442333186	5.35668991756	0.445074428788	-0.0	-0.0	0.0145923324	0.379547522854	0.0003500652556188912	26.5442558961	23.379248105
3.74237737517	5.36003799873	0.437523873238	-0.0	-0.0	0.0149523432267	0.379324113033	0.00035585728402773076	27.2801304299	24.5504501909
3.74591250552	5.36392405063	0.430764876962	-0.0	-0.0	0.01531051036	0.379101769963	0.00036200462618990323	28.0179717817	25.7027537392
3.74856385329	5.3663397659	0.425137400788	-0.0	-0.0	0.0156541339733	0.378888375558	0.00036792530921301247	28.7284193789	26.7769314396
3.75519222271	5.36915297092	0.42012386234	-0.0	-0.0	0.0160203404533	0.378660886159	0.0003737904853209723	29.4859199706	27.8737169327
3.76358815731	5.3760656773	0.416374072589	-0.0	-0.0	0.0163805580933	0.378437021175	0.00037926023854687363	30.2263557551	28.8761196506
3.77375165709	5.3834752444	0.413754738317	-0.0	-0.0	0.0167494498533	0.378207689417	0.00038457993163019705	30.9765074824	29.8107850611
3.78391515687	5.38841674536	0.41173374107	-0.0	-0.0	0.0171536889067	0.377956290634	0.00039038673280966245	31.7946109531	30.7716430745
3.78877596111	5.39163258886	0.411501300715	-0.0	-0.0	0.0172135081733	0.377919083251	0.00039089219506684364	31.9153652922	30.9085970809
3.78789217852	5.39100346021	0.411672504521	-0.0	-0.0	0.0172105263333	0.377920929503	0.00039091870980241533	31.9076542193	30.8863383513
3.78612461335	5.39018250472	0.411858955976	-0.0	-0.0	0.0172006025333	0.377927102861	0.0003909177277084656	31.8855227439	30.8488245572
3.78656650464	5.39049716803	0.412114356579	-0.0	-0.0	0.01718904456	0.377934292722	0.0003906585913210422	31.859831892	30.8019564148
3.78833406982	5.39207048458	0.41226106854	-0.0	-0.0	0.0171828699867	0.3779381337	0.0003903614740273129	31.8459152505	30.7758680812
3.78612461335	5.38785781692	0.412605552769	-0.0	-0.0	0.01716859528	0.377947013387	0.0003903227187847299	31.813814912	30.7152276816
3.78524083076	5.38797986155	0.413041272312	-0.0	-0.0	0.0171501267867	0.377958494078	0.0003900709951136989	31.7724725528	30.637930558
3.77772867875	5.38827607942	0.415115145455	-0.0	-0.0	0.01706294408	0.37801273056	0.0003892215048556344	31.5772196785	30.2733010654
3.77110030932	5.38403281792	0.422889577922	-0.0	-0.0	0.01674356016	0.378211351573	0.0003839536920327473	30.8671851728	28.953259452
3.76093680954	5.3766192733	0.431484439217	-0.0	-0.0	0.0164037507733	0.378422598472	0.0003786774245055862	30.1206670867	27.5754492813
3.75519222271	5.36808846761	0.439670489558	-0.0	-0.0	0.0160906825333	0.378617162546	0.00037345145478658866	29.4412465078	26.3339108111
3.74900574459	5.36582278481	0.44802450356	-0.0	-0.0	0.0157808553067	0.378809662478	0.0003683383250255918	28.7767138737	25.132326538
3.74237737517	5.35886075949	0.456490939579	-0.0	-0.0	0.0154743623067	0.379000018032	0.0003633193484147554	28.126862423	23.9738882025
3.72691117985	5.35120558376	0.465615592888	-0.0	-0.0	0.0151550994533	0.379198250767	0.00035890353867629453	27.457486359	22.7930027386
3.72072470172	5.3443351317	0.475168494052	-0.0	-0.0	0.0148316887067	0.379398995866	0.0003535057344611703	26.7874556623	21.6253408229
3.71144498453	5.33608640407	0.485354528745	-0.0	-0.0	0.0144959934	0.379607293746	0.00034817078862908426	26.1009017422	20.4485448924
3.70083959346	5.32252939307	0.495786163711	-0.0	-0.0	0.0141610572533	0.379815044161	0.00034295786578289185	25.4246637133	19.3105724317
3.68493150685	5.31728316327	0.507371648574	-0.0	-0.0	0.0137938848667	0.380042720897	0.0003376279295703928	24.693919555	18.1138583231
3.67300044189	5.30418129588	0.519835666254	-0.0	-0.0	0.0134071160933	0.380282450703	0.00033158588480148183	23.9364476043	16.9048241738
3.65665046399	5.29408	0.533570085873	-0.0	-0.0	0.0129895113467	0.380541200591	0.00032535736528074816	23.1314904063	15.6581821078
3.65355722492	5.28992	0.547641253691	-0.0	-0.0	0.0125746587867	0.380798131362	0.0003180045870990547	22.3454308255	14.4727277181
3.63411400795	5.27293136626	0.563689245499	-0.0	-0.0	0.0121117381733	0.381084705577	0.000311171938859381	21.4839201072	13.2186145032
3.62041537782	5.26084163187	0.581628378161	-0.0	-0.0	0.0115982158533	0.38140245156	0.0003029198026050425	20.5462317427	11.920859979
3.61290322581	5.2515258593	0.600807353582	-0.0	-0.0	0.0110636225333	0.381733061299	0.0002937082156715068	19.5894921588	10.6557898502
3.58638974812	5.23379554982	0.62495747371	-0.0	-0.0	0.0104102220533	0.382136903972	0.0002837769875978825	18.4484342437	9.22561191852
3.56385329209	5.21611129084	0.653735399116	-0.0	-0.0	0.00965482125333	0.382603463298	0.0002716326660339613	17.1736452866	7.73135517306
3.54175872735	5.19183408944	0.682706617211	-0.0	-0.0	0.00892951114667	0.383051104887	0.0002601039646134062	15.9967053086	6.4373302732
