# C		CN		K0		e_x		e_y		e_z		n		overlap		p		q
3.45293857711	5.25151311365	0.736944549032	-0.0	-0.0	1.87240000048e-07	0.386979775236	0.0001304640860492934	5.58772321388	1.78247406207
3.47503314185	5.25870147256	0.652937968575	-0.0	-0.0	0.000531443826667	0.386654017681	0.00013914652793240774	6.16297311107	2.78280448625
3.49801148917	5.25365205843	0.576533474151	-0.0	-0.0	0.00134984762667	0.386151847537	0.00015242124143741387	7.0860893812	4.18108919624
3.52408307556	5.27299801456	0.535521650089	-0.0	-0.0	0.00212068413333	0.385678488554	0.00016435047245421587	7.98933421283	5.37536724376
3.54794520548	5.27960526316	0.50934977871	-0.0	-0.0	0.00286652962667	0.385220128712	0.0001757571767839545	8.89659216556	6.48702016908
3.56164383562	5.28163934426	0.490068090611	-0.0	-0.0	0.00361248325333	0.384761360348	0.00018752560943003247	9.83699392779	7.59977593029
3.57534246575	5.28529411765	0.4762280404	-0.0	-0.0	0.00433858268	0.384314473702	0.0001988574491207296	10.7821623507	8.67736953266
3.58152894388	5.29304148971	0.465595858383	-0.0	-0.0	0.00503626472	0.383884771088	0.00021009317146894956	11.7203834821	9.72988039425
3.59080866107	5.29087947883	0.457297543037	-0.0	-0.0	0.00572674384	0.383459209483	0.00022093996422326402	12.6733703307	10.7770085693
3.59964648696	5.29430894309	0.450643010226	-0.0	-0.0	0.00641326198667	0.383035797719	0.00023171085571436698	13.6466044795	11.8291369265
3.62262483429	5.29818887451	0.445067085904	-0.0	-0.0	0.00707321445333	0.382628496287	0.00024110255338026686	14.6074935292	12.8660373523
3.63764913831	5.30389945214	0.440423477096	-0.0	-0.0	0.00772982676	0.382222989444	0.000250890850663496	15.5853906417	13.910571539
3.65355722492	5.31863533956	0.436521532873	-0.0	-0.0	0.00836371930667	0.381831261058	0.0002601760535562683	16.5497828128	14.9363029946
3.67300044189	5.33033707865	0.433122199798	-0.0	-0.0	0.00898968749333	0.381444185957	0.00026903585015425086	17.5222604794	15.9673306625
3.68625718073	5.32928388747	0.430117133354	-0.0	-0.0	0.00960245564	0.381065038505	0.00027810248142689386	18.4947072494	16.9975636515
3.70393283252	5.32453909727	0.427500952916	-0.0	-0.0	0.01020852716	0.380689810718	0.0002866621437983486	19.4747247747	18.0311319476
3.7145382236	5.3313233894	0.425073098045	-0.0	-0.0	0.0108068733867	0.380319133152	0.00029568738080271016	20.4643835503	19.0777215225
3.72691117985	5.33797909408	0.422847236841	-0.0	-0.0	0.0114085767867	0.379946157639	0.000304580306451444	21.4778518398	20.148515986
3.73442333186	5.34155597723	0.420369143765	-0.0	-0.0	0.0121410528933	0.379491815867	0.0003160089267329428	22.7369143789	21.4789096943
3.74193548387	5.34237929946	0.418633613629	-0.0	-0.0	0.0127213886267	0.379131608284	0.0003249311432740068	23.7534882978	22.5489457121
3.76579761379	5.34725274725	0.416920803657	-0.0	-0.0	0.0132863232	0.378780764312	0.00033218047889645034	24.7617102656	23.6193323309
3.77861246133	5.35338345865	0.415366725063	-0.0	-0.0	0.0138520024667	0.378429254688	0.0003404023539136715	25.7879560546	24.7056673397
3.78833406982	5.355625	0.413985045114	-0.0	-0.0	0.01442276032	0.378074381264	0.00034893464573165913	26.8381917932	25.8115521206
3.79186920018	5.36639549437	0.412295795887	-0.0	-0.0	0.0150851648267	0.377662278457	0.0003596046537434541	28.0824397442	27.1362116989
3.80291648255	5.36755070203	0.411142594247	-0.0	-0.0	0.0156255701333	0.377325872961	0.00036748670930773726	29.1108624856	28.2208521544
3.81794078657	5.38111561234	0.410073769793	-0.0	-0.0	0.0161585611733	0.37699390477	0.0003748587574615424	30.139474864	29.3054267309
3.82722050376	5.38506998445	0.408996673785	-0.0	-0.0	0.01669558644	0.376659244903	0.00038283403790561335	31.1907562613	30.4189903482
3.82987185152	5.38514143612	0.408789939686	-0.0	-0.0	0.0169151308667	0.376522378891	0.0003861605215406431	31.6190772161	30.8545171965
3.82633672117	5.38518979465	0.409102352921	-0.0	-0.0	0.0169067821467	0.376527583908	0.0003863463177465407	31.5985600893	30.8076116202
3.82589482987	5.38518979465	0.409307979913	-0.0	-0.0	0.0168967420667	0.376533843791	0.0003862037303737325	31.5759570743	30.767901991
3.82235969951	5.38356164384	0.409639338544	-0.0	-0.0	0.01688252576	0.376542707114	0.00038629180612576665	31.5435633022	30.7079049465
3.82103402563	5.38262764633	0.409903943565	-0.0	-0.0	0.0168722147467	0.376549128739	0.00038623155149980785	31.5201387235	30.6624282001
3.82191780822	5.38387297634	0.410296053962	-0.0	-0.0	0.0168547711067	0.37656000397	0.0003858157553957418	31.4807532807	30.5905826238
3.8232434821	5.38586110246	0.410698086517	-0.0	-0.0	0.01683766904	0.376570672736	0.0003853595526178446	31.4419062906	30.5185260872
3.82059213433	5.38430395515	0.411279948576	-0.0	-0.0	0.0168131410133	0.37658596404	0.000385165138412883	31.3863220795	30.4150615476
3.81838267786	5.38150109	0.413313716194	-0.0	-0.0	0.01672814476	0.376638949645	0.0003837856192455479	31.1939988803	30.0571823608
3.81219619973	5.37780548628	0.422161109053	-0.0	-0.0	0.01636665716	0.376864246212	0.0003775601707332213	30.3812328475	28.5559503461
3.8064516129	5.37808304714	0.431052117402	-0.0	-0.0	0.01601647492	0.377082419083	0.0003715051200418103	29.6032063048	27.1349174183
3.79584622183	5.37284954645	0.439342554248	-0.0	-0.0	0.0157008088667	0.377279021986	0.0003665567694378512	28.9093980279	25.8823618444
3.78612461335	5.3691632717	0.447780248309	-0.0	-0.0	0.0153861453067	0.377474929295	0.0003615599049736215	28.226772023	24.6692960716
3.77640300486	5.35967387896	0.456693793326	-0.0	-0.0	0.0150615938533	0.377676946341	0.0003563599868914282	27.5304622172	23.4518156691
3.76933274414	5.35510204082	0.466020684248	-0.0	-0.0	0.0147288175867	0.377884007278	0.0003507361282047134	26.8253365962	22.2420313261
3.76358815731	5.34924623116	0.476055179427	-0.0	-0.0	0.01438135024	0.378100129275	0.0003447058298801695	26.0991420802	21.0149650387
3.75121520106	5.34035860333	0.487042042968	-0.0	-0.0	0.0140122525067	0.378329631025	0.000338861745327908	25.3387967613	19.7525589405
3.74281926646	5.33018570979	0.498855407101	-0.0	-0.0	0.0136243910667	0.378570709403	0.00033232585138620184	24.5524938461	18.4776737138
3.72205037561	5.31964624131	0.511590108303	-0.0	-0.0	0.0132094509467	0.378828511858	0.0003263628425660622	23.7259605694	17.1828397742
3.71100309324	5.31487341772	0.525273934169	-0.0	-0.0	0.01277572772	0.379097865921	0.000319191615398767	22.8777899339	15.8894362496
3.69111798498	5.30654383736	0.540199464423	-0.0	-0.0	0.01231776044	0.3793821577	0.00031225927517484716	21.9976477795	14.5854673691
3.66327883341	5.28644338118	0.556708362809	-0.0	-0.0	0.01182521716	0.379687763579	0.0003053647322094534	21.0725459027	13.2599736622
3.64118426867	5.27031349968	0.574638735614	-0.0	-0.0	0.0113024593733	0.380011951888	0.00029748694757918316	20.1146765816	11.9426240372
3.63146266019	5.26378205128	0.589855037722	-0.0	-0.0	0.0108728496533	0.380278247574	0.00029032495739843235	19.3448354027	10.9200579599
3.62836942112	5.26153846154	0.589322562199	-0.0	-0.0	0.0108816798667	0.380272775274	0.0002907347722556871	19.3603789637	10.9483697991
3.62925320371	5.2625	0.588940458339	-0.0	-0.0	0.0108864721867	0.380269805336	0.000290755592374323	19.3690852946	10.9673314954
3.63102076889	5.26378205128	0.588396047504	-0.0	-0.0	0.0108968437467	0.380263377734	0.0002908028597198957	19.387182901	10.9976158883
3.62925320371	5.26346153846	0.587604102041	-0.0	-0.0	0.0109103873067	0.380254984237	0.0002911924905386526	19.4109692414	11.0403281059
3.6305788776	5.26474358974	0.586555178166	-0.0	-0.0	0.0109278105333	0.380244186185	0.0002914079496122296	19.441774582	11.0966767124
3.62925320371	5.26514908625	0.584328000547	-0.0	-0.0	0.0109653968133	0.380220891431	0.00029220504905156465	19.5081980374	11.2175628774
3.64206805126	5.27875680872	0.564518066278	-0.0	-0.0	0.01131748792	0.380002634298	0.00029764578234697445	20.1364444734	12.3563771091
3.65841802916	5.29673495519	0.544998426488	-0.0	-0.0	0.0117002902933	0.379765252403	0.00030333843747721846	20.8314116666	13.6052718069
3.67167476801	5.30776605944	0.52797583509	-0.0	-0.0	0.01206754608	0.37953742577	0.0003089926815715227	21.5098083529	14.8152548609
3.68625718073	5.31622569334	0.51279163398	-0.0	-0.0	0.0124285490533	0.379313396501	0.00031439381637949005	22.1865085885	16.0093926052
3.70304904993	5.32644628099	0.498822333488	-0.0	-0.0	0.01279275704	0.379087296311	0.0003196525865384716	22.8797014184	17.2204730254
3.71895713654	5.34328358209	0.485900233093	-0.0	-0.0	0.0131643214933	0.378856551185	0.0003251166506229662	23.5976041062	18.4575310412
3.72956252762	5.35172851253	0.474158997949	-0.0	-0.0	0.0135363507067	0.378625419422	0.00033103193240973544	24.3269631535	19.6971665433
3.74193548387	5.36035465484	0.464055912508	-0.0	-0.0	0.01388941736	0.378405992476	0.00033640243943568583	25.0276629293	20.8703060632
3.74679628811	5.3673210893	0.454915442582	-0.0	-0.0	0.0142436939733	0.378185737243	0.0003424650497149068	25.7390267447	22.03851573
3.75298276624	5.37448559671	0.446758148745	-0.0	-0.0	0.0145923324	0.37796891507	0.00034828556793072604	26.4464828325	23.1811595298
3.75961113566	5.37748972494	0.439153976084	-0.0	-0.0	0.0149523432267	0.37774493286	0.00035424781497610746	27.1842858972	24.3509568931
3.76889085285	5.38388625592	0.43241249491	-0.0	-0.0	0.01531051036	0.377522026617	0.00035986819180817845	27.9232119607	25.4965473393
3.77596111357	5.38323353293	0.426835704536	-0.0	-0.0	0.0156541339733	0.377308086743	0.0003653837555888534	28.634426752	26.5617157739
3.78921785241	5.39056603774	0.421938811605	-0.0	-0.0	0.0160203404533	0.37708001117	0.0003706435046265961	29.3920814808	27.6435182081
3.79982324348	5.39654631083	0.418241974621	-0.0	-0.0	0.0163805580933	0.376855583983	0.00037596781657415053	30.1343873	28.6377482235
3.80954485197	5.40006265664	0.415457413351	-0.0	-0.0	0.0167494498533	0.376625668738	0.000381431703084398	30.8912455291	29.587256004
3.81970835175	5.40337711069	0.413343699731	-0.0	-0.0	0.0171536889067	0.376373634638	0.00038733780913121	31.7163182022	30.5579015328
3.82191780822	5.40462789243	0.413095467222	-0.0	-0.0	0.0172135081733	0.376336319561	0.000388130959942502	31.8381932372	30.6966477173
3.81617322139	5.40300375469	0.413210397045	-0.0	-0.0	0.0172105263333	0.376338179224	0.00038865365746737675	31.8308129071	30.6796606695
3.8148475475	5.40250391236	0.413468953141	-0.0	-0.0	0.0172006025333	0.376344363599	0.0003886024137904194	31.8083027517	30.6357819513
3.81396376491	5.40200375704	0.413725208235	-0.0	-0.0	0.01718904456	0.376351576442	0.00038847736717623264	31.7823307334	30.5888124207
3.81263809103	5.40075140889	0.413913506129	-0.0	-0.0	0.0171828699867	0.376355427193	0.0003884954742260264	31.7682084988	30.5591029306
3.81042863456	5.40056373317	0.414219436251	-0.0	-0.0	0.01716859528	0.376364319012	0.0003884557703246137	31.7362265652	30.5021922826
3.81263809103	5.40212965863	0.414667331402	-0.0	-0.0	0.0171501267867	0.376375846977	0.00038788200483238453	31.6943585576	30.4237554526
3.80821917808	5.40250783699	0.416811101825	-0.0	-0.0	0.01706294408	0.376430209998	0.00038667501358845383	31.497008157	30.0531463564
3.80468404772	5.3991846974	0.424790770103	-0.0	-0.0	0.01674356016	0.376629330659	0.00038105013747807983	30.7829065099	28.7199210675
3.79231109147	5.39283469516	0.433605566678	-0.0	-0.0	0.0164037507733	0.376841131426	0.00037591502839264245	30.0318353929	27.3293106791
3.78524083076	5.39093484419	0.441998549144	-0.0	-0.0	0.0160906825333	0.377036192141	0.00037076668994732396	29.34857539	26.0773453362
3.77154220062	5.38762626263	0.450593059388	-0.0	-0.0	0.0157808553067	0.377229173393	0.00036633607241525325	28.6803436243	24.8642355801
3.76535572249	5.38527180784	0.459342190179	-0.0	-0.0	0.0154743623067	0.377420019044	0.0003612267473557698	28.0268759797	23.6927181017
3.75695978789	5.37697659709	0.4686887546	-0.0	-0.0	0.0151550994533	0.377618753979	0.00035608925673444596	27.3546025771	22.5053835305
3.74900574459	5.37175427486	0.478374828647	-0.0	-0.0	0.0148316887067	0.377820006217	0.00035082327366063755	26.681920868	21.3383886277
3.74723817941	5.36752136752	0.48868221463	-0.0	-0.0	0.0144959934	0.378028834068	0.0003447612676947786	25.993246601	20.1644306279
3.73442333186	5.35254988914	0.499287429211	-0.0	-0.0	0.0141610572533	0.378237119811	0.0003397304446462221	25.3153912502	19.0271601486
3.72337604949	5.34242232086	0.511077631867	-0.0	-0.0	0.0137938848667	0.378465370983	0.0003339348760303218	24.5832083781	17.8313910985
3.70967741935	5.33874045802	0.523659818415	-0.0	-0.0	0.0134071160933	0.378705715769	0.0003280020961503802	23.8244639531	16.629376207
3.68493150685	5.3268370607	0.537602691576	-0.0	-0.0	0.0129895113467	0.378965117043	0.00032245972734306163	23.019495165	15.3876132338
3.67565178966	5.31383828699	0.551661456718	-0.0	-0.0	0.0125746587867	0.379222701521	0.000315617702953068	22.2338154529	14.2178973586
3.65444100751	5.29605895546	0.567619569947	-0.0	-0.0	0.0121117381733	0.379510005624	0.0003088998264270655	21.3737117809	12.984364869
3.63234644278	5.27777777778	0.585604913917	-0.0	-0.0	0.0115982158533	0.379828559286	0.0003013233051924327	20.4388491243	11.7028191385
3.61776403005	5.26182052107	0.604641444668	-0.0	-0.0	0.0110636225333	0.380160010192	0.0002926719849059404	19.4837358829	10.4600389226
3.59036676977	5.23960012899	0.628662747803	-0.0	-0.0	0.0104102220533	0.380564881653	0.00028277479262362755	18.3442085074	9.05304263047
3.55943437914	5.22348361985	0.657406921478	-0.0	-0.0	0.00965482125333	0.381032626747	0.0002712971186705391	17.0739033655	7.58082702959
3.53292090146	5.20658194852	0.686357076618	-0.0	-0.0	0.00892951114667	0.381481407267	0.00026002786699559025	15.8993868942	6.30509601675
