# C		CN		K0		e_x		e_y		e_z		n		overlap		p		q
3.46752098984	5.24264705882	0.735583947405	-0.0	-0.0	1.87240000048e-07	0.388476676031	0.00013005080538944276	5.58953481156	1.79424805633
3.48121961997	5.24516988674	0.651205072495	-0.0	-0.0	0.000531443826667	0.388151713926	0.000139056711758581	6.16512503789	2.80188698611
3.49933716306	5.24246439218	0.575776432214	-0.0	-0.0	0.00134984762667	0.387650770004	0.00015261008995959594	7.08948199429	4.19351817252
3.52319929297	5.24934123847	0.534944187509	-0.0	-0.0	0.00212068413333	0.38717856689	0.00016468582470274736	7.99404241627	5.38822663462
3.5377817057	5.25550082102	0.508888233959	-0.0	-0.0	0.00286652962667	0.386721326292	0.00017653368094321976	8.90034681842	6.4988344059
3.55368979231	5.25670372793	0.490765800825	-0.0	-0.0	0.00361248325333	0.38626367817	0.0001881667013529856	9.83700631493	7.5840426096
3.57490057446	5.2667752443	0.47743999708	-0.0	-0.0	0.00433858268	0.385817882753	0.00019913428346288433	10.7790342755	8.64404802232
3.58948298719	5.2738791423	0.467248789095	-0.0	-0.0	0.00503626472	0.385389229406	0.0002099450258960991	11.7144001749	9.67826625668
3.6053910738	5.2704361874	0.458983810029	-0.0	-0.0	0.00572674384	0.384964706956	0.00022046923537825616	12.6667798579	10.7190542316
3.622182943	5.2769726248	0.452056081198	-0.0	-0.0	0.00641326198667	0.384542329098	0.00023080573259916256	13.6409167895	11.7762874729
3.62350861688	5.28101836932	0.446647959733	-0.0	-0.0	0.00707321445333	0.384136022234	0.00024162395263168358	14.6011282401	12.8023792036
3.62969509501	5.27933140469	0.44185460191	-0.0	-0.0	0.00772982676	0.383731505576	0.0002520518079154716	15.5805627748	13.8496208355
3.6473707468	5.28846153846	0.437833093257	-0.0	-0.0	0.00836371930667	0.38334073373	0.00026127668451929824	16.5479559173	14.8790545852
3.67123287671	5.2986598596	0.434279686781	-0.0	-0.0	0.00898968749333	0.382954607924	0.00026987756242912505	17.5245015071	15.9170213511
3.68404772426	5.30690862783	0.431145948445	-0.0	-0.0	0.00960245564	0.38257638565	0.00027903218568849764	18.5009407543	16.9538434708
3.69509500663	5.31108992691	0.428404344777	-0.0	-0.0	0.01020852716	0.382202065884	0.00028814985780827485	19.4850549353	17.9947015631
3.70481661511	5.32401524778	0.426110423372	-0.0	-0.0	0.0108068733867	0.381832298208	0.0002971896995618037	20.4732507893	19.0302121613
3.7229341582	5.33048433048	0.423900565758	-0.0	-0.0	0.0114085767867	0.381460232725	0.00030557295039649224	21.4855641157	20.0960283879
3.7313300928	5.33712839975	0.421598171983	-0.0	-0.0	0.0121410528933	0.381007001103	0.0003168252539780251	22.7401163989	21.407797825
3.7476800707	5.34574132492	0.420004550987	-0.0	-0.0	0.0127213886267	0.380647673202	0.00032486661881307824	23.7506831098	22.4595977811
3.76137870084	5.35442241108	0.418599971823	-0.0	-0.0	0.0132863232	0.380297680697	0.00033286277223843776	24.7502580653	23.4973892521
3.76535572249	5.36472440945	0.417352874254	-0.0	-0.0	0.0138520024667	0.379947028775	0.0003417311796843481	25.7663266172	24.5478210718
3.7812638091	5.36332288401	0.416069360329	-0.0	-0.0	0.01442276032	0.379593033808	0.0003495983092474366	26.8089921187	25.6333077954
3.78612461335	5.36802507837	0.414811851745	-0.0	-0.0	0.0150851648267	0.379181931142	0.0003599195298972423	28.0361442922	26.9013010674
3.79540433053	5.37382592361	0.413877902289	-0.0	-0.0	0.0156255701333	0.378846347095	0.00036779281596594827	29.0509368269	27.9480376822
3.80777728679	5.37566302652	0.413016473498	-0.0	-0.0	0.0161585611733	0.37851518952	0.00037526342015801084	30.0661080033	28.994509874
3.81794078657	5.38099688474	0.412179399907	-0.0	-0.0	0.01669558644	0.378181350909	0.0003830142023927626	31.1033251885	30.0650978509
3.82235969951	5.38598130841	0.411913079307	-0.0	-0.0	0.0169151308667	0.378044815034	0.00038613792742886276	31.5299250822	30.5001709682
3.82103402563	5.38535825545	0.412138269649	-0.0	-0.0	0.0169067821467	0.378050007512	0.0003861137743779141	31.510957902	30.4626286173
3.81882456916	5.38454347149	0.412347970889	-0.0	-0.0	0.0168967420667	0.378056247504	0.0003861498734231188	31.4885045714	30.4230691505
3.81926646045	5.38485509505	0.412691712843	-0.0	-0.0	0.01688252576	0.378065093619	0.00038583581581493455	31.4563318295	30.3627678006
3.81926646045	5.38212394893	0.412939949103	-0.0	-0.0	0.0168722147467	0.378071505706	0.00038563953075892776	31.4330057655	30.3191825202
3.82103402563	5.38442367601	0.41335741307	-0.0	-0.0	0.0168547711067	0.378082354967	0.00038512903776819044	31.393441862	30.2456568748
3.81882456916	5.38454347149	0.41376374029	-0.0	-0.0	0.01683766904	0.378092990953	0.00038502734845665115	31.3548190758	30.1740992476
3.81617322139	5.38173885946	0.414349349626	-0.0	-0.0	0.0168131410133	0.37810823631	0.0003848341778100274	31.2997671265	30.0717591942
3.81307998232	5.37979420019	0.416387821661	-0.0	-0.0	0.01672814476	0.37816110114	0.000383546457109649	31.1090132152	29.7182020636
3.79628811312	5.37148217636	0.42522846215	-0.0	-0.0	0.01636665716	0.378385844848	0.0003784367662493403	30.3044175136	28.2386200336
3.78479893946	5.36927899687	0.434066651994	-0.0	-0.0	0.01601647492	0.378603487695	0.0003730076611464758	29.5346874738	26.8417642285
3.7728678745	5.35949764521	0.442296217381	-0.0	-0.0	0.0157008088667	0.378799610523	0.0003682558011315144	28.8484699276	25.6112151964
3.76535572249	5.35249764373	0.450700458161	-0.0	-0.0	0.0153861453067	0.378995048899	0.0003630875328955834	28.172178548	24.4161522741
3.75475033142	5.35012594458	0.459598145613	-0.0	-0.0	0.0150615938533	0.379196564255	0.00035802008425486173	27.4825909984	23.2154103363
3.75165709236	5.35257016714	0.468984448514	-0.0	-0.0	0.0147288175867	0.379403118535	0.0003520722856679253	26.7838649162	22.0168375579
3.74502872293	5.34690656566	0.479038139254	-0.0	-0.0	0.01438135024	0.379618718228	0.00034620687653698096	26.0651665906	20.8045383677
3.73486522316	5.34176414796	0.490019916578	-0.0	-0.0	0.0140122525067	0.3798476573	0.00034025309309801486	25.3123873854	19.5584147565
3.71851524525	5.32837238759	0.5017701289	-0.0	-0.0	0.0136243910667	0.38008813875	0.0003344854659446642	24.5335273432	18.3026062764
3.70128148475	5.31819625278	0.514642224917	-0.0	-0.0	0.0132094509467	0.38034531678	0.00032828348494549914	23.7145818512	17.0159338952
3.6893504198	5.30651828299	0.528411221806	-0.0	-0.0	0.01277572772	0.380614017134	0.0003212669251222461	22.8729185088	15.7329258928
3.66504639859	5.29164007658	0.543536925107	-0.0	-0.0	0.01231776044	0.380897610704	0.00031484262726050197	21.9989666628	14.4341552164
3.64648696421	5.28072983355	0.560272711389	-0.0	-0.0	0.01182521716	0.381202470341	0.0003072549930221913	21.079318509	13.1133501893
3.61688024746	5.25899742931	0.578707958588	-0.0	-0.0	0.0113024593733	0.381525867032	0.00030001944920985015	20.1258378568	11.7902930746
3.60583296509	5.2510460251	0.594331517284	-0.0	-0.0	0.0108728496533	0.38179150699	0.0002929430753158322	19.3564169457	10.7631300513
3.60583296509	5.2510460251	0.593638661799	-0.0	-0.0	0.0108816798667	0.381786053528	0.0002931106940075999	19.37229694	10.7971939684
3.60760053027	5.25136787898	0.593452558611	-0.0	-0.0	0.0108864721867	0.381783090842	0.0002930499456360622	19.3803115897	10.8084470991
3.60715863897	5.25168973286	0.592775055499	-0.0	-0.0	0.0108968437467	0.381776682951	0.0002932792985553805	19.3987535431	10.84348004
3.60804242156	5.25297714837	0.59200955722	-0.0	-0.0	0.0109103873067	0.38176830913	0.0002934550206701151	19.4223806215	10.8847202168
3.60936809545	5.2528957529	0.590946676966	-0.0	-0.0	0.0109278105333	0.381757534249	0.00029366875743768367	19.453145167	10.9410118414
3.61025187804	5.25345770344	0.588702971697	-0.0	-0.0	0.0109653968133	0.381734296378	0.00029428965350863565	19.5194670135	11.061279778
3.62085726911	5.264781491	0.568729098785	-0.0	-0.0	0.01131748792	0.381516576495	0.00029990379301500676	20.1461422777	12.1945471673
3.63367211666	5.27736757624	0.549026445384	-0.0	-0.0	0.0117002902933	0.381279773413	0.000305891565618977	20.8393430101	13.4381635008
3.6469288555	5.29323067052	0.531858256366	-0.0	-0.0	0.01206754608	0.381052499634	0.00031152731780624695	21.5152447401	14.6418136288
3.66283694211	5.30525304292	0.51655673007	-0.0	-0.0	0.0124285490533	0.38082901741	0.00031679569099056585	22.1893624659	15.8288725521
3.66769774635	5.31454196028	0.50246793257	-0.0	-0.0	0.01279275704	0.380603469322	0.0003230507717151279	22.8790788292	17.0325778326
3.67918692002	5.32267348897	0.489437687966	-0.0	-0.0	0.0131643214933	0.380373288253	0.0003288405555866975	23.5918672187	18.2605510466
3.69111798498	5.33418530351	0.47755640508	-0.0	-0.0	0.0135363507067	0.3801427187	0.00033459908651618233	24.3157811911	19.4929275785
3.69951391958	5.33918315252	0.467337260603	-0.0	-0.0	0.01388941736	0.379923829125	0.00034031189106361654	25.0117979697	20.6590607532
3.70790985418	5.34342147181	0.458105330265	-0.0	-0.0	0.0142436939733	0.379704111721	0.0003460180269133993	25.7179638929	21.8187298042
3.71807335395	5.34987277354	0.449841247506	-0.0	-0.0	0.0145923324	0.379487815036	0.000351423773530634	26.4199865135	22.9541307971
3.73177198409	5.35501269036	0.442137472287	-0.0	-0.0	0.0149523432267	0.379264383715	0.0003566608440266698	27.1510752883	24.1152187489
3.74060980999	5.36216730038	0.43533000329	-0.0	-0.0	0.01531051036	0.37904202592	0.0003622799495279732	27.8835804564	25.250480412
3.74723817941	5.37028824834	0.429635387659	-0.0	-0.0	0.0156541339733	0.378828604308	0.0003678090938393689	28.5897368525	26.3112415791
3.76182059213	5.37428932407	0.424549506187	-0.0	-0.0	0.0160203404533	0.378601085661	0.0003728978221030926	29.342838879	27.3949923878
3.77551922227	5.38643533123	0.420735730888	-0.0	-0.0	0.0163805580933	0.378377206491	0.00037786413083890194	30.0793723117	28.3858413977
3.77772867875	5.39242902208	0.418008996048	-0.0	-0.0	0.0167494498533	0.378147852664	0.000384006571123442	30.8275793256	29.3156830461
3.78656650464	5.39836117239	0.415994658463	-0.0	-0.0	0.0171536889067	0.377896424925	0.0003899751061163171	31.6429207213	30.2615870393
3.78789217852	5.39559055118	0.415753515661	-0.0	-0.0	0.0172135081733	0.377859214374	0.00039084907520041916	31.7635442884	30.3974903125
3.78656650464	5.39634530561	0.415927513412	-0.0	-0.0	0.0172105263333	0.377861057319	0.0003909215026015937	31.755888506	30.3753416486
3.78612461335	5.39571518589	0.416117902897	-0.0	-0.0	0.0172006025333	0.377867239106	0.0003907832404703525	31.7337513707	30.3379661733
3.78524083076	5.39647021746	0.416380193694	-0.0	-0.0	0.01718904456	0.377874429658	0.00039066075191985844	31.7081439158	30.2911950812
3.78479893946	5.3961550583	0.416535409095	-0.0	-0.0	0.0171828699867	0.377878271006	0.0003905908020753724	31.6942658608	30.2647584823
3.78612461335	5.39666036547	0.416881972272	-0.0	-0.0	0.01716859528	0.377887148851	0.00039018715419261095	31.662243459	30.2048009192
3.78524083076	5.3961550583	0.417326801101	-0.0	-0.0	0.0171501267867	0.377898640929	0.00038993439300285946	31.6210070615	30.1278344558
3.78700839593	5.39848675914	0.419446042611	-0.0	-0.0	0.01706294408	0.377952875045	0.00038812836217697695	31.4263834367	29.764734022
3.77242598321	5.38920454545	0.427413244554	-0.0	-0.0	0.01674356016	0.378151506588	0.00038366445664845893	30.7185719094	28.4485597842
3.76226248343	5.37744788377	0.436205718429	-0.0	-0.0	0.0164037507733	0.378362789225	0.0003783650623552996	29.9744138367	27.0764258035
3.75077330977	5.36748893106	0.444572686741	-0.0	-0.0	0.0160906825333	0.37855736967	0.0003736874105494518	29.2970837358	25.8408919728
3.74016791869	5.36461636018	0.453076138118	-0.0	-0.0	0.0157808553067	0.378749883653	0.00036896645767270174	28.6346327325	24.648026466
3.72912063632	5.35916163862	0.461739356341	-0.0	-0.0	0.0154743623067	0.378940263289	0.00036434300729959603	27.9868502417	23.4952743575
3.71807335395	5.35359643539	0.471045474849	-0.0	-0.0	0.0151550994533	0.379138511825	0.00035947535838203157	27.3203759581	22.3232127632
3.71011931065	5.34980867347	0.480772397527	-0.0	-0.0	0.0148316887067	0.379339273755	0.00035425680244182756	26.6541021142	21.1662954194
3.6977463544	5.34515819751	0.491154198644	-0.0	-0.0	0.0144959934	0.37954759168	0.0003492262988591242	25.9711165965	19.9998552012
3.68846663721	5.3342921061	0.501713879022	-0.0	-0.0	0.0141610572533	0.379755368821	0.00034389582985295105	25.2985427737	18.8765170511
3.67697746354	5.32512	0.513559689367	-0.0	-0.0	0.0137938848667	0.379983063718	0.0003381700409494668	24.5718008064	17.6892114137
3.66327883341	5.3056978233	0.526268737538	-0.0	-0.0	0.0134071160933	0.38022282054	0.0003322911686839285	23.8185110485	16.4921324643
3.65223155104	5.29583333333	0.540294317443	-0.0	-0.0	0.0129895113467	0.380481588397	0.00032561251519057995	23.0191947242	15.2582607323
3.64162615996	5.29126525369	0.554567434141	-0.0	-0.0	0.0125746587867	0.380738543893	0.0003189344951525941	22.2380690122	14.0895117076
3.63323022536	5.28034682081	0.570927204846	-0.0	-0.0	0.0121117381733	0.381025141756	0.00031116232736543047	21.3813816549	12.8498498536
3.60936809545	5.26054750403	0.589298316654	-0.0	-0.0	0.0115982158533	0.381342922247	0.00030375358444419	20.4493012333	11.5650997225
3.60273972603	5.25128865979	0.608561705294	-0.0	-0.0	0.0110636225333	0.381673558021	0.00029445417244180366	19.4969625895	10.3267022731
3.58241272647	5.22975153275	0.632545959064	-0.0	-0.0	0.0104102220533	0.382077446628	0.0002840402356626785	18.3627931576	8.93670030955
3.56650463986	5.21668822768	0.661603869996	-0.0	-0.0	0.00965482125333	0.382544049561	0.0002714238826757246	17.0949537451	7.47010190743
3.53115333628	5.19349593496	0.690865924931	-0.0	-0.0	0.00892951114667	0.382991734228	0.00026089692937041704	15.9236355026	6.20036844168
