# C		CN		K0		e_x		e_y		e_z		n		overlap		p		q
3.46619531595	5.25888665325	0.735476157991	-0.0	-0.0	1.87240000048e-07	0.387130682076	0.0001297326519297067	5.58663293463	1.79420411904
3.49049933716	5.26726726727	0.6513861456	-0.0	-0.0	0.000531443826667	0.386805004712	0.00013828510560563178	6.16391189836	2.79944103889
3.51347768449	5.26682134571	0.575024006615	-0.0	-0.0	0.00134984762667	0.386302958188	0.00015156003420373546	7.09153519766	4.20511383472
3.51833848873	5.26713008937	0.53416951277	-0.0	-0.0	0.00212068413333	0.385829715731	0.00016442812567265026	7.99824889288	5.40408724017
3.54264250994	5.26866162447	0.508265892794	-0.0	-0.0	0.00286652962667	0.385371468723	0.00017579359503247505	8.90691008528	6.51588758985
3.55280600972	5.2720708894	0.489538297787	-0.0	-0.0	0.00361248325333	0.384912813294	0.0001877205790774626	9.84857773779	7.6207082146
3.56959787892	5.27023498695	0.475789755695	-0.0	-0.0	0.00433858268	0.38446603675	0.00019887848543315886	10.7956420907	8.69939371382
3.58108705259	5.27172144484	0.465300757852	-0.0	-0.0	0.00503626472	0.384036439823	0.0002098084459226489	11.73484034	9.75024134008
3.59478568272	5.28339291518	0.456912782141	-0.0	-0.0	0.00572674384	0.383610982979	0.00022039391883412962	12.6904105714	10.8034920727
3.60848431286	5.28626943005	0.450017576132	-0.0	-0.0	0.00641326198667	0.383187675445	0.000230874257184928	13.6675830942	11.8686180142
3.60583296509	5.28784440843	0.444656462288	-0.0	-0.0	0.00707321445333	0.382780474279	0.00024192692510234068	14.6301911763	12.9011695515
3.6217410517	5.28802066516	0.440027184984	-0.0	-0.0	0.00772982676	0.382375071275	0.0002516542290923889	15.609464993	13.9478030944
3.6389748122	5.29835854522	0.436221738773	-0.0	-0.0	0.00836371930667	0.381983435304	0.00026081865651231045	16.5734124583	14.9703792457
3.65488289881	5.30786516854	0.4330240656	-0.0	-0.0	0.00898968749333	0.38159645549	0.00026983563231256375	17.5426238299	15.9903360017
3.6637207247	5.31324142353	0.430129609113	-0.0	-0.0	0.00960245564	0.381217401372	0.0002791964884240182	18.5142001328	17.0148778674
3.67653557225	5.31681585678	0.427475403742	-0.0	-0.0	0.01020852716	0.38084226547	0.00028808844530172825	19.4931804147	18.0495221787
3.68758285462	5.31379420198	0.425119382627	-0.0	-0.0	0.0108068733867	0.380471679639	0.00029700054696498894	20.4792801793	19.0891166923
3.69907202828	5.31639135959	0.423038826419	-0.0	-0.0	0.0114085767867	0.38009879517	0.0003058935190870437	21.4889980007	20.1480974863
3.71100309324	5.33132147395	0.420719381442	-0.0	-0.0	0.0121410528933	0.37964456813	0.00031687239013584653	22.742638244	21.4631675218
3.72912063632	5.33913869538	0.419127954332	-0.0	-0.0	0.0127213886267	0.379284447103	0.0003248101075107925	23.7538528629	22.5180004154
3.74547061423	5.34321766562	0.417586844123	-0.0	-0.0	0.0132863232	0.378933684357	0.0003326308191952128	24.755459456	23.5692763458
3.76226248343	5.3556814605	0.416298291731	-0.0	-0.0	0.0138520024667	0.378582260632	0.00034039340426342675	25.772745112	24.6266889577
3.77065841803	5.36203645506	0.414972206503	-0.0	-0.0	0.01442276032	0.37822748034	0.0003490221511239971	26.8187267247	25.7216018289
3.77993813522	5.36586131158	0.413455600449	-0.0	-0.0	0.0150851648267	0.37781547898	0.0003590825759652768	28.0551680876	27.0220058515
3.79098541759	5.3701847792	0.412470917726	-0.0	-0.0	0.0156255701333	0.377479156296	0.00036690029234616423	29.0770557234	28.0835512659
3.81219619973	5.37741734248	0.411489733141	-0.0	-0.0	0.0161585611733	0.377147269826	0.00037361316420933	30.1000138855	29.1514537577
3.82059213433	5.37803360299	0.410463321918	-0.0	-0.0	0.01669558644	0.376812695816	0.00038163454056229864	31.1463746619	30.2515155918
3.82191780822	5.37729393468	0.41017149869	-0.0	-0.0	0.0169151308667	0.376675860022	0.00038510252629258694	31.5761962402	30.6940074462
3.82015024304	5.37604976672	0.410396255202	-0.0	-0.0	0.0169067821467	0.376681063959	0.0003851225823189459	31.5571385877	30.6562230129
3.82015024304	5.37604976672	0.41060223955	-0.0	-0.0	0.0168967420667	0.376687318357	0.00038493549170703814	31.534569051	30.616668126
3.81926646045	5.37690631808	0.410942460059	-0.0	-0.0	0.01688252576	0.376696182928	0.0003847566967907139	31.5023155481	30.5562820586
3.81882456916	5.37628384687	0.411180758832	-0.0	-0.0	0.0168722147467	0.376702610102	0.000384607105841942	31.478969282	30.5133025896
3.81661511268	5.37608966376	0.411596851664	-0.0	-0.0	0.0168547711067	0.376713482582	0.00038450232737299574	31.4394986752	30.4396071061
3.81573133009	5.37546699875	0.41200582622	-0.0	-0.0	0.01683766904	0.376724141979	0.00038426931957985744	31.4007636733	30.367348916
3.81573133009	5.37546699875	0.412587376731	-0.0	-0.0	0.0168131410133	0.376739429518	0.0003838074919027377	31.345273099	30.2644046493
3.8148475475	5.37391033624	0.414614208173	-0.0	-0.0	0.01672814476	0.376792397668	0.00038229479989284666	31.1532955662	29.9088343972
3.80424215643	5.37371214486	0.423406649517	-0.0	-0.0	0.01636665716	0.377017636655	0.0003765222767381201	30.3423610487	28.419554312
3.79319487406	5.36616635397	0.432202658123	-0.0	-0.0	0.01601647492	0.37723576235	0.0003709916261020871	29.5657511472	27.0124013791
3.78568272205	5.36508931369	0.440370250411	-0.0	-0.0	0.0157008088667	0.377432316854	0.0003657540522005994	28.8738788914	25.7749778983
3.76977463544	5.36446540881	0.448780348236	-0.0	-0.0	0.0153861453067	0.377628181158	0.00036136176793709476	28.1921574153	24.5684966312
3.76314626602	5.36251968504	0.457734275221	-0.0	-0.0	0.0150615938533	0.377830144302	0.0003558774007869638	27.4972773096	23.3532902532
3.75121520106	5.35520504732	0.467181471073	-0.0	-0.0	0.0147288175867	0.378037150938	0.0003507498127981348	26.7943373502	22.1414282183
3.74723817941	5.35565382186	0.477316843276	-0.0	-0.0	0.01438135024	0.378253222132	0.0003446125554576727	26.0713208	20.9149781099
3.73177198409	5.34737175427	0.488337732274	-0.0	-0.0	0.0140122525067	0.378482670435	0.0003391099213184148	25.3143158853	19.6578252284
3.71851524525	5.33449587825	0.500207297108	-0.0	-0.0	0.0136243910667	0.378723678418	0.0003330518759071279	24.5308540086	18.3867012338
3.70393283252	5.32179161372	0.513233706203	-0.0	-0.0	0.0132094509467	0.378981425289	0.00032658585971965626	23.706208961	17.083003761
3.67079098542	5.30648769575	0.52717713328	-0.0	-0.0	0.01277572772	0.3792507107	0.00032134617924876803	22.860206913	15.7842715967
3.64913831198	5.29409878127	0.542255252551	-0.0	-0.0	0.01231776044	0.379534934005	0.00031471418661305537	21.9859562103	14.4839125756
3.63367211666	5.28213367609	0.5587427924	-0.0	-0.0	0.01182521716	0.379840465489	0.0003068974520888538	21.0641718873	13.1685208165
3.61820592134	5.26778242678	0.576910909555	-0.0	-0.0	0.0113024593733	0.380164573992	0.00029850137044030225	20.1068470351	11.8491523509
3.61290322581	5.25997425997	0.592467284882	-0.0	-0.0	0.0108728496533	0.380430804125	0.0002909677729942014	19.3348645303	10.8189827936
3.61290322581	5.25997425997	0.591782034567	-0.0	-0.0	0.0108816798667	0.380425333829	0.00029113513786357503	19.3507671365	10.8528953673
3.61246133451	5.25965250965	0.591557436277	-0.0	-0.0	0.0108864721867	0.380422363965	0.0002912569396627776	19.3590489521	10.8657492347
3.61290322581	5.25997425997	0.5909759323	-0.0	-0.0	0.0108968437467	0.380415937945	0.0002914077928789285	19.3770305636	10.8971311279
3.6137870084	5.26061776062	0.590158312286	-0.0	-0.0	0.0109103873067	0.380407546514	0.00029158531953335965	19.4008764487	10.940550364
3.61555457357	5.26222651223	0.589105752486	-0.0	-0.0	0.0109278105333	0.380396757095	0.00029176244887469977	19.4315976351	10.9966341699
3.61688024746	5.26237942122	0.586863826006	-0.0	-0.0	0.0109653968133	0.380373462102	0.00029234497008806526	19.4979331724	11.1172641672
3.62439239947	5.27500804117	0.566974625407	-0.0	-0.0	0.01131748792	0.380155263005	0.0002981887402943057	20.1250435797	12.2514458085
3.6305788776	5.28272756513	0.547282303667	-0.0	-0.0	0.0117002902933	0.379917935238	0.0003046919244291971	20.8185992352	13.4991514518
3.64339372514	5.29797492768	0.530100683071	-0.0	-0.0	0.01206754608	0.379690171368	0.0003103348477607305	21.4949649647	14.7079836763
3.6557666814	5.30989081567	0.514755907048	-0.0	-0.0	0.0124285490533	0.379466191074	0.0003158870803348225	22.1701027771	15.9022155052
3.67476800707	5.32319026265	0.50070453129	-0.0	-0.0	0.01279275704	0.379240146038	0.0003209043186454903	22.8610450951	17.1095701114
3.67741935484	5.32970201858	0.487630440237	-0.0	-0.0	0.0131643214933	0.379009457927	0.00032744921525925124	23.5755696597	18.3460387948
3.69686257181	5.34836852207	0.475827131172	-0.0	-0.0	0.0135363507067	0.378778388455	0.00033251534793639695	24.3012735202	19.5804172435
3.71144498453	5.35716565592	0.465636111988	-0.0	-0.0	0.01388941736	0.378559009919	0.00033763990610025617	24.9987919838	20.7507541105
3.72514361467	5.35961844197	0.456326260693	-0.0	-0.0	0.0142436939733	0.378338808906	0.0003428605729791236	25.7074219872	21.9220952318
3.73530711445	5.37051159835	0.448079257524	-0.0	-0.0	0.0145923324	0.378122036141	0.000348289926594697	26.4127396886	23.064114288
3.75077330977	5.3765451664	0.440381787886	-0.0	-0.0	0.0149523432267	0.377898121862	0.0003533987768752753	27.1488158369	24.2342609811
3.75828546178	5.37634408602	0.433577734446	-0.0	-0.0	0.01531051036	0.377675256679	0.00035918003183275633	27.8868944258	25.3793937084
3.76889085285	5.38332807073	0.427899444115	-0.0	-0.0	0.0156541339733	0.377461382082	0.00036435458416327315	28.5978510144	26.448199586
3.77728678745	5.38789025544	0.422913541495	-0.0	-0.0	0.0160203404533	0.377233357074	0.00037005532850793206	29.354816947	27.5328076636
3.78612461335	5.39338582677	0.419222296025	-0.0	-0.0	0.0163805580933	0.377008983089	0.0003754870094682722	30.095333552	28.5219888534
3.79275298277	5.39591194969	0.416536631297	-0.0	-0.0	0.0167494498533	0.376779124442	0.0003811903305050114	30.8486956904	29.457225101
3.80556783031	5.40238543628	0.414564137641	-0.0	-0.0	0.0171536889067	0.376527143299	0.00038677744623703575	31.6693014028	30.4084929869
3.80600972161	5.40470957614	0.414322009382	-0.0	-0.0	0.0172135081733	0.376489846494	0.0003877447109928816	31.7906555477	30.5457274416
3.80468404772	5.40345368917	0.41449597758	-0.0	-0.0	0.0172105263333	0.376491705699	0.00038781539870922613	31.7829508634	30.5234457523
3.80380026513	5.40496387056	0.414671967995	-0.0	-0.0	0.0172006025333	0.37649789324	0.0003877222824941297	31.7609104691	30.4872433016
3.80380026513	5.40251177394	0.41496537968	-0.0	-0.0	0.01718904456	0.37650509648	0.00038750590832370614	31.7347964045	30.4371427233
3.80247459125	5.40433553252	0.41509903035	-0.0	-0.0	0.0171828699867	0.376508947241	0.0003875267575995338	31.7210134717	30.4125306484
3.80159080866	5.40031397174	0.415447027465	-0.0	-0.0	0.01716859528	0.376517843724	0.0003873500870250063	31.6888989347	30.352122263
3.79893946089	5.40025133522	0.415896048979	-0.0	-0.0	0.0171501267867	0.376529358586	0.00038727468488502294	31.6473228056	30.274166447
3.79407865665	5.3998112614	0.418013218865	-0.0	-0.0	0.01706294408	0.376583717668	0.00038614456248501944	31.4516295278	29.908772969
3.78347326558	5.39413988658	0.425962000002	-0.0	-0.0	0.01674356016	0.376782795012	0.00038125783351116333	30.7395481636	28.5848697062
3.77375165709	5.38857323232	0.43473729392	-0.0	-0.0	0.0164037507733	0.37699453409	0.0003759081727803524	29.9910870373	27.2047180431
3.76226248343	5.38393421885	0.443123559111	-0.0	-0.0	0.0160906825333	0.377189546787	0.00037121942989749	29.3095234524	25.9591380366
3.75033141847	5.37983512999	0.451681452432	-0.0	-0.0	0.0157808553067	0.377382477786	0.00036662009598460466	28.642762927	24.7541203934
3.74326115776	5.37127457197	0.460465605072	-0.0	-0.0	0.0154743623067	0.377573279204	0.00036160530263224975	27.9909971912	23.5856010667
3.73309765798	5.36967577877	0.469852581336	-0.0	-0.0	0.0151550994533	0.377771959379	0.0003566385674411794	27.3203874038	22.401084151
3.72160848431	5.36349155782	0.479645113545	-0.0	-0.0	0.0148316887067	0.377973167677	0.00035173500527593083	26.650238307	21.2335796961
3.71100309324	5.35267857143	0.490040098677	-0.0	-0.0	0.0144959934	0.378181944356	0.0003465182647075909	25.9640682612	20.0607536596
3.69597878922	5.34601854813	0.500676344319	-0.0	-0.0	0.0141610572533	0.378390178825	0.00034172443814090437	25.2888893094	18.9282090005
3.67962881131	5.3334401025	0.512599328659	-0.0	-0.0	0.0137938848667	0.37861837489	0.0003364554854062596	24.5594544064	17.7320301722
3.66946531153	5.32552918538	0.525414809448	-0.0	-0.0	0.0134071160933	0.378858659429	0.00033023793246302947	23.8032373005	16.5250157389
3.64295183385	5.30917874396	0.539484722606	-0.0	-0.0	0.0129895113467	0.379117996847	0.00032489541023581603	23.0005916202	15.2846746083
3.62969509501	5.29667849081	0.553734642092	-0.0	-0.0	0.0125746587867	0.379375517127	0.00031841752131547905	22.2170259759	14.113642068
3.61688024746	5.27530625403	0.569975893207	-0.0	-0.0	0.0121117381733	0.379662751293	0.000311028629356736	21.3583872525	12.8759275687
3.60406539991	5.26064516129	0.588113795157	-0.0	-0.0	0.0115982158533	0.379981226537	0.00030268781756496603	20.4240079515	11.5967197001
3.59036676977	5.24612403101	0.607115193569	-0.0	-0.0	0.0110636225333	0.38031259585	0.00029397282745068077	19.469087635	10.3635675465
3.57313300928	5.2296991265	0.631026636675	-0.0	-0.0	0.0104102220533	0.380717367644	0.00028334592114268237	18.3315766698	8.97042997875
3.54971277066	5.21493506494	0.659907704914	-0.0	-0.0	0.00965482125333	0.381184997593	0.0002713196127130171	17.0594716128	7.50291789922
3.52143172779	5.19191919192	0.689365648493	-0.0	-0.0	0.00892951114667	0.381633667636	0.000260205522243601	15.8838599294	6.22273629836
