# C		CN		K0		e_x		e_y		e_z		n		overlap		p		q
3.4622182943	5.24832439678	0.736850331249	-0.0	-0.0	1.87240000048e-07	0.388460992082	0.00012999000601709296	5.58717554389	1.78307353341
3.47856827221	5.25025025025	0.651998792481	-0.0	-0.0	0.000531443826667	0.388136021642	0.0001388633604627413	6.16362926152	2.79290712765
3.49801148917	5.24892134086	0.576217682473	-0.0	-0.0	0.00134984762667	0.387635064873	0.00015228128997098908	7.0885874547	4.18691042036
3.51922227132	5.25842696629	0.53509821824	-0.0	-0.0	0.00212068413333	0.387162849648	0.00016444645334599714	7.99490857961	5.38622400005
3.5466195316	5.26008527386	0.508660734905	-0.0	-0.0	0.00286652962667	0.386705597323	0.00017569449195970445	8.90405729609	6.50602251603
3.55589924878	5.26719056974	0.490124425853	-0.0	-0.0	0.00361248325333	0.386247937464	0.00018769621813090377	9.84480388096	7.60453671292
3.56915598763	5.26581865623	0.476922014232	-0.0	-0.0	0.00433858268	0.385802130613	0.00019907635756158244	10.7889855897	8.66519655899
3.58241272647	5.27506510417	0.466562432113	-0.0	-0.0	0.00503626472	0.385373466272	0.00020994090379650358	11.726312918	9.70747822709
3.59566946531	5.27783187277	0.45825944949	-0.0	-0.0	0.00572674384	0.384948932935	0.00022060657505166726	12.6804463129	10.753108623
3.60627485639	5.28011658031	0.451393719306	-0.0	-0.0	0.00641326198667	0.384526544244	0.000231315506040096	13.6562528665	11.8119963501
3.61776403005	5.28123990959	0.445701205686	-0.0	-0.0	0.00707321445333	0.384120226958	0.00024147372188531422	14.6201943967	12.8538846276
3.63499779054	5.28585209003	0.44089899862	-0.0	-0.0	0.00772982676	0.383715699926	0.00025115465377570313	15.6026956107	13.9071506394
3.65178965974	5.2888248479	0.436801393238	-0.0	-0.0	0.00836371930667	0.383324918058	0.0002604392226526389	16.5745819871	14.9467884284
3.65885992046	5.29801536492	0.433252585875	-0.0	-0.0	0.00898968749333	0.382938783254	0.00027025448259487145	17.5559146303	15.9920840884
3.66769774635	5.30668372242	0.430208432325	-0.0	-0.0	0.00960245564	0.382560546898	0.0002797251097739638	18.5362414036	17.0313346146
3.67741935484	5.31331842862	0.427379372633	-0.0	-0.0	0.01020852716	0.382186221008	0.0002889808436902548	19.5253668389	18.084229829
3.69244365886	5.32323876315	0.424995526562	-0.0	-0.0	0.0108068733867	0.381816443848	0.00029764795915277517	20.5190072304	19.1328292016
3.70481661511	5.33333333333	0.422897442096	-0.0	-0.0	0.0114085767867	0.381444368772	0.0003065401288106714	21.5354208157	20.1996655393
3.72823685373	5.3320683112	0.420463035315	-0.0	-0.0	0.0121410528933	0.380991125577	0.0003166291476535207	22.7985492518	21.5314491604
3.74237737517	5.33564450047	0.418809994191	-0.0	-0.0	0.0127213886267	0.38063178835	0.0003249239280320776	23.8161051636	22.597189385
3.7565178966	5.33773169965	0.417412447256	-0.0	-0.0	0.0132863232	0.380281786979	0.0003329090798224027	24.8201595553	23.642445757
3.76535572249	5.34211351521	0.415979028999	-0.0	-0.0	0.0138520024667	0.379931132927	0.0003414120873973259	25.844911115	24.7177658116
3.77949624392	5.34709193246	0.414675226587	-0.0	-0.0	0.01442276032	0.37957711927	0.00034951075658489205	26.8946798728	25.8159212335
3.79186920018	5.3596875	0.413302014809	-0.0	-0.0	0.0150851648267	0.379166008807	0.00035922256202919025	28.1318759074	27.1075416131
3.80159080866	5.36306924517	0.412287370442	-0.0	-0.0	0.0156255701333	0.378830424573	0.0003671442810217564	29.1561900306	28.1744464507
3.8064516129	5.37055520898	0.41136243117	-0.0	-0.0	0.0161585611733	0.378499250085	0.00037538956945170986	30.1792527685	29.2386015231
3.81838267786	5.37535014006	0.410540219012	-0.0	-0.0	0.01669558644	0.378165402396	0.0003829564059940832	31.2211979991	30.3176732073
3.82633672117	5.37942821628	0.410225226222	-0.0	-0.0	0.0169151308667	0.378028863536	0.0003857336464014894	31.6506076169	30.7617215103
3.82456915599	5.37787445618	0.41051476709	-0.0	-0.0	0.0169067821467	0.378034048271	0.0003857442526116914	31.6303386118	30.7171583551
3.82456915599	5.3766314481	0.410708435093	-0.0	-0.0	0.0168967420667	0.378040300733	0.00038556035115232094	31.6080355922	30.6788891592
3.82103402563	5.37939620293	0.411038571757	-0.0	-0.0	0.01688252576	0.37804914264	0.0003856496743344159	31.575893404	30.6194224709
3.82191780822	5.37908496732	0.411282836255	-0.0	-0.0	0.0168722147467	0.378055555551	0.0003853680361516035	31.5526231641	30.5759695215
3.81794078657	5.37721755369	0.411692824002	-0.0	-0.0	0.0168547711067	0.378066399802	0.0003854440954209657	31.5133357421	30.5029080003
3.81661511268	5.37566137566	0.412099414591	-0.0	-0.0	0.01683766904	0.378077037179	0.0003852569167224443	31.4746848803	30.4308697671
3.81573133009	5.37682964808	0.41267624314	-0.0	-0.0	0.0168131410133	0.378092288573	0.0003848874514976139	31.4194079161	30.3284403987
3.81352187362	5.37507788162	0.414692021576	-0.0	-0.0	0.01672814476	0.378145152624	0.00038351836290917803	31.2280227189	29.9740411253
3.79982324348	5.36672908864	0.423489349785	-0.0	-0.0	0.01636665716	0.378369904816	0.00037809681520691393	30.4190343172	28.4847311838
3.79142730888	5.360625	0.432307077884	-0.0	-0.0	0.01601647492	0.378587550525	0.00037235322136138665	29.6452785577	27.0770466254
3.78303137428	5.36078922643	0.440516332517	-0.0	-0.0	0.0157008088667	0.378783675309	0.0003672452982911941	28.9556964369	25.8372534483
3.77596111357	5.35213032581	0.448889342379	-0.0	-0.0	0.0153861453067	0.378979121771	0.0003620146546749245	28.2755672415	24.633483212
3.76933274414	5.34440614228	0.457786678953	-0.0	-0.0	0.0150615938533	0.379180642296	0.0003565356739764729	27.5817913777	23.421522295
3.76093680954	5.3418079096	0.46720191431	-0.0	-0.0	0.0147288175867	0.379387201873	0.0003510563910117005	26.8784559374	22.2096177507
3.74723817941	5.33511642542	0.477243642558	-0.0	-0.0	0.01438135024	0.379602807096	0.0003458115278911148	26.1558749299	20.9873198074
3.73309765798	5.32870662461	0.488141009467	-0.0	-0.0	0.0140122525067	0.379831752039	0.0003401823324889827	25.3990575924	19.7351428418
3.70658418029	5.31737476221	0.499783823537	-0.0	-0.0	0.0136243910667	0.380072240535	0.0003353317956687069	24.6164407672	18.4743065283
3.68979231109	5.3111676742	0.512403491028	-0.0	-0.0	0.0132094509467	0.380329424283	0.0003290564766566507	23.7908730662	17.1873369984
3.67432611578	5.30060567421	0.526200692985	-0.0	-0.0	0.01277572772	0.380598131528	0.0003223239283903824	22.9435846128	15.88966159
3.65930181175	5.29178651326	0.541122159469	-0.0	-0.0	0.01231776044	0.380881732372	0.000315082293254642	22.0669211555	14.5890965362
3.6389748122	5.27482383088	0.557671522616	-0.0	-0.0	0.01182521716	0.381186599828	0.0003076203311178987	21.1412722754	13.2622273205
3.62925320371	5.2709470305	0.575724480367	-0.0	-0.0	0.0113024593733	0.381510004813	0.0002987517708594275	20.1825455694	11.9402693235
3.6133451171	5.25965250965	0.591081715779	-0.0	-0.0	0.0108728496533	0.381775652635	0.000292070426773124	19.4100712707	10.9118312485
3.61511268228	5.26126126126	0.590395166921	-0.0	-0.0	0.0108816798667	0.381770197982	0.0002920974192839346	19.4260545006	10.9460396365
3.61467079099	5.2602960103	0.590167790556	-0.0	-0.0	0.0108864721867	0.381767237137	0.00029221951979868253	19.4343171892	10.9590595434
3.61511268228	5.25956899325	0.58959197902	-0.0	-0.0	0.0108968437467	0.381760823149	0.00029237015259343666	19.4523299872	10.9904336769
3.61599646487	5.2611772274	0.588757618505	-0.0	-0.0	0.0109103873067	0.381752449933	0.00029254872912621644	19.4763674851	11.0348358689
3.62085726911	5.26390228222	0.58771403123	-0.0	-0.0	0.0109278105333	0.381741677972	0.00029248043648354345	19.5072494788	11.091010622
3.61997348652	5.26358084217	0.58548561753	-0.0	-0.0	0.0109653968133	0.381718439505	0.0002932424603040764	19.5737953219	11.2119675509
3.62881131242	5.27167630058	0.565602423376	-0.0	-0.0	0.01131748792	0.381500710148	0.0002990127404970069	20.2034753414	12.3540551361
3.64162615996	5.27971803909	0.545975050337	-0.0	-0.0	0.0117002902933	0.381263908629	0.0003049976837022872	20.8997673308	13.6078998355
3.6557666814	5.29014715291	0.528920974637	-0.0	-0.0	0.01206754608	0.381036625275	0.00031054534059751505	21.5786358932	14.8192762357
3.66593018118	5.29987212276	0.513696474307	-0.0	-0.0	0.0124285490533	0.380813138814	0.00031629361987893506	22.2557901023	16.0152513126
3.67344233319	5.30862619808	0.499703373555	-0.0	-0.0	0.01279275704	0.380587584525	0.000322326389805679	22.9489536293	17.2270361163
3.68007070261	5.31577266922	0.486815368154	-0.0	-0.0	0.0131643214933	0.380357389047	0.00032857577294772146	23.6657925917	18.460780178
3.69244365886	5.32791068581	0.475153183602	-0.0	-0.0	0.0135363507067	0.380126821007	0.00033430356565631827	24.3933856324	19.6935071417
3.70790985418	5.33959261617	0.465084747251	-0.0	-0.0	0.01388941736	0.379907925818	0.00033938625401901335	25.0927837914	20.8621773718
3.72205037561	5.34879288437	0.455964073399	-0.0	-0.0	0.0142436939733	0.379688202779	0.0003445801513755043	25.802690569	22.0263361299
3.73309765798	5.35861631228	0.44782334326	-0.0	-0.0	0.0145923324	0.379471900547	0.00034993117165293757	26.5082935066	23.1645395555
3.7397260274	5.36600063432	0.440272053003	-0.0	-0.0	0.0149523432267	0.379248467727	0.00035586788166780555	27.2432842231	24.3261950075
3.75165709236	5.36812144213	0.433590807689	-0.0	-0.0	0.01531051036	0.379026090876	0.0003612156666972954	27.9797116016	25.4629207767
3.75740167919	5.36860391661	0.427998303948	-0.0	-0.0	0.0156541339733	0.378812672912	0.0003668420337402178	28.6892596243	26.5253262217
3.76712328767	5.37401450646	0.422932825963	-0.0	-0.0	0.0160203404533	0.37858514843	0.0003724148908318643	29.4466842166	27.6174728555
3.77463543968	5.37846347607	0.419139427315	-0.0	-0.0	0.0163805580933	0.378361270273	0.0003780042113223797	30.1883102558	28.6167669384
3.78612461335	5.38860918817	0.416475498778	-0.0	-0.0	0.0167494498533	0.378131903808	0.0003832353094984388	30.9423680498	29.5517390923
3.79363676536	5.39208294062	0.41446177101	-0.0	-0.0	0.0171536889067	0.377880477744	0.00038936764015891253	31.7646937743	30.5088355686
3.79319487406	5.39208294062	0.414224030578	-0.0	-0.0	0.0172135081733	0.377843253774	0.0003904253307119066	31.8861223685	30.6458651547
3.79231109147	5.3925204274	0.414398295046	-0.0	-0.0	0.0172105263333	0.377845108943	0.00039045137930476267	31.8784064765	30.6234973617
3.79231109147	5.39295818925	0.414571641476	-0.0	-0.0	0.0172006025333	0.377851283053	0.0003902697975344751	31.8564385556	30.5875368635
3.79142730888	5.3926438227	0.414848742285	-0.0	-0.0	0.01718904456	0.37785847379	0.00039014548932436613	31.8304626755	30.538876659
3.79098541759	5.39201508959	0.415035890523	-0.0	-0.0	0.0171828699867	0.37786231195	0.00039007393421074685	31.8163889236	30.5093698611
3.79054352629	5.39138635649	0.415336521308	-0.0	-0.0	0.01716859528	0.377871196006	0.0003898555380858513	31.7845543636	30.4531738169
3.79098541759	5.39201508959	0.415789410658	-0.0	-0.0	0.0171501267867	0.377882685681	0.00038946481305382875	31.7429952978	30.3747681093
3.7896597437	5.39044325684	0.4179001288	-0.0	-0.0	0.01706294408	0.377936921188	0.00038797494600562423	31.5475708066	30.0095342516
3.77551922227	5.38512448787	0.42581200917	-0.0	-0.0	0.01674356016	0.378135566409	0.0003834636059321653	30.8366918651	28.687343603
3.76712328767	5.37961502051	0.434558839369	-0.0	-0.0	0.0164037507733	0.378346845882	0.0003779798457123309	30.0891604184	27.3075098207
3.75916924437	5.37271004422	0.442904382389	-0.0	-0.0	0.0160906825333	0.378541427557	0.0003729382173396453	29.4086832958	26.0632714564
3.74856385329	5.36602341031	0.451423867357	-0.0	-0.0	0.0157808553067	0.378733950238	0.00036822625450051797	28.7431407763	24.8592686415
3.73884224481	5.35750474984	0.460051634604	-0.0	-0.0	0.0154743623067	0.378924334756	0.0003634738700219258	28.0919938657	23.6990787085
3.72956252762	5.35172851253	0.469277723888	-0.0	-0.0	0.0151550994533	0.379122589496	0.00035842726185941005	27.4213744515	22.521616722
3.71939902784	5.34731490308	0.478885775395	-0.0	-0.0	0.0148316887067	0.379323355456	0.0003533883947918311	26.7506948262	21.361278214
3.71056120194	5.3386327504	0.489201400888	-0.0	-0.0	0.0144959934	0.379531678724	0.00034799441661956276	26.0636465254	20.187912372
3.69553689792	5.32929550526	0.499771470455	-0.0	-0.0	0.0141610572533	0.379739461194	0.00034318303920521584	25.3872781759	19.0535155379
3.67874502872	5.31449553001	0.511493221297	-0.0	-0.0	0.0137938848667	0.379967161931	0.00033793174491272403	24.656651006	17.8621184545
3.66151126823	5.3068545804	0.524083331755	-0.0	-0.0	0.0134071160933	0.380206924902	0.0003323588208440269	23.8995150458	16.660037158
3.65134776845	5.29583333333	0.538001796581	-0.0	-0.0	0.0129895113467	0.380465699395	0.0003255728522451254	23.0955097286	15.4191698465
3.64118426867	5.28447722899	0.552236569286	-0.0	-0.0	0.0125746587867	0.380722655354	0.0003188419767411626	22.3109372245	14.2411251695
3.62527618206	5.27395498392	0.568316706904	-0.0	-0.0	0.0121117381733	0.381009271383	0.0003117034061025317	21.4503059617	13.0013955445
3.61246133451	5.25933075933	0.586401517351	-0.0	-0.0	0.0115982158533	0.381327055336	0.0003033414297887965	20.512469648	11.7137994374
3.59832081308	5.24315619968	0.605499728527	-0.0	-0.0	0.0110636225333	0.38165770537	0.000294641249010204	19.5555973183	10.46769382
3.5797613787	5.23022279625	0.62950314344	-0.0	-0.0	0.0104102220533	0.382061598304	0.0002840540477130614	18.4158692254	9.06109252348
3.55192222713	5.21616358325	0.65836835917	-0.0	-0.0	0.00965482125333	0.382528213456	0.0002723546002879427	17.1435976018	7.58411000963
3.52850198851	5.1911573472	0.687443358655	-0.0	-0.0	0.00892951114667	0.382975905755	0.00026088959487281734	15.9670310861	6.30421851974
