# C		CN		K0		e_x		e_y		e_z		n		overlap		p		q
3.46531153336	5.26216851292	0.736131806916	-0.0	-0.0	1.87240000048e-07	0.38657004279	0.00014523399533	5.58401721562	1.78797017186
3.48475475033	5.26461744069	0.655303941096	-0.0	-0.0	0.000531443826667	0.386244067504	0.000153943265241	6.10534716695	2.73238370246
3.50243040212	5.26704356501	0.575785634977	-0.0	-0.0	0.00134984762667	0.385741561719	0.000167535811762	6.94412133914	4.1074112659
3.52496685815	5.27281746032	0.53054602289	-0.0	-0.0	0.00212068413333	0.38526788635	0.000179648102817	7.76274206609	5.30434845498
3.5461776403	5.27706482396	0.501015956852	-0.0	-0.0	0.00286652962667	0.384809220148	0.00019118433653	8.58230525169	6.41713053329
3.55855059655	5.28191663932	0.479795797633	-0.0	-0.0	0.00361248325333	0.384350145151	0.000203025189012	9.42864444341	7.50894289495
3.56517896597	5.2765052356	0.463919401041	-0.0	-0.0	0.00433858268	0.383902959814	0.000214818061258	10.2789577368	8.57491271718
3.59346000884	5.28938802083	0.451760500271	-0.0	-0.0	0.00503626472	0.383472969993	0.000224781931427	11.120888714	9.60889393401
3.61246133451	5.28779540304	0.442063303006	-0.0	-0.0	0.00572674384	0.38304712395	0.000235110523764	11.9782579748	10.641179317
3.6137870084	5.27695287282	0.434077475251	-0.0	-0.0	0.00641326198667	0.382623429185	0.000246492306688	12.8541176757	11.6817420201
3.62660185594	5.28033472803	0.427595315995	-0.0	-0.0	0.00707321445333	0.382215855519	0.000256609523801	13.7161303641	12.6960169992
3.63764913831	5.28823907455	0.421963696731	-0.0	-0.0	0.00772982676	0.381810077642	0.000266788227009	14.5952208627	13.7259756693
3.65355722492	5.29372197309	0.417193764298	-0.0	-0.0	0.00836371930667	0.381418087431	0.000276204605536	15.4629732666	14.7382989174
3.66593018118	5.30210997442	0.413015665855	-0.0	-0.0	0.00898968749333	0.381030753617	0.000285721491686	16.3382774063	15.7559939709
3.67918692002	5.31248005107	0.409355172852	-0.0	-0.0	0.00960245564	0.380651352748	0.000294912840244	17.2122072569	16.7695222124
3.69597878922	5.32123527539	0.406122001706	-0.0	-0.0	0.01020852716	0.380275869399	0.000303683572565	18.0939721964	17.7883529518
3.71188687583	5.32234548336	0.403086915341	-0.0	-0.0	0.0108068733867	0.379904948845	0.000312399678228	18.9827059531	18.8204900988
3.72823685373	5.32985781991	0.400366591802	-0.0	-0.0	0.0114085767867	0.379531728276	0.000321099580768	19.8923274954	19.8720791758
3.74193548387	5.33732660782	0.397387479889	-0.0	-0.0	0.0121410528933	0.379077083113	0.000332191065442	21.0217312735	21.1747301089
3.76535572249	5.34819466248	0.395219187208	-0.0	-0.0	0.0127213886267	0.378716630255	0.000339827026844	21.9335157513	22.226349155
3.7728678745	5.34921630094	0.39335662604	-0.0	-0.0	0.0132863232	0.37836554664	0.00034858012121	22.8335854551	23.2580857123
3.78214759169	5.34896810507	0.391565943031	-0.0	-0.0	0.0138520024667	0.37801380144	0.000357174928149	23.750503291	24.3121922478
3.78568272205	5.35020306154	0.390019152538	-0.0	-0.0	0.01442276032	0.377658696603	0.000366347230874	24.6864394613	25.378535766
3.78789217852	5.34978138663	0.388421134705	-0.0	-0.0	0.0150851648267	0.377246324843	0.000377150116054	25.788878899	26.6291503176
3.79938135219	5.3499377335	0.387206988249	-0.0	-0.0	0.0156255701333	0.376909692595	0.000385014103915	26.7025184061	27.6651055934
3.80733539549	5.3531240286	0.386136390404	-0.0	-0.0	0.0161585611733	0.376577506844	0.000393071424087	27.6137731837	28.6938173368
3.8232434821	5.36259305211	0.385247829959	-0.0	-0.0	0.01669558644	0.37624262085	0.000400307488485	28.5400356426	29.7290457834
3.83031374282	5.36450913596	0.38484541336	-0.0	-0.0	0.0169151308667	0.376105656897	0.000403233525525	28.9239858426	30.1624254695
3.82766239505	5.36515809051	0.385099714604	-0.0	-0.0	0.0169067821467	0.376110864526	0.000403344425577	28.906250381	30.1228121234
3.82898806894	5.364622057	0.385264359909	-0.0	-0.0	0.0168967420667	0.37611712946	0.000403019351854	28.8866698955	30.0887502861
3.82456915599	5.36360818351	0.385563702849	-0.0	-0.0	0.01688252576	0.376125998707	0.000403217446999	28.8584679704	30.0345816074
3.82456915599	5.36360818351	0.385767697055	-0.0	-0.0	0.0168722147467	0.376132423392	0.000403024585517	28.8381452354	29.9965562408
3.82501104728	5.36360818351	0.386132409098	-0.0	-0.0	0.0168547711067	0.376143313873	0.00040264906505	28.8034841673	29.9303895002
3.82456915599	5.3620582765	0.386485239609	-0.0	-0.0	0.01683766904	0.376153982406	0.000402374464466	28.7696388233	29.8661454482
3.82059213433	5.36166253102	0.38699314286	-0.0	-0.0	0.0168131410133	0.376169284545	0.000402331987756	28.721091625	29.7740060096
3.81838267786	5.36188702669	0.388769861658	-0.0	-0.0	0.01672814476	0.376222305565	0.000400961863988	28.5528842878	29.4548411791
3.80866106938	5.35518955873	0.396440846996	-0.0	-0.0	0.01636665716	0.37644774585	0.000395165088303	27.8431358607	28.1195009465
3.79584622183	5.35046728972	0.40410842451	-0.0	-0.0	0.01601647492	0.376666071411	0.000389889594972	27.1635390648	26.8549495565
3.78745028723	5.34362332398	0.411256090347	-0.0	-0.0	0.0157008088667	0.376862805719	0.000384800376844	26.5575611705	25.7374450936
3.77772867875	5.34	0.418548487542	-0.0	-0.0	0.0153861453067	0.377058853441	0.000379853159513	25.9597402009	24.6492108052
3.76137870084	5.33510971787	0.426364213213	-0.0	-0.0	0.0150615938533	0.377260997091	0.000375377694893	25.349772833	23.5461441783
3.75121520106	5.33333333333	0.434615033385	-0.0	-0.0	0.0147288175867	0.377468195374	0.000370115909795	24.7312353578	22.4413285326
3.748121962	5.33060967945	0.443509672444	-0.0	-0.0	0.01438135024	0.377684467272	0.000363886610411	24.0935266479	21.3158618208
3.74149359258	5.32348318139	0.453242915308	-0.0	-0.0	0.0140122525067	0.377914112791	0.00035759815565	23.4251716732	20.1541679987
3.7308882015	5.3156899811	0.463772368528	-0.0	-0.0	0.0136243910667	0.378155356479	0.000351316761007	22.732861731	18.9723045618
3.71674768007	5.30735247712	0.475363091841	-0.0	-0.0	0.0132094509467	0.378413331244	0.000344874033408	22.0036438923	17.7532712635
3.70349094123	5.30348101266	0.487898460802	-0.0	-0.0	0.01277572772	0.378682868402	0.000337969350709	21.2535193002	16.5259290993
3.6893504198	5.29968253968	0.501611060397	-0.0	-0.0	0.01231776044	0.37896734482	0.000330675279621	20.4755435412	15.2825555299
3.66813963765	5.28662420382	0.516825627788	-0.0	-0.0	0.01182521716	0.379273157275	0.000323352124078	19.6556414105	14.0099274734
3.64162615996	5.27633685559	0.533511557001	-0.0	-0.0	0.0113024593733	0.379597562266	0.000315893408871	18.8039360063	12.7310896096
3.63146266019	5.26329276105	0.547741581295	-0.0	-0.0	0.0108728496533	0.379864029358	0.000308778027728	18.1193510183	11.7318466487
3.63278833407	5.26393337604	0.547258223556	-0.0	-0.0	0.0108816798667	0.379858559982	0.000308829215196	18.1332465296	11.7588165868
3.63323022536	5.26393337604	0.546930448743	-0.0	-0.0	0.0108864721867	0.379855588059	0.000308883629065	18.1410283537	11.7760653328
3.63367211666	5.26393337604	0.546466616859	-0.0	-0.0	0.0108968437467	0.37984915616	0.000309035613093	18.1571951874	11.8038559888
3.63499779054	5.26585522101	0.54579124025	-0.0	-0.0	0.0109103873067	0.379840757053	0.00030917283087	18.1784369878	11.8429065964
3.63499779054	5.266495836	0.544896725164	-0.0	-0.0	0.0109278105333	0.379829951784	0.000309496130985	18.2059749699	11.8943795557
3.63411400795	5.26818327459	0.542996334949	-0.0	-0.0	0.0109653968133	0.379806641461	0.000310267448738	18.2653109053	12.0048082826
3.64206805126	5.27505603586	0.526004609629	-0.0	-0.0	0.01131748792	0.379588238448	0.000316102073549	18.8261758286	13.0460240782
3.65620857269	5.28708439898	0.509118001364	-0.0	-0.0	0.0117002902933	0.379350697891	0.000321947539252	19.4457521089	14.1889793572
3.67520989837	5.30830670927	0.494279102417	-0.0	-0.0	0.01206754608	0.379122718983	0.000327056876673	20.0497432379	15.296873064
3.68493150685	5.31092704683	0.480889432257	-0.0	-0.0	0.0124285490533	0.378898539976	0.000332872938117	20.6525795047	16.3947718053
3.69818824569	5.32262169901	0.468466959925	-0.0	-0.0	0.01279275704	0.378672293543	0.000338409267264	21.2694056685	17.5102388466
3.70746796288	5.32750952986	0.456865257984	-0.0	-0.0	0.0131643214933	0.378441382478	0.000344426881627	21.9071624818	18.6523770357
3.71851524525	5.33333333333	0.446276803168	-0.0	-0.0	0.0135363507067	0.378210104017	0.000350275558918	22.5540561642	19.7965923485
3.72823685373	5.33882203927	0.437080037896	-0.0	-0.0	0.01388941736	0.37799053255	0.000355883684436	23.1755952965	20.8829630849
3.73795846222	5.34292035398	0.428670916104	-0.0	-0.0	0.0142436939733	0.377770127009	0.000361478804043	23.805897673	21.9684952005
3.74149359258	5.34628751975	0.421099840789	-0.0	-0.0	0.0145923324	0.377553155945	0.000367546630073	24.4323342979	23.0331418843
3.74149359258	5.34691943128	0.413997460694	-0.0	-0.0	0.0149523432267	0.377329028001	0.000374153302942	25.0852564966	24.1248328988
3.75209898365	5.35162409335	0.407600259555	-0.0	-0.0	0.01531051036	0.377105968848	0.000379640306565	25.7403967029	25.2015204357
3.76182059213	5.35431088735	0.402103840646	-0.0	-0.0	0.0156541339733	0.376891894859	0.000384913151563	26.3727845757	26.2190214122
3.77065841803	5.36309336687	0.397062265647	-0.0	-0.0	0.0160203404533	0.376663661888	0.000390629052447	27.047765487	27.2692081696
3.78568272205	5.36814048291	0.393098408314	-0.0	-0.0	0.0163805580933	0.376439094627	0.000395503317498	27.709075637	28.2443938176
3.79407865665	5.36909602753	0.39023546718	-0.0	-0.0	0.0167494498533	0.376209015781	0.000401099406054	28.380807191	29.1590432125
3.80468404772	5.37445346658	0.388327488216	-0.0	-0.0	0.0171536889067	0.375956804131	0.000406919352427	29.1086223526	30.0648314701
3.80468404772	5.37265917603	0.388103984793	-0.0	-0.0	0.0172135081733	0.375919473208	0.000407938540297	29.2159103138	30.1942667882
3.80424215643	5.3720349563	0.388258788964	-0.0	-0.0	0.0172105263333	0.375921325991	0.000407921194893	29.2091381226	30.1743710567
3.80468404772	5.37550765386	0.388404696488	-0.0	-0.0	0.0172006025333	0.375927527315	0.000407691222634	29.1897993247	30.1422497787
3.80159080866	5.37300843486	0.388657811224	-0.0	-0.0	0.01718904456	0.375934740286	0.000407805344184	29.1668327786	30.0974939374
3.80203269996	5.37300843486	0.388769885826	-0.0	-0.0	0.0171828699867	0.375938593611	0.000407643296903	29.1547417135	30.0757086685
3.7980556783	5.37292904033	0.389074598448	-0.0	-0.0	0.01716859528	0.375947491675	0.00040780205406	29.1264756569	30.0212780809
3.79893946089	5.3735542357	0.389450492252	-0.0	-0.0	0.0171501267867	0.3759590201	0.000407362285347	29.0900434683	29.9526143523
3.79761378701	5.37304565353	0.391265261441	-0.0	-0.0	0.01706294408	0.376013430253	0.000405871263454	28.9180332654	29.6265525782
3.78700839593	5.36568566061	0.398056960556	-0.0	-0.0	0.01674356016	0.37621268046	0.000401017745057	28.2919639465	28.4449954477
3.77772867875	5.36397866332	0.405534770177	-0.0	-0.0	0.0164037507733	0.376424622481	0.000395619329336	27.6326153177	27.2103781485
3.76889085285	5.35952231301	0.41266131803	-0.0	-0.0	0.0160906825333	0.376619813571	0.000390681407513	27.0319098498	26.0943780382
3.75121520106	5.35214375788	0.419966153187	-0.0	-0.0	0.0157808553067	0.376812917302	0.000386714311356	26.4437532703	25.008972146
3.74237737517	5.34670034733	0.427393686655	-0.0	-0.0	0.0154743623067	0.377003897018	0.000381896563577	25.8684055032	23.9581299513
3.73884224481	5.34396715098	0.435395858934	-0.0	-0.0	0.0151550994533	0.377202763598	0.000376302050219	25.2758556059	22.8847272646
3.73221387539	5.3417721519	0.443799031153	-0.0	-0.0	0.0148316887067	0.377404147197	0.000370941834186	24.6828242806	21.8191749392
3.72381794079	5.33491611269	0.452820405984	-0.0	-0.0	0.0144959934	0.377613118963	0.000365533427711	24.0747990761	20.7382818972
3.71498011489	5.33343908629	0.462074892949	-0.0	-0.0	0.0141610572533	0.377821543921	0.000360173890493	23.4758017561	19.6890438551
3.70437472382	5.32739987285	0.472516128519	-0.0	-0.0	0.0137938848667	0.378049942741	0.000354383291854	22.8278348601	18.5724139011
3.69686257181	5.31965648855	0.483862474507	-0.0	-0.0	0.0134071160933	0.378290449631	0.0003479344752	22.15518728	17.4340273704
3.68183826779	5.30847673678	0.496448306913	-0.0	-0.0	0.0129895113467	0.378550025101	0.000341600711452	21.4401200618	16.2520353773
3.66593018118	5.29830725008	0.509253974382	-0.0	-0.0	0.0125746587867	0.378807777259	0.000335384071759	20.7409507054	15.1278162652
3.65267344233	5.28452685422	0.523785545035	-0.0	-0.0	0.0121117381733	0.37909528051	0.000328013059197	19.9745700748	13.9367747193
3.63367211666	5.27842003854	0.540290140172	-0.0	-0.0	0.0115982158533	0.379414047088	0.000320213998283	19.1412735999	12.6879490592
3.62041537782	5.25939004815	0.558161302588	-0.0	-0.0	0.0110636225333	0.37974571953	0.000311484588678	18.2916925577	11.4566336815
3.59080866107	5.24435119432	0.581030326199	-0.0	-0.0	0.0104102220533	0.3801508616	0.000301929603675	17.2791631188	10.0452020077
3.57003977022	5.21730707136	0.609183169859	-0.0	-0.0	0.00965482125333	0.380618919327	0.000289775324763	16.1469850483	8.53400098972
3.54971277066	5.19404915912	0.638079099267	-0.0	-0.0	0.00892951114667	0.381067999804	0.000278139770145	15.0984118603	7.20217622435
