# C		CN		K0		e_x		e_y		e_z		n		overlap		p		q
3.43305346885	5.25016903313	0.73646802322	-0.0	-0.0	1.87240000048e-07	0.386765339943	0.000130949184875	5.58544935878	1.78566426678
3.45824127265	5.25142665324	0.651003822927	-0.0	-0.0	0.000531443826667	0.386439468437	0.000139513568455	6.1648846285	2.80388447621
3.48828988069	5.26635514019	0.573752375364	-0.0	-0.0	0.00134984762667	0.385937122634	0.000152572913145	7.09599588945	4.22534766167
3.50684931507	5.27302959761	0.53211029726	-0.0	-0.0	0.00212068413333	0.385463598069	0.000164958687688	8.00900898233	5.44612263137
3.52452496686	5.27408142999	0.505944977837	-0.0	-0.0	0.00286652962667	0.385005077892	0.000176727929226	8.92428114122	6.57454336095
3.53866548829	5.26611842105	0.487390880242	-0.0	-0.0	0.00361248325333	0.384546149051	0.000188498551385	9.87007236135	7.68614923383
3.55015466195	5.26557377049	0.473950772027	-0.0	-0.0	0.00433858268	0.384099106083	0.000200003539315	10.8208546508	8.76682230546
3.56429518338	5.27617801047	0.463614323767	-0.0	-0.0	0.00503626472	0.383669253158	0.000210810202312	11.7634691808	9.82201522296
3.58108705259	5.28613376835	0.455376047318	-0.0	-0.0	0.00572674384	0.383243542691	0.000221288440221	12.7229410755	10.879305292
3.60008837826	5.29291287386	0.44863300799	-0.0	-0.0	0.00641326198667	0.382819982817	0.000231475659096	13.703268903	11.9469754248
3.61776403005	5.29931972789	0.443280530142	-0.0	-0.0	0.00707321445333	0.38241253891	0.000241228337024	14.6687882699	12.9861686447
3.62483429076	5.30336351876	0.438635743294	-0.0	-0.0	0.00772982676	0.382006890221	0.000251567697916	15.6519438887	14.0412964932
3.64648696421	5.30907920155	0.434906370123	-0.0	-0.0	0.00836371930667	0.381615024807	0.000260443987583	16.620044821	15.0686984656
3.66106937693	5.313964687	0.431773514019	-0.0	-0.0	0.00898968749333	0.381227814308	0.000269619359625	17.5949123753	16.0949443396
3.67300044189	5.31509916827	0.428829119095	-0.0	-0.0	0.00960245564	0.380848534229	0.00027877825123	18.5712996593	17.1302536192
3.69509500663	5.32017823043	0.426231147219	-0.0	-0.0	0.01020852716	0.380473170422	0.000287032774787	19.5563403696	18.1717366321
3.70437472382	5.32888040712	0.423824670471	-0.0	-0.0	0.0108068733867	0.380102368756	0.000296141272755	20.5497467399	19.2248445155
3.71498011489	5.33301587302	0.421639892089	-0.0	-0.0	0.0114085767867	0.379729261206	0.000305159819151	21.5679729612	20.301945385
3.7397260274	5.34101673508	0.419232044025	-0.0	-0.0	0.0121410528933	0.379274761276	0.000315139139486	22.8329148428	21.6386472302
3.75121520106	5.34899117276	0.417561391204	-0.0	-0.0	0.0127213886267	0.378914427692	0.000323730002288	23.8554721603	22.7140355137
3.75916924437	5.35547858942	0.416003814264	-0.0	-0.0	0.0132863232	0.37856345585	0.000332360124389	24.8688630559	23.7826321388
3.76712328767	5.35911949686	0.414539220276	-0.0	-0.0	0.0138520024667	0.378211822635	0.000340981215271	25.9000359656	24.870647833
3.77905435263	5.36723163842	0.413280971676	-0.0	-0.0	0.01442276032	0.377856830853	0.000349290856417	26.9542422841	25.9743178704
3.80335837384	5.37761800563	0.411770759509	-0.0	-0.0	0.0150851648267	0.377444586075	0.000357966940966	28.200659917	27.29049916
3.81749889527	5.38205048302	0.410791054726	-0.0	-0.0	0.0156255701333	0.37710806072	0.000365544318917	29.2320815592	28.3662271181
3.82766239505	5.3896669779	0.409763492599	-0.0	-0.0	0.0161585611733	0.376775976406	0.000373380217363	30.2655077505	29.4534915965
3.83959346001	5.39651957738	0.408805668	-0.0	-0.0	0.01669558644	0.376441199475	0.000381095975927	31.3212102907	30.5625107444
3.84577993814	5.3973325062	0.408361623101	-0.0	-0.0	0.0169151308667	0.376304293899	0.000384127458811	31.7583654505	31.0275125736
3.84533804684	5.39745578653	0.408642835105	-0.0	-0.0	0.0169067821467	0.37630948603	0.000384003960682	31.7380061412	30.983291684
3.84445426425	5.3971455166	0.40883722246	-0.0	-0.0	0.0168967420667	0.376315751136	0.000383906035729	31.715467991	30.9444920693
3.84091913389	5.39677118907	0.409174771181	-0.0	-0.0	0.01688252576	0.37632462092	0.000383991865339	31.683041927	30.8837328469
3.84445426425	5.4	0.409412579866	-0.0	-0.0	0.0168722147467	0.376331051612	0.000383444796203	31.6594972717	30.8402938838
3.84180291648	5.39844720497	0.409824872766	-0.0	-0.0	0.0168547711067	0.376341920258	0.000383381583733	31.6197963484	30.7661692239
3.84136102519	5.39782608696	0.410233307183	-0.0	-0.0	0.01683766904	0.376352596325	0.000383102968135	31.5807516698	30.6931343679
3.84180291648	5.39888164026	0.41080747275	-0.0	-0.0	0.0168131410133	0.376367892977	0.000382596686179	31.5248540159	30.589683821
3.83694211224	5.39496581728	0.412836237806	-0.0	-0.0	0.01672814476	0.376420889554	0.000381472433622	31.3312592131	30.2298144046
3.82633672117	5.3904109589	0.421608146638	-0.0	-0.0	0.01636665716	0.376646267631	0.000375687092727	30.5147122841	28.7260823222
3.82191780822	5.3867248364	0.43038428342	-0.0	-0.0	0.01601647492	0.376864521682	0.000369519507804	29.734010378	27.3063936001
3.80247459125	5.38148843027	0.438517778078	-0.0	-0.0	0.0157008088667	0.377061184116	0.000365434900824	29.0385462656	26.0591134118
3.79628811312	5.37895396179	0.44679791337	-0.0	-0.0	0.0153861453067	0.377257170489	0.000360090873985	28.3528862985	24.8493511247
3.78214759169	5.375	0.455652184071	-0.0	-0.0	0.0150615938533	0.377459255993	0.000355308424349	27.6540373477	23.6279711637
3.77110030932	5.36360779384	0.464981129342	-0.0	-0.0	0.0147288175867	0.377666389729	0.000350087686663	26.946101553	22.409774217
3.76403004861	5.36166194523	0.474973230216	-0.0	-0.0	0.01438135024	0.37788258793	0.000344230277595	26.216790825	21.1767614346
3.7565178966	5.35275590551	0.485801442964	-0.0	-0.0	0.0140122525067	0.378112173071	0.000338014772508	25.4537759521	19.9152095371
3.74016791869	5.34385854121	0.497423583413	-0.0	-0.0	0.0136243910667	0.378353330655	0.000332199680021	24.6632738316	18.6407961318
3.72470172338	5.3332278481	0.510101854961	-0.0	-0.0	0.0132094509467	0.378611220548	0.000325788825417	23.831987834	17.3377267477
3.7057003977	5.32349206349	0.52381700463	-0.0	-0.0	0.01277572772	0.378880673536	0.000319320596368	22.9786473012	16.0312454061
3.69111798498	5.31572246976	0.538852764276	-0.0	-0.0	0.01231776044	0.37916506475	0.000311985810528	22.0937792184	14.711158641
3.65841802916	5.29865556978	0.555495768223	-0.0	-0.0	0.01182521716	0.379470771883	0.000305489219636	21.1613171086	13.3675974191
3.63543968184	5.2808988764	0.573679797558	-0.0	-0.0	0.0113024593733	0.37979507924	0.000297656362103	20.1966631122	12.0290688987
3.62041537782	5.27261023495	0.589055715327	-0.0	-0.0	0.0108728496533	0.380061468077	0.000290923730671	19.4214993241	10.9927628606
3.62129916041	5.27357579659	0.588383798969	-0.0	-0.0	0.0108816798667	0.380055993863	0.000291020253824	19.4375324477	11.0266294911
3.62439239947	5.2750965251	0.588206499576	-0.0	-0.0	0.0108864721867	0.380053022886	0.000290851331726	19.4454536256	11.0376726553
3.62439239947	5.27541827542	0.587532775433	-0.0	-0.0	0.0108968437467	0.380046596649	0.000291044520248	19.4640337062	11.0731503588
3.62439239947	5.2750965251	0.586775584789	-0.0	-0.0	0.0109103873067	0.380038196603	0.000291290356826	19.4878034961	11.1147641465
3.62704374724	5.27606177606	0.585725618351	-0.0	-0.0	0.0109278105333	0.380027394773	0.000291398590568	19.5187639177	11.1715018729
3.62483429076	5.2750965251	0.583536751985	-0.0	-0.0	0.0109653968133	0.380004091872	0.000292248853232	19.5844906128	11.2911083399
3.6385329209	5.29058180649	0.563720463768	-0.0	-0.0	0.01131748792	0.379785758392	0.000297619241588	20.2164360656	12.4375025931
3.65399911622	5.30051314945	0.544182549446	-0.0	-0.0	0.0117002902933	0.37954829346	0.000303390584763	20.9156346213	13.6954662595
3.6637207247	5.31121794872	0.527185693926	-0.0	-0.0	0.01206754608	0.379320390595	0.00030932857523	21.5980995885	14.9124309215
3.67388422448	5.32074263764	0.511980684014	-0.0	-0.0	0.0124285490533	0.379096280378	0.000315097236791	22.2793160196	16.1160238574
3.68272205038	5.32938919092	0.497990684511	-0.0	-0.0	0.01279275704	0.378870105317	0.000321019266613	22.9766890541	17.3366026206
3.69951391958	5.33822590938	0.485023477084	-0.0	-0.0	0.0131643214933	0.378639273875	0.000326359868596	23.6981328445	18.584301292
3.71763146266	5.3576433121	0.473218404487	-0.0	-0.0	0.0135363507067	0.378408060195	0.000331584952143	24.4306376632	19.8356456705
3.73000441891	5.36577608142	0.463071580091	-0.0	-0.0	0.01388941736	0.378188563246	0.000336959244622	25.1349272856	21.0197098601
3.73398144057	5.37170111288	0.453951309734	-0.0	-0.0	0.0142436939733	0.377968225783	0.000343087650528	25.849234181	22.1944353839
3.74679628811	5.37785532995	0.445838216438	-0.0	-0.0	0.0145923324	0.377751323796	0.000348281068144	26.5597144955	23.3418017478
3.75828546178	5.3848590434	0.438195395058	-0.0	-0.0	0.0149523432267	0.377527275134	0.000353771997446	27.3003406697	24.5217422493
3.77198409191	5.39437065149	0.431500883821	-0.0	-0.0	0.01531051036	0.377304278001	0.000358961539286	28.0418349663	25.6710841684
3.77949624392	5.39911588254	0.425859515427	-0.0	-0.0	0.0156541339733	0.377090276922	0.000364431116554	28.7567463417	26.7487864048
3.78303137428	5.4	0.420990191303	-0.0	-0.0	0.0160203404533	0.376862112926	0.000370609049706	29.5173889596	27.8355696338
3.79098541759	5.40251968504	0.417338679408	-0.0	-0.0	0.0163805580933	0.376637611026	0.000376162086057	30.2620284228	28.8320668916
3.80424215643	5.41024834958	0.414679294126	-0.0	-0.0	0.0167494498533	0.376407615433	0.000381237930919	31.0201345074	29.7755625541
3.8148475475	5.41405269762	0.41273928271	-0.0	-0.0	0.0171536889067	0.376155480211	0.000387065273546	31.845314544	30.7341361587
3.81573133009	5.41405269762	0.412502504703	-0.0	-0.0	0.0172135081733	0.376118166087	0.000387989443132	31.9673812382	30.8723915472
3.8152894388	5.41512394101	0.412675072193	-0.0	-0.0	0.0172105263333	0.376120013368	0.000387970402734	31.9596504814	30.8500253545
3.81307998232	5.4146264909	0.412864447851	-0.0	-0.0	0.0172006025333	0.376126207212	0.000388011325949	31.9373241297	30.8121405339
3.81263809103	5.41324129275	0.413128454558	-0.0	-0.0	0.01718904456	0.376133419357	0.000387842912737	31.9114183456	30.7644066531
3.81219619973	5.4143126177	0.413280682281	-0.0	-0.0	0.0171828699867	0.376137265176	0.000387772622371	31.8974129958	30.7378039736
3.81352187362	5.41494036409	0.413621332118	-0.0	-0.0	0.01716859528	0.376146180882	0.000387371102884	31.8650598432	30.6773561748
3.81131241715	5.4147566719	0.414068178897	-0.0	-0.0	0.0171501267867	0.376157693415	0.000387251755887	31.8233350396	30.5988739415
3.80954485197	5.41457286432	0.416193175785	-0.0	-0.0	0.01706294408	0.376212088305	0.000385804396404	31.6264581834	30.2290105426
3.7980556783	5.41120906801	0.424119270103	-0.0	-0.0	0.01674356016	0.376411281557	0.000381005640695	30.9104596265	28.8935724431
3.78789217852	5.40959293152	0.432841999409	-0.0	-0.0	0.0164037507733	0.376623149622	0.000375681138133	30.1573691424	27.5030388803
3.77551922227	5.40056907999	0.441168591594	-0.0	-0.0	0.0160906825333	0.376818272121	0.000371071296469	29.4719206214	26.2490191286
3.76800707026	5.39278937381	0.449659470948	-0.0	-0.0	0.0157808553067	0.377011321984	0.000366046584506	28.8013504273	25.0361591441
3.76137870084	5.39182768451	0.458343832059	-0.0	-0.0	0.0154743623067	0.377202236481	0.000360985803542	28.1453733958	23.8616578761
3.75077330977	5.3828100222	0.467624529584	-0.0	-0.0	0.0151550994533	0.377401044188	0.00035606691573	27.4703097486	22.6707549691
3.74237737517	5.37650793651	0.477240671675	-0.0	-0.0	0.0148316887067	0.377602366825	0.000350874118472	26.7957238717	21.5009183805
3.73177198409	5.36947535771	0.487509163718	-0.0	-0.0	0.0144959934	0.377811261401	0.000345657344756	26.1046987529	20.3214603767
3.7229341582	5.36016544703	0.498017029538	-0.0	-0.0	0.0141610572533	0.378019626325	0.000340272598943	25.424519055	19.1820508369
3.70525850641	5.3500319081	0.509773392353	-0.0	-0.0	0.0137938848667	0.378247958422	0.000335097469116	24.6901360488	17.9799176665
3.69067609368	5.33855498721	0.522353438015	-0.0	-0.0	0.0134071160933	0.37848838164	0.000329277972962	23.9288788228	16.7694648595
3.6809544852	5.32427246562	0.536260522572	-0.0	-0.0	0.0129895113467	0.378747878212	0.000322444389897	23.1201144587	15.5198083353
3.66327883341	5.30909673286	0.550440131307	-0.0	-0.0	0.0125746587867	0.379005552793	0.000316349129022	22.3300070461	14.3349555149
3.64250994255	5.29351316635	0.566689384712	-0.0	-0.0	0.0121117381733	0.379292957396	0.000309609601491	21.4640268943	13.0786771202
3.62969509501	5.27965284474	0.584953065338	-0.0	-0.0	0.0115982158533	0.379611619309	0.000301237917906	20.5214643815	11.7756765132
3.61422889969	5.2629546186	0.604113386349	-0.0	-0.0	0.0110636225333	0.379943183004	0.000292662937411	19.5589274462	10.5194597526
3.5965532479	5.25145255003	0.627897878824	-0.0	-0.0	0.0104102220533	0.380348197388	0.00028200509702	18.4117127901	9.11124692089
3.56208572691	5.22632944228	0.656704380143	-0.0	-0.0	0.00965482125333	0.380816111134	0.000270787172791	17.1311799707	7.62648497042
3.52540874945	5.20117378546	0.686171395819	-0.0	-0.0	0.00892951114667	0.381265048637	0.000260260282742	15.946789478	6.32862843519
