# C		CN		K0		e_x		e_y		e_z		n		overlap		p		q
3.48166151127	5.26755852843	0.736853466782	-0.0	-0.0	1.87240000048e-07	0.38639955626	0.000142507541058	5.58727496766	1.78307949651
3.51347768449	5.27348157982	0.654901831605	-0.0	-0.0	0.000531443826667	0.386073490379	0.000150733680603	6.11424196588	2.74051046479
3.54175872735	5.2721289898	0.574432770837	-0.0	-0.0	0.00134984762667	0.385570844935	0.000163892845052	6.9642607176	4.13766391514
3.56871409633	5.28141361257	0.528402018637	-0.0	-0.0	0.00212068413333	0.385097037921	0.00017589249845	7.79696475145	5.36322289957
3.58771542201	5.2887874837	0.498438412577	-0.0	-0.0	0.00286652962667	0.384638244244	0.00018759344945	8.63091798647	6.50356126881
3.5965532479	5.29008130081	0.477090082956	-0.0	-0.0	0.00361248325333	0.38417904166	0.000199649097431	9.49194407069	7.61971455833
3.61688024746	5.28529886914	0.461314874948	-0.0	-0.0	0.00433858268	0.38373173204	0.000210679162755	10.3576041656	8.70602459288
3.62615996465	5.29706167259	0.449196976187	-0.0	-0.0	0.00503626472	0.383301622715	0.000221798260722	11.2144196592	9.7613083694
3.63809102961	5.30293264583	0.439405440383	-0.0	-0.0	0.00572674384	0.382875658319	0.000232575155626	12.0861109675	10.8186642807
3.64516129032	5.30192926045	0.431515585258	-0.0	-0.0	0.00641326198667	0.382451845799	0.000243514364949	12.9747542852	11.8773304166
3.66283694211	5.31003526771	0.425032298102	-0.0	-0.0	0.00707321445333	0.382044158859	0.000253288865093	13.8508665064	12.9138207944
3.6805125939	5.30337794774	0.419462512049	-0.0	-0.0	0.00772982676	0.381638272835	0.000262967903438	14.7446129891	13.9643549465
3.69642068051	5.31500317864	0.414807332319	-0.0	-0.0	0.00836371930667	0.381246169424	0.000272343477889	15.6271458451	14.9947822491
3.706142289	5.31989844494	0.410729958481	-0.0	-0.0	0.00898968749333	0.380858732105	0.000282037011046	16.5185755153	16.0320327487
3.71277065842	5.32329635499	0.407278837973	-0.0	-0.0	0.00960245564	0.380479221276	0.000291711299933	17.4087248538	17.0595618341
3.72956252762	5.33027812895	0.404086321147	-0.0	-0.0	0.01020852716	0.380103633571	0.00030049283238	18.3077293352	18.1008595381
3.74149359258	5.3398548438	0.401334565245	-0.0	-0.0	0.0108068733867	0.37973260993	0.000309498238654	19.2113295549	19.1402161922
3.73840035351	5.3394379539	0.39875343902	-0.0	-0.0	0.0114085767867	0.379359280627	0.000319830193206	20.1381553441	20.2079838353
3.75695978789	5.35075566751	0.395806025632	-0.0	-0.0	0.0121410528933	0.378904509595	0.000330525227316	21.2898957751	21.5390827492
3.77021652673	5.35709798995	0.393743123206	-0.0	-0.0	0.0127213886267	0.378543961079	0.000339086273816	22.2190535372	22.6079289223
3.77817057004	5.35537449076	0.39189309934	-0.0	-0.0	0.0132863232	0.378192779889	0.000347852009161	23.1383422415	23.6641346322
3.78612461335	5.36056338028	0.390343889266	-0.0	-0.0	0.0138520024667	0.377840936931	0.000356565142339	24.070669096	24.7233075008
3.79673000442	5.36730228196	0.388725988581	-0.0	-0.0	0.01442276032	0.377485733401	0.000365107077296	25.0270580989	25.8207654463
3.80954485197	5.37231057063	0.387150822134	-0.0	-0.0	0.0150851648267	0.377073240542	0.000374909277987	26.1519211102	27.0988589856
3.81838267786	5.37200622084	0.385912485853	-0.0	-0.0	0.0156255701333	0.37673651664	0.000383058170763	27.0842348845	28.1609482964
3.83605832965	5.37472901827	0.384718652129	-0.0	-0.0	0.0161585611733	0.376404234622	0.000390217056772	28.0175023223	29.2273366533
3.84754750331	5.38606811146	0.383643838554	-0.0	-0.0	0.01669558644	0.376069257624	0.000398038665851	28.9698378292	30.3104100256
3.84754750331	5.38656762612	0.383231928603	-0.0	-0.0	0.0169151308667	0.37593226207	0.000401719227642	29.3629259428	30.7565566039
3.84312859037	5.38723667906	0.383483340546	-0.0	-0.0	0.0169067821467	0.375937472215	0.00040201320681	29.3448984433	30.7164005194
3.84798939461	5.38959430164	0.383650870027	-0.0	-0.0	0.0168967420667	0.375943737821	0.000401320032282	29.3248909258	30.6812989526
3.84666372072	5.38909541512	0.383942492638	-0.0	-0.0	0.01688252576	0.375952609533	0.000401192476111	29.2962009679	30.6266720298
3.84577993814	5.38816604709	0.384155874504	-0.0	-0.0	0.0168722147467	0.375959044061	0.000401090985314	29.2753612072	30.5869017123
3.84268669907	5.38661710037	0.384514343489	-0.0	-0.0	0.0168547711067	0.375969929512	0.000401086267038	29.2401489036	30.5199554596
3.84357048166	5.38661710037	0.384869810732	-0.0	-0.0	0.01683766904	0.375980594591	0.000400673697283	29.205661169	30.4541136978
3.84091913389	5.38475836431	0.385378309827	-0.0	-0.0	0.0168131410133	0.375995902674	0.000400488793044	29.1561713606	30.3599294026
3.83605832965	5.38566552901	0.387146986786	-0.0	-0.0	0.01672814476	0.376048943157	0.000399396942321	28.9849879759	30.0348265005
3.82677861246	5.37795031056	0.394833378192	-0.0	-0.0	0.01636665716	0.376274444978	0.000393563219606	28.2621425994	28.6700950905
3.81352187362	5.37297633873	0.402540021296	-0.0	-0.0	0.01601647492	0.376492832336	0.000388337389274	27.5700905533	27.3761140661
3.80866106938	5.36958554067	0.409725995645	-0.0	-0.0	0.0157008088667	0.376689620795	0.000382903120758	26.9533368164	26.2329329867
3.79584622183	5.3678125	0.417115677097	-0.0	-0.0	0.0153861453067	0.376885718712	0.000378271155333	26.3446406683	25.1154981126
3.78391515687	5.36771159875	0.425001725592	-0.0	-0.0	0.0150615938533	0.377087923359	0.000373312165433	25.7218591727	23.9837789969
3.77198409191	5.36129437637	0.433324060412	-0.0	-0.0	0.0147288175867	0.377295179228	0.000368253909393	25.0929140329	22.8530762889
3.75828546178	5.35210824418	0.442220691391	-0.0	-0.0	0.01438135024	0.377511511233	0.000363084404236	24.444353009	21.7059884886
3.75298276624	5.34592382751	0.451961643328	-0.0	-0.0	0.0140122525067	0.377741227118	0.000356699195706	23.7644650264	20.5215805461
3.74060980999	5.33301827347	0.462544209454	-0.0	-0.0	0.0136243910667	0.377982531311	0.000350611424348	23.0596239493	19.3137026294
3.72470172338	5.32606635071	0.474159859115	-0.0	-0.0	0.0132094509467	0.378240577099	0.000344343137132	22.3172696252	18.069903149
3.71674768007	5.31479140329	0.486781921701	-0.0	-0.0	0.01277572772	0.378510190095	0.00033698128206	21.5541534527	16.81523694
3.71011931065	5.30740037951	0.500692440368	-0.0	-0.0	0.01231776044	0.378794747637	0.000329015278674	20.760960096	15.5383970683
3.69421122404	5.29657794677	0.516244797748	-0.0	-0.0	0.01182521716	0.37910064277	0.000321202749574	19.924759766	14.2269454345
3.67786124613	5.28317460317	0.53332568264	-0.0	-0.0	0.0113024593733	0.379425134952	0.000312865141004	19.0576648204	12.9103382457
3.65399911622	5.25867006045	0.547889834436	-0.0	-0.0	0.0108728496533	0.379691685653	0.000306917081522	18.3607403555	11.8825621108
3.65488289881	5.25962456252	0.547432543301	-0.0	-0.0	0.0108816798667	0.379686208174	0.000307006188053	18.374887469	11.9089426935
3.65488289881	5.25962456252	0.547104206621	-0.0	-0.0	0.0108864721867	0.379683235425	0.000307097864564	18.3828068917	11.9264575471
3.6553247901	5.25922391858	0.546637257192	-0.0	-0.0	0.0108968437467	0.379676801739	0.000307250138585	18.3992701118	11.9547773207
3.6553247901	5.26057906459	0.545957446899	-0.0	-0.0	0.0109103873067	0.379668400298	0.000307500125452	18.420918356	11.9945808871
3.65399911622	5.25994272988	0.545054680441	-0.0	-0.0	0.0109278105333	0.379657592026	0.000307933595904	18.4489357305	12.0471068909
3.65620857269	5.26113231552	0.543142204464	-0.0	-0.0	0.0109653968133	0.379634275224	0.000308441672656	18.5093350865	12.1596087114
3.67476800707	5.28113087675	0.526031388162	-0.0	-0.0	0.01131748792	0.379415811512	0.000313376449914	19.080331622	13.2210550233
3.68979231109	5.2953680203	0.508966893228	-0.0	-0.0	0.0117002902933	0.379178204937	0.000319175295169	19.7117434971	14.3896475408
3.69686257181	5.30342422321	0.493960172276	-0.0	-0.0	0.01206754608	0.378950162668	0.000325364473098	20.3275954148	15.523619309
3.70349094123	5.31398667935	0.480444981557	-0.0	-0.0	0.0124285490533	0.378725921356	0.000331464210023	20.9419127205	16.6462311314
3.71674768007	5.32320354543	0.46798826672	-0.0	-0.0	0.01279275704	0.378499607165	0.000337007910384	21.5702187011	17.7826681887
3.72381794079	5.32943037975	0.456325422224	-0.0	-0.0	0.0131643214933	0.378268636803	0.00034322323074	22.2197365733	18.9480049663
3.7308882015	5.33607334809	0.445604026444	-0.0	-0.0	0.0135363507067	0.378037291543	0.000349426736862	22.8784916387	20.120066049
3.7397260274	5.34259551626	0.436306174526	-0.0	-0.0	0.01388941736	0.37781765848	0.000355098875966	23.5111225504	21.2319564457
3.75077330977	5.35193945128	0.427795856374	-0.0	-0.0	0.0142436939733	0.377597194777	0.000360560796809	24.1526869128	22.3437097227
3.76314626602	5.36263390044	0.420095163181	-0.0	-0.0	0.0145923324	0.377380163412	0.000365763995027	24.7905675455	23.4369833726
3.76800707026	5.36712846348	0.412854791107	-0.0	-0.0	0.0149523432267	0.377155973177	0.000371879027829	25.4555896601	24.5594277218
3.77728678745	5.37295597484	0.40634846856	-0.0	-0.0	0.01531051036	0.376932852821	0.000377495227392	26.1227608755	25.6653222306
3.78789217852	5.37378488554	0.400743872382	-0.0	-0.0	0.0156541339733	0.376718718599	0.000382673668815	26.7669586961	26.7116954799
3.79628811312	5.38369905956	0.395544024742	-0.0	-0.0	0.0160203404533	0.376490422143	0.00038843845185	27.4560381565	27.797571971
3.80733539549	5.38861076345	0.391430157159	-0.0	-0.0	0.0163805580933	0.376265787601	0.000393745922232	28.1323487432	28.8084808147
3.80910296067	5.39818295739	0.388493896315	-0.0	-0.0	0.0167494498533	0.37603564968	0.000400053271808	28.8189309533	29.7519525785
3.81794078657	5.40225211135	0.386461321056	-0.0	-0.0	0.0171536889067	0.375783367934	0.000406108666009	29.564660707	30.6934929524
3.82015024304	5.40106283214	0.386225315981	-0.0	-0.0	0.0172135081733	0.375746029234	0.000406898331831	29.6745583548	30.8276445321
3.82015024304	5.40075023445	0.386377455445	-0.0	-0.0	0.0172105263333	0.375747888059	0.00040683396191	29.6676637753	30.8075536415
3.81705700398	5.40375586854	0.386539207539	-0.0	-0.0	0.0172006025333	0.375754082981	0.000406980218141	29.647856899	30.7732545273
3.81705700398	5.4034428795	0.386761313945	-0.0	-0.0	0.01718904456	0.375761297957	0.000406765756141	29.6247373402	30.7304255084
3.8148475475	5.40187793427	0.386924352221	-0.0	-0.0	0.0171828699867	0.375765142808	0.000406884401244	29.6121355286	30.7035416141
3.8148475475	5.40219092332	0.387183181803	-0.0	-0.0	0.01716859528	0.375774063058	0.000406619650016	29.5835638235	30.6520217444
3.81440565621	5.40400876918	0.387564578832	-0.0	-0.0	0.0171501267867	0.375785591465	0.000406321741672	29.5463960425	30.5813119448
3.81087052585	5.39993736298	0.389386398904	-0.0	-0.0	0.01706294408	0.375840009794	0.000405070149701	29.371179972	30.2474413707
3.79893946089	5.3945386064	0.396190819359	-0.0	-0.0	0.01674356016	0.376039324628	0.000400365956939	28.7334775782	29.0388004073
3.79407865665	5.38995290424	0.403721502109	-0.0	-0.0	0.0164037507733	0.37625131495	0.000394526610153	28.0622341617	27.7733352494
3.78524083076	5.38522012579	0.41091150597	-0.0	-0.0	0.0160906825333	0.376446561258	0.000389589757864	27.4506016912	26.6285476215
3.77507733098	5.37370242215	0.418268443581	-0.0	-0.0	0.0157808553067	0.376639716049	0.000384857632547	26.8521428182	25.5166214368
3.77065841803	5.37110481586	0.425791881986	-0.0	-0.0	0.0154743623067	0.376830743647	0.000379599580598	26.2663948455	24.4369886656
3.7649138312	5.36684525685	0.433831766865	-0.0	-0.0	0.0151550994533	0.377029674869	0.000374240043693	25.6631403586	23.3387672423
3.75254087494	5.3570977918	0.442223535036	-0.0	-0.0	0.0148316887067	0.377231117591	0.000369463490071	25.0594216721	22.2519738383
3.74502872293	5.35450236967	0.451233146209	-0.0	-0.0	0.0144959934	0.377440137977	0.000363982691847	24.4403790708	21.1494994391
3.74060980999	5.34617814277	0.460518003676	-0.0	-0.0	0.0141610572533	0.377648625978	0.000358210270015	23.8302564152	20.0766579928
3.72912063632	5.33702531646	0.470944708709	-0.0	-0.0	0.0137938848667	0.377877094272	0.000352521522319	23.1704545874	18.9379243089
3.70879363677	5.31844106464	0.48227384303	-0.0	-0.0	0.0134071160933	0.378117665459	0.000347305837718	22.4854846434	17.7771050832
3.70260715864	5.31366952109	0.494872058111	-0.0	-0.0	0.0129895113467	0.378377312255	0.000340183641849	21.757313664	16.5703122063
3.68802474591	5.30451366815	0.507840381623	-0.0	-0.0	0.0125746587867	0.378635140534	0.000333855610788	21.0458316754	15.4159954414
3.67565178966	5.28775834658	0.522760104132	-0.0	-0.0	0.0121117381733	0.378922716569	0.00032642098164	20.2656900993	14.1845518713
3.66151126823	5.26836248013	0.539798287301	-0.0	-0.0	0.0115982158533	0.37924156893	0.000318185454795	19.4169765252	12.8905663168
3.65002209456	5.25819802611	0.557912511249	-0.0	-0.0	0.0110636225333	0.379573329699	0.000309304586625	18.5500201166	11.6277079471
3.622182943	5.23706070288	0.58109807752	-0.0	-0.0	0.0104102220533	0.37997859103	0.000299577081866	17.5159567558	10.1805767372
3.59743703049	5.21730769231	0.609701643569	-0.0	-0.0	0.00965482125333	0.380446777053	0.000287695310919	16.3584999766	8.63028683189
3.56473707468	5.19253058596	0.63865640032	-0.0	-0.0	0.00892951114667	0.380895984128	0.000276967952216	15.2859112038	7.27629446935
