# C		CN		K0		e_x		e_y		e_z		n		overlap		p		q
3.45514803358	5.23509711989	0.737169219938	-0.0	-0.0	1.87240000048e-07	0.38852096056	0.0001299418206976138	5.58874447954	1.78095370559
3.4701723376	5.24565508021	0.652130896414	-0.0	-0.0	0.000531443826667	0.388196021987	0.0001388934975752127	6.16636378017	2.79276527598
3.49712770658	5.23667659715	0.576264647841	-0.0	-0.0	0.00134984762667	0.387695114342	0.00015203424279595953	7.09373326957	4.18930265591
3.51524524967	5.24686468647	0.535232220248	-0.0	-0.0	0.00212068413333	0.387222945424	0.00016432703156000502	8.00170063871	5.38854843486
3.52806009722	5.25074037512	0.509210835816	-0.0	-0.0	0.00286652962667	0.386765737938	0.00017622016710707868	8.91049988222	6.49989571226
3.54529385771	5.25294888598	0.490931714262	-0.0	-0.0	0.00361248325333	0.386308122957	0.00018780155249457486	9.85054116185	7.59073208175
3.56076005303	5.26094056172	0.477806179014	-0.0	-0.0	0.00433858268	0.385862359823	0.00019906654713632637	10.7946611158	8.64727405383
3.57578435705	5.26497395833	0.467414151302	-0.0	-0.0	0.00503626472	0.385433737517	0.0002098711090642268	11.7337732409	9.68960641862
3.58992487848	5.27452891488	0.459157281522	-0.0	-0.0	0.00572674384	0.385009245811	0.00022049589299655723	12.689040463	10.7325074903
3.59743703049	5.27626459144	0.452201090192	-0.0	-0.0	0.00641326198667	0.38458689854	0.0002314045132580644	13.6661565511	11.7931586149
3.61113566063	5.27178825048	0.446634097356	-0.0	-0.0	0.00707321445333	0.384180621099	0.00024138764672375747	14.6286373889	12.8270085915
3.61908970393	5.28	0.44179506462	-0.0	-0.0	0.00772982676	0.383776133735	0.00025167984120952634	15.610976703	13.8790134432
3.63632346443	5.28608164577	0.437874140925	-0.0	-0.0	0.00836371930667	0.383385390187	0.00026088551890211125	16.5802625273	14.9063620216
3.65841802916	5.29334612924	0.434268364338	-0.0	-0.0	0.00898968749333	0.382999288227	0.000269561797163773	17.5590513096	15.9489144617
3.67123287671	5.30437559885	0.431135170876	-0.0	-0.0	0.00960245564	0.382621093983	0.0002786797721167254	18.5375250451	16.9878869583
3.69155987627	5.3094783715	0.428377296315	-0.0	-0.0	0.01020852716	0.382246807702	0.000287086416527592	19.5250962307	18.0330588783
3.70658418029	5.31483830057	0.425988979267	-0.0	-0.0	0.0108068733867	0.381877063901	0.0002957067503811245	20.5171957904	19.0775971884
3.71232876712	5.3176060798	0.423819748084	-0.0	-0.0	0.0114085767867	0.38150502747	0.00030509683674139344	21.5326184066	20.144627007
3.72823685373	5.32428165456	0.421543911374	-0.0	-0.0	0.0121410528933	0.38105183017	0.00031569921301597006	22.7906834182	21.4586783513
3.74237737517	5.32850849591	0.419965636539	-0.0	-0.0	0.0127213886267	0.380692524572	0.00032391966953490315	23.8043165683	22.5127782929
3.75519222271	5.33804586868	0.418536807793	-0.0	-0.0	0.0132863232	0.380342564011	0.0003320086176384848	24.807170833	23.5555994379
3.7728678745	5.3481667189	0.41728466603	-0.0	-0.0	0.0138520024667	0.379991930993	0.00033965267022130225	25.82647919	24.6098392415
3.78789217852	5.35227982511	0.415960489673	-0.0	-0.0	0.01442276032	0.379637955511	0.0003476121142465281	26.8730320762	25.7023845543
3.80203269996	5.3602368339	0.414577181349	-0.0	-0.0	0.0150851648267	0.379226889441	0.0003571349975060756	28.108294651	26.9882696906
3.80556783031	5.36386292835	0.413529291228	-0.0	-0.0	0.0156255701333	0.378891332107	0.0003656427421150967	29.1324145299	28.0537930666
3.81263809103	5.37593516209	0.412648332482	-0.0	-0.0	0.0161585611733	0.378560195427	0.00037365907114988956	30.1547047649	29.1099246503
3.81705700398	5.37608966376	0.411715149878	-0.0	-0.0	0.01669558644	0.378226376924	0.0003820293005847783	31.2008961608	30.198600721
3.81794078657	5.37659508248	0.411384726722	-0.0	-0.0	0.0169151308667	0.378089855005	0.00038553208776047993	31.6315831267	30.6437540598
3.81705700398	5.37535014006	0.411671303378	-0.0	-0.0	0.0169067821467	0.378095047137	0.00038545229394047466	31.611220982	30.5994962824
3.81705700398	5.37745250701	0.411868711482	-0.0	-0.0	0.0168967420667	0.378101290896	0.0003852680010251494	31.5889085138	30.5610202979
3.81573133009	5.37682964808	0.412207387254	-0.0	-0.0	0.01688252576	0.378110132121	0.00038513431946203623	31.5567324442	30.500982242
3.81440565621	5.3769470405	0.412453668574	-0.0	-0.0	0.0168722147467	0.378116544402	0.0003850733245859677	31.5333483012	30.4573871804
3.81661511268	5.37745250701	0.412866732319	-0.0	-0.0	0.0168547711067	0.378127392219	0.00038452203082411744	31.4938259479	30.3840729746
3.81661511268	5.37745250701	0.413275144832	-0.0	-0.0	0.01683766904	0.378138027435	0.00038420036518891813	31.4550688887	30.3120108586
3.81661511268	5.37819314642	0.413858254826	-0.0	-0.0	0.0168131410133	0.378153272575	0.0003837384148203874	31.3996775526	30.2092721186
3.81396376491	5.37718204489	0.415882669665	-0.0	-0.0	0.01672814476	0.37820613269	0.0003824063027247092	31.2078599904	29.854891571
3.80291648255	5.36377805486	0.424725556625	-0.0	-0.0	0.01636665716	0.378430862842	0.00037673069277163734	30.3992574844	28.367199008
3.79673000442	5.36403371839	0.433559516416	-0.0	-0.0	0.01601647492	0.378648485632	0.0003707488689799358	29.6245381602	26.962187348
3.78700839593	5.3553125	0.441724397688	-0.0	-0.0	0.0157008088667	0.378844595834	0.00036573790791643066	28.9340465777	25.7291395235
3.77551922227	5.34909204759	0.45005763254	-0.0	-0.0	0.0153861453067	0.379040020056	0.0003609155759520431	28.253976122	24.5322883368
3.77021652673	5.34461152882	0.458886628033	-0.0	-0.0	0.0150615938533	0.37924152082	0.00035531193828379894	27.5613836461	23.3299216062
3.7565178966	5.34234517447	0.468217902283	-0.0	-0.0	0.0147288175867	0.379448060142	0.0003503616339091438	26.8606770591	22.1293582141
3.74723817941	5.33668974198	0.478257758347	-0.0	-0.0	0.01438135024	0.379663642221	0.0003447080638682612	26.1383353541	20.9108594811
3.73663278833	5.32902615821	0.489223431892	-0.0	-0.0	0.0140122525067	0.379892559649	0.0003387575184665168	25.3819427368	19.658604697
3.71718957137	5.31973434535	0.500969552363	-0.0	-0.0	0.0136243910667	0.380133031136	0.0003332374433451981	24.5993891958	18.3959304851
3.69421122404	5.31456743003	0.513749464318	-0.0	-0.0	0.0132094509467	0.380390190156	0.00032751655550300116	23.7764645203	17.1067690044
3.66725585506	5.29830725008	0.527598556083	-0.0	-0.0	0.01277572772	0.380658864608	0.0003218413112714226	22.9320658689	15.813287637
3.65134776845	5.28768	0.542661194164	-0.0	-0.0	0.01231776044	0.380942444085	0.00031473134806283236	22.058028751	14.5128531462
3.63720724702	5.27508816929	0.559378646381	-0.0	-0.0	0.01182521716	0.381247281645	0.0003068184404748963	21.1368867656	13.1870181967
3.62041537782	5.2631748072	0.57776446891	-0.0	-0.0	0.0113024593733	0.381570654916	0.00029855005591161775	20.1795852396	11.8586270052
3.59964648696	5.24911376088	0.593347385682	-0.0	-0.0	0.0108728496533	0.381836281112	0.00029228647249837354	19.4089613587	10.8282669092
3.60273972603	5.25032216495	0.592667947287	-0.0	-0.0	0.0108816798667	0.38183082257	0.0002922040720473496	19.425014227	10.8620797453
3.60318161732	5.2523364486	0.592439192605	-0.0	-0.0	0.0108864721867	0.381827860099	0.00029225372070445696	19.4332725363	10.8750770278
3.60273972603	5.25096649485	0.591860898648	-0.0	-0.0	0.0108968437467	0.381821448982	0.00029247716804661566	19.4512634681	10.9063634413
3.6049491825	5.25289948454	0.591027173312	-0.0	-0.0	0.0109103873067	0.381813081369	0.0002925486423319861	19.4753004352	10.9505091135
3.60583296509	5.25386597938	0.58998326084	-0.0	-0.0	0.0109278105333	0.381802305356	0.00029279813374223786	19.5061051708	11.0063565972
3.60406539991	5.25394779246	0.587755729423	-0.0	-0.0	0.0109653968133	0.381779069168	0.00029363194335792583	19.5725816856	11.1266037613
3.61820592134	5.26883451384	0.56789147056	-0.0	-0.0	0.01131748792	0.381561360752	0.0002989575261535992	20.20168558	12.2615278174
3.62881131242	5.28079768414	0.548285098482	-0.0	-0.0	0.0117002902933	0.381324575655	0.00030511804064127285	20.8973427125	13.5072621738
3.64074237738	5.29103758432	0.531193602723	-0.0	-0.0	0.01206754608	0.381097328453	0.00031085353323329046	21.5754078041	14.7130798363
3.65797613787	5.30224358974	0.515975431371	-0.0	-0.0	0.0124285490533	0.380873855757	0.0003160005578259901	22.2519565422	15.90170392
3.66858152894	5.31177976953	0.501943355446	-0.0	-0.0	0.01279275704	0.380648324003	0.0003217568794449973	22.9441918683	17.1080138689
3.67520989837	5.31681585678	0.488937594207	-0.0	-0.0	0.0131643214933	0.380418158153	0.00032797451473698624	23.6599366756	18.3404456901
3.6889085285	5.33099041534	0.477131909743	-0.0	-0.0	0.0135363507067	0.380187609572	0.00033355690505939905	24.3861508995	19.5737239093
3.69686257181	5.34035759898	0.466980478241	-0.0	-0.0	0.01388941736	0.379968733023	0.0003392936809900904	25.0841742227	20.7403688836
3.71365444101	5.35618622449	0.457774122057	-0.0	-0.0	0.0142436939733	0.379749035595	0.00034421909241127296	25.7925363374	21.9029419429
3.71984091913	5.35752944922	0.449586276605	-0.0	-0.0	0.0145923324	0.379532750509	0.0003499935360671877	26.4965491449	23.0375026966
3.73177198409	5.36277001271	0.441924532779	-0.0	-0.0	0.0149523432267	0.379309335368	0.00035539921876673547	27.2298626071	24.1998978177
3.74060980999	5.37142857143	0.435154036669	-0.0	-0.0	0.01531051036	0.379086984555	0.000361023419335552	27.964379393	25.3363074923
3.74458683164	5.37297811608	0.429450262575	-0.0	-0.0	0.0156541339733	0.378873587519	0.0003668064817366866	28.6724262549	26.4011630258
3.75695978789	5.37879746835	0.424351415607	-0.0	-0.0	0.0160203404533	0.378646085348	0.0003721202212916437	29.4288419513	27.4906343901
3.77198409191	5.38189845475	0.420572545023	-0.0	-0.0	0.0163805580933	0.378422230933	0.0003769458461394999	30.1682383052	28.482772439
3.77905435263	5.38594833018	0.417891128069	-0.0	-0.0	0.0167494498533	0.378192885172	0.00038261874983311	30.9202639131	29.4135536272
3.78789217852	5.39301447451	0.415893929503	-0.0	-0.0	0.0171536889067	0.377941475641	0.00038859185906543053	31.7391835836	30.3622218796
3.7896597437	5.39320541051	0.415650882283	-0.0	-0.0	0.0172135081733	0.377904265883	0.00038942091388871733	31.8602925178	30.4988519914
3.78833406982	5.39194715319	0.415762598314	-0.0	-0.0	0.0172105263333	0.377906118431	0.0003894962544860042	31.8529789376	30.4823024298
3.78656650464	5.39175582127	0.41601952976	-0.0	-0.0	0.0172006025333	0.377912291936	0.0003894919154967641	31.8305278763	30.4388815411
3.78700839593	5.39282341832	0.416273926544	-0.0	-0.0	0.01718904456	0.377919481967	0.0003892329417970282	31.8047488924	30.3925398023
3.78700839593	5.39250865596	0.416426671499	-0.0	-0.0	0.0171828699867	0.377923312736	0.00038911776921682383	31.7908801159	30.3662752877
3.78700839593	5.39313818067	0.416773835736	-0.0	-0.0	0.01716859528	0.377932202936	0.000388851062168325	31.7587208403	30.3060300408
3.78789217852	5.39345294303	0.417213297114	-0.0	-0.0	0.0171501267867	0.377943691485	0.00038841681714088994	31.7172919494	30.2291997801
3.78082191781	5.39004410838	0.419337300216	-0.0	-0.0	0.01706294408	0.377997921673	0.0003875154772457442	31.5218169016	29.8642456363
3.7733097658	5.38655727359	0.427271513576	-0.0	-0.0	0.01674356016	0.378196547415	0.0003823150832164478	30.810706015	28.54531078
3.76093680954	5.38172043011	0.436048282493	-0.0	-0.0	0.0164037507733	0.378407806169	0.00037723204056339983	30.0632280815	27.1688054358
3.75342465753	5.37405063291	0.444392688483	-0.0	-0.0	0.0160906825333	0.378602376484	0.00037215671740883915	29.3830528915	25.9300594239
3.74370304905	5.37020602219	0.452859179638	-0.0	-0.0	0.0157808553067	0.378794872565	0.00036736193867048256	28.7181789686	24.7353780117
3.73795846222	5.36623294192	0.46144894459	-0.0	-0.0	0.0154743623067	0.378985238414	0.0003622390487320239	28.0682020852	23.5834049351
3.72558550597	5.36100508906	0.470684886205	-0.0	-0.0	0.0151550994533	0.379183464366	0.0003575147215168969	27.3992655965	22.4112566187
3.71056120194	5.34681528662	0.480296559659	-0.0	-0.0	0.0148316887067	0.379384211986	0.00035297130928947315	26.7305037694	21.2567329256
3.6977463544	5.33811802233	0.490591865269	-0.0	-0.0	0.0144959934	0.379592522824	0.0003479780489949877	26.0447903676	20.090152987
3.69067609368	5.33312040882	0.501091405228	-0.0	-0.0	0.0141610572533	0.379800284919	0.0003424480468808227	25.3697516541	18.9650821314
3.6809544852	5.32236421725	0.512885975412	-0.0	-0.0	0.0137938848667	0.380027963327	0.00033657888139935024	24.6404761246	17.7750335934
3.66813963765	5.31390134529	0.525547651853	-0.0	-0.0	0.0134071160933	0.380267702786	0.00033064000262043603	23.8849670816	16.5749665998
3.65267344233	5.29871794872	0.539630276942	-0.0	-0.0	0.0129895113467	0.380526451904	0.0003243760190597882	23.0829857262	15.3324330511
3.64295183385	5.28809752968	0.553997377188	-0.0	-0.0	0.0125746587867	0.380783388792	0.00031763376354095274	22.299949284	14.1544505961
3.62615996465	5.27556270096	0.570345951304	-0.0	-0.0	0.0121117381733	0.381069965285	0.00031061156966294905	21.4416097762	12.9105095969
3.60804242156	5.25490827164	0.588653917042	-0.0	-0.0	0.0115982158533	0.381387718364	0.000302720984308389	20.5070688146	11.6228430787
3.58638974812	5.23652791223	0.607784238245	-0.0	-0.0	0.0110636225333	0.381718340989	0.00029468224562441533	19.5535960352	10.3845518368
3.57048166151	5.2197092084	0.631609564571	-0.0	-0.0	0.0104102220533	0.382122194569	0.00028393010625849224	18.4170378904	8.99337654103
3.54706142289	5.203307393	0.660296462498	-0.0	-0.0	0.00965482125333	0.382588763712	0.0002719414613297524	17.145747586	7.52971929546
3.52231551038	5.17706302794	0.689170981504	-0.0	-0.0	0.00892951114667	0.383036415958	0.0002605908060289154	15.9696231768	6.26128081033
