# C		CN		K0		e_x		e_y		e_z		n		overlap		p		q
3.44410075122	5.23764705882	0.736798124583	-0.0	-0.0	1.87240000048e-07	0.388541942993	0.000130874998725	5.58707015163	1.78346891796
3.46928855502	5.23914495658	0.652180725382	-0.0	-0.0	0.000531443826667	0.388217015571	0.000139396950947	6.16002907698	2.78937600411
3.49491825011	5.24975091332	0.57613256239	-0.0	-0.0	0.00134984762667	0.387716125114	0.000152611680906	7.08079288152	4.18347744483
3.51171011931	5.2495042961	0.534871076577	-0.0	-0.0	0.00212068413333	0.387243972398	0.00016500720637	7.98291352398	5.38195151633
3.53424657534	5.25098554534	0.508409456341	-0.0	-0.0	0.00286652962667	0.3867867806	0.000176469952839	8.88708079096	6.49855797676
3.56694653115	5.25610948192	0.489839354534	-0.0	-0.0	0.00361248325333	0.386329181323	0.000187280282219	9.82248681384	7.59372648209
3.58462218294	5.26974325642	0.476278521015	-0.0	-0.0	0.00433858268	0.385883435038	0.00019846243874	10.7649535293	8.66223715194
3.59257622625	5.27361246349	0.465938013707	-0.0	-0.0	0.00503626472	0.385454825887	0.000209630546168	11.6995874531	9.70295944257
3.60892620415	5.27837051406	0.457439512589	-0.0	-0.0	0.00572674384	0.385030348746	0.000220117748243	12.651691428	10.7541642749
3.61732213875	5.28520671835	0.450457257083	-0.0	-0.0	0.00641326198667	0.384608015968	0.000230971082661	13.625497322	11.8171434583
3.62350861688	5.29018721756	0.444922661406	-0.0	-0.0	0.00707321445333	0.384201752468	0.000241473076381	14.5854792873	12.8519550154
3.63543968184	5.29224332153	0.439994986682	-0.0	-0.0	0.00772982676	0.383797278983	0.000251504794101	15.5652521764	13.9095729911
3.66062748564	5.29801536492	0.435925537744	-0.0	-0.0	0.00836371930667	0.383406551714	0.000260203704748	16.5332776684	14.9467014213
3.67520989837	5.3023923445	0.432368481911	-0.0	-0.0	0.00898968749333	0.383020465519	0.000269467698136	17.5110269201	15.9912271599
3.69642068051	5.30761904762	0.429272344279	-0.0	-0.0	0.00960245564	0.382642284709	0.000277962756496	18.487563998	17.0316551313
3.69995581087	5.31428571429	0.426625180126	-0.0	-0.0	0.01020852716	0.382268002526	0.000287638275214	19.4717626358	18.0730331423
3.72072470172	5.31963325956	0.424152849107	-0.0	-0.0	0.0108068733867	0.381898274315	0.000295821762365	20.4627209353	19.1257315738
3.7224922669	5.32216250395	0.422113546174	-0.0	-0.0	0.0114085767867	0.381526248491	0.000305524716412	21.4749537031	20.1874566745
3.74591250552	5.32704402516	0.41975103402	-0.0	-0.0	0.0121410528933	0.381073066722	0.00031554195127	22.7309609756	21.5106307804
3.75519222271	5.33417085427	0.418195492732	-0.0	-0.0	0.0127213886267	0.380713775632	0.000324201614986	23.7426560039	22.5664105088
3.77640300486	5.3455399061	0.4166535824	-0.0	-0.0	0.0132863232	0.380363820592	0.000331573971355	24.7445494271	23.6206641319
3.78479893946	5.35334584115	0.415286646135	-0.0	-0.0	0.0138520024667	0.380013211972	0.000340044255061	25.7624117785	24.6867354477
3.79319487406	5.36051233989	0.414045852151	-0.0	-0.0	0.01442276032	0.379659242758	0.000348585201698	26.8047419225	25.7749920442
3.81219619973	5.36810962317	0.412677412665	-0.0	-0.0	0.0150851648267	0.379248190119	0.000357635116347	28.0355841214	27.0620236271
3.8152894388	5.36920684292	0.411659735271	-0.0	-0.0	0.0156255701333	0.378912641888	0.000366170362389	29.0556518759	28.1266287001
3.82589482987	5.37589313451	0.41073601445	-0.0	-0.0	0.0161585611733	0.378581519657	0.000373835234419	30.0748921439	29.1885637471
3.83384887318	5.37600743955	0.409871557895	-0.0	-0.0	0.01669558644	0.378247718527	0.000381820103699	31.1152701628	30.2713153536
3.83782589483	5.38096714197	0.409598320965	-0.0	-0.0	0.0169151308667	0.378111195374	0.000384998709063	31.5433902917	30.7112548937
3.83605832965	5.38003719777	0.409821632773	-0.0	-0.0	0.0169067821467	0.378116387203	0.000385018475897	31.5244238337	30.6736490688
3.83473265577	5.37879727216	0.410027655735	-0.0	-0.0	0.0168967420667	0.378122626512	0.000384965176055	31.5019737617	30.6341678608
3.83429076447	5.37984496124	0.410368390844	-0.0	-0.0	0.01688252576	0.378131471794	0.000384742273944	31.4698510014	30.5738079318
3.83473265577	5.37984496124	0.410612550919	-0.0	-0.0	0.0168722147467	0.378137883083	0.000384503933948	31.4465831267	30.5303634229
3.83296509059	5.37829457364	0.411023620318	-0.0	-0.0	0.0168547711067	0.3781487313	0.000384351440149	31.4071863093	30.4570987117
3.83694211224	5.38170542636	0.411432207342	-0.0	-0.0	0.01683766904	0.378159366151	0.000383625843319	31.3682500684	30.38461043
3.83473265577	5.38015503876	0.412014061877	-0.0	-0.0	0.0168131410133	0.37817460962	0.000383387099625	31.3131141608	30.2818863902
3.83429076447	5.37724736516	0.414047065258	-0.0	-0.0	0.01672814476	0.378227468586	0.000381833970757	31.1220978715	29.926387726
3.81617322139	5.37076205288	0.422883586154	-0.0	-0.0	0.01636665716	0.37845218999	0.00037683048054	30.3156926762	28.4364422063
3.80468404772	5.3655344344	0.431731225315	-0.0	-0.0	0.01601647492	0.378669808408	0.000371390684042	29.5447153921	27.0292635228
3.79231109147	5.36144954702	0.439907890355	-0.0	-0.0	0.0157008088667	0.378865910304	0.000366655143127	28.8580294952	25.7947956167
3.77905435263	5.35515189477	0.448235316518	-0.0	-0.0	0.0153861453067	0.379061327821	0.000362013066687	28.1813900572	24.5975268387
3.76889085285	5.35521356784	0.457032696273	-0.0	-0.0	0.0150615938533	0.37926282167	0.000356875669478	27.490971122	23.3952797931
3.7565178966	5.34801762115	0.466355533882	-0.0	-0.0	0.0147288175867	0.379469352519	0.000351805241541	26.7930542663	22.193640909
3.74723817941	5.34394703657	0.476336598437	-0.0	-0.0	0.01438135024	0.379684930587	0.000346183858018	26.0741284541	20.9774991856
3.74060980999	5.33743298644	0.48729123964	-0.0	-0.0	0.0140122525067	0.379913837029	0.000339916725115	25.3210099557	19.7241246111
3.72867874503	5.32890995261	0.499032239229	-0.0	-0.0	0.0136243910667	0.380154305976	0.000333758968568	24.541826266	18.4598603533
3.71365444101	5.31655587211	0.511829438416	-0.0	-0.0	0.0132094509467	0.38041145159	0.000327338261899	23.7204152231	17.1663444166
3.69111798498	5.30779014308	0.525540849245	-0.0	-0.0	0.01277572772	0.380680123266	0.000321255439889	22.8788963406	15.8771370287
3.67079098542	5.2951864839	0.540545264657	-0.0	-0.0	0.01231776044	0.380963686569	0.000314529857896	22.007329649	14.5760672259
3.64825452939	5.28352	0.557194445947	-0.0	-0.0	0.01182521716	0.381268513669	0.000307314789931	21.0878659017	13.2489687874
3.62969509501	5.26305671259	0.575335862138	-0.0	-0.0	0.0113024593733	0.381591875844	0.000299179864099	20.1340439336	11.9267942832
3.61113566063	5.24967866324	0.590826301394	-0.0	-0.0	0.0108728496533	0.381857492925	0.000292738853352	19.366835505	10.8968765748
3.61113566063	5.25273311897	0.590156256681	-0.0	-0.0	0.0108816798667	0.381852034571	0.000292906385052	19.382759702	10.9304093933
3.61201944322	5.25337620579	0.589971586701	-0.0	-0.0	0.0108864721867	0.381849072201	0.00029291756438	19.390773834	10.9417093869
3.61246133451	5.25233044037	0.589299555106	-0.0	-0.0	0.0108968437467	0.381842660978	0.000293075084031	19.4092266126	10.9768400723
3.61290322581	5.25096401028	0.588540783082	-0.0	-0.0	0.0109103873067	0.38183428887	0.000293286803346	19.4328652745	11.0181882745
3.61467079099	5.24983943481	0.587487195391	-0.0	-0.0	0.0109278105333	0.381823522888	0.000293465909787	19.4636485227	11.0746190034
3.61290322581	5.25329476053	0.585264660071	-0.0	-0.0	0.0109653968133	0.381800282944	0.000294301816167	19.5300078505	11.1951278928
3.62969509501	5.27053915276	0.565425198741	-0.0	-0.0	0.01131748792	0.381582581999	0.000299418836014	20.1574355095	12.3329824667
3.64604507291	5.28113992955	0.545845297234	-0.0	-0.0	0.0117002902933	0.381345805027	0.000305098076334	20.8509088917	13.581652595
3.65488289881	5.28749600256	0.528815005912	-0.0	-0.0	0.01206754608	0.381118558968	0.000311102236218	21.5273562411	14.7889083531
3.66813963765	5.29789272031	0.513617415844	-0.0	-0.0	0.0124285490533	0.380895106291	0.000316598327397	22.2022676148	15.9805802384
3.67830313743	5.30676020408	0.499682836091	-0.0	-0.0	0.01279275704	0.38066957658	0.000322406962007	22.892882761	17.1860040452
3.69995581087	5.32273449921	0.486762997388	-0.0	-0.0	0.0131643214933	0.380439419714	0.000327320982547	23.6071424886	18.4178861842
3.7145382236	5.33703939009	0.474982866118	-0.0	-0.0	0.0135363507067	0.380208875133	0.000332852150828	24.3322027808	19.6539197902
3.72602739726	5.34400760938	0.464818071602	-0.0	-0.0	0.01388941736	0.37999000892	0.000338279902917	25.0289266612	20.8252150803
3.73663278833	5.35678073511	0.455615666334	-0.0	-0.0	0.0142436939733	0.379770314966	0.000343786833979	25.736230507	21.9916874365
3.7392841361	5.3616481775	0.447405083152	-0.0	-0.0	0.0145923324	0.379554047076	0.000349893195361	26.4391699216	23.1318437554
3.74856385329	5.36550632911	0.439785216608	-0.0	-0.0	0.0149523432267	0.379330633892	0.00035555176342	27.1704563049	24.2948458188
3.7565178966	5.36754025892	0.432978745896	-0.0	-0.0	0.01531051036	0.379108290709	0.000361270695016	27.9039502966	25.4380921771
3.76668139638	5.3743298644	0.427290989975	-0.0	-0.0	0.0156541339733	0.378894900995	0.000366467227726	28.6111599038	26.5060308598
3.77861246133	5.38161209068	0.422231174401	-0.0	-0.0	0.0160203404533	0.378667406631	0.000371817674965	29.3652174755	27.5955330158
3.78435704817	5.38936103242	0.418481052136	-0.0	-0.0	0.0163805580933	0.378443555152	0.000377563960448	30.103218052	28.5889267638
3.79452054795	5.39641622131	0.415781945326	-0.0	-0.0	0.0167494498533	0.378214230402	0.00038290354023	30.8534920709	29.524223331
3.79407865665	5.39547312166	0.413811994305	-0.0	-0.0	0.0171536889067	0.377962823786	0.000389794124204	31.6696834161	30.4729889929
3.79231109147	5.39528301887	0.413581439107	-0.0	-0.0	0.0172135081733	0.377925610181	0.000390981799776	31.7902057439	30.6087107917
3.79186920018	5.39496855346	0.413753521862	-0.0	-0.0	0.0172105263333	0.377927456914	0.000390963139979	31.7825444268	30.586593032
3.79054352629	5.39509279648	0.413942096104	-0.0	-0.0	0.0172006025333	0.377933638397	0.000390917118175	31.7604557605	30.5491992475
3.79186920018	5.39603648946	0.414201312065	-0.0	-0.0	0.01718904456	0.377940828182	0.000390568329518	31.7348730596	30.5024398151
3.79275298277	5.39666561812	0.414355144389	-0.0	-0.0	0.0171828699867	0.37794466912	0.000390361986635	31.7209972655	30.4759681903
3.79186920018	5.39635105379	0.414697815547	-0.0	-0.0	0.01716859528	0.377953544474	0.000390187670172	31.6890027047	30.4160164006
3.79098541759	5.39465408805	0.415139396491	-0.0	-0.0	0.0171501267867	0.377965036869	0.000389935643099	31.6477730988	30.3388791017
3.79098541759	5.39446366782	0.417244782544	-0.0	-0.0	0.01706294408	0.378019265197	0.000388315841351	31.4532653379	29.9749120909
3.78347326558	5.39042821159	0.425169536686	-0.0	-0.0	0.01674356016	0.378217884123	0.000383146865596	30.7456013499	28.6544912603
3.77772867875	5.38362204724	0.433935004661	-0.0	-0.0	0.0164037507733	0.378429134083	0.00037742222739	30.0013966126	27.2761064993
3.76977463544	5.37767969735	0.442293132369	-0.0	-0.0	0.0160906825333	0.378623699267	0.000372410901649	29.3237825201	26.0334194338
3.76535572249	5.37602523659	0.450781880127	-0.0	-0.0	0.0157808553067	0.378816188742	0.000367105981649	28.6611491445	24.8341224873
3.75209898365	5.36630847029	0.459340479114	-0.0	-0.0	0.0154743623067	0.379006548058	0.000362709413766	28.0129625794	23.6810734925
3.74547061423	5.36127807656	0.468523756964	-0.0	-0.0	0.0151550994533	0.379204776554	0.000357426324056	27.3454972381	22.5087129225
3.73707467963	5.35635096611	0.478146345559	-0.0	-0.0	0.0148316887067	0.37940551025	0.000352229765654	26.677531293	21.3492090319
3.72381794079	5.34517766497	0.488437455599	-0.0	-0.0	0.0144959934	0.37961381163	0.000347275151409	25.9936837779	20.1794179335
3.71674768007	5.33968253968	0.498986116537	-0.0	-0.0	0.0141610572533	0.379821566344	0.000341747840642	25.3203029893	19.048047497
3.70128148475	5.32803054407	0.510736479743	-0.0	-0.0	0.0137938848667	0.38004923224	0.000336395436019	24.5927690217	17.856797967
3.68625718073	5.31210191083	0.523329021776	-0.0	-0.0	0.0134071160933	0.380288968424	0.000330639313151	23.838361644	16.6560142276
3.66946531153	5.303514377	0.537234480609	-0.0	-0.0	0.0129895113467	0.380547708663	0.000324469713134	23.0375657541	15.4174267453
3.65223155104	5.29234710215	0.551449540685	-0.0	-0.0	0.0125746587867	0.380804636735	0.000318379865127	22.2559989528	14.2416799378
3.64250994255	5.2799487508	0.567572061982	-0.0	-0.0	0.0121117381733	0.381091208697	0.000310734173286	21.3988791869	13.0016607762
3.62129916041	5.26510282776	0.585770012923	-0.0	-0.0	0.0115982158533	0.381408946923	0.000303095668967	20.4660735563	11.7119573444
3.60715863897	5.25402446877	0.604933924812	-0.0	-0.0	0.0110636225333	0.38173955685	0.000294394556042	19.5134828365	10.4654878962
3.57931948741	5.23231017771	0.628926319234	-0.0	-0.0	0.0104102220533	0.382143396571	0.000284633958659	18.3802113182	9.06225572592
3.55103844454	5.20881971466	0.658111242161	-0.0	-0.0	0.00965482125333	0.382609949704	0.000272968994305	17.1119459843	7.57748704588
3.52806009722	5.18441558442	0.687419256256	-0.0	-0.0	0.00892951114667	0.383057581151	0.000261494290402	15.9405893351	6.29439169505
