# C		CN		K0		e_x		e_y		e_z		n		overlap		p		q
3.45868316394	5.23486115758	0.736670367727	-0.0	-0.0	1.87240000048e-07	0.388556034133	0.00012990027191011174	5.58649210995	1.78433431179
3.48166151127	5.23944130362	0.651512625186	-0.0	-0.0	0.000531443826667	0.388231114198	0.00013855454639779196	6.1631417859	2.79776841512
3.51082633672	5.24380574827	0.575112883774	-0.0	-0.0	0.00134984762667	0.387730235285	0.00015163916971364094	7.09027375877	4.2031390602
3.53071144498	5.24400656814	0.533617847741	-0.0	-0.0	0.00212068413333	0.387258093449	0.00016393449867844039	7.99921181439	5.41402651454
3.5545735749	5.24877571009	0.507284328106	-0.0	-0.0	0.00286652962667	0.386800912188	0.00017537705740170708	8.9101480796	6.53763213903
3.5713654441	5.26205997392	0.488881632192	-0.0	-0.0	0.00361248325333	0.386343323455	0.0001869945277191982	9.85169004136	7.63799160107
3.57799381352	5.26178861789	0.475840391575	-0.0	-0.0	0.00433858268	0.385897585889	0.00019868053069294588	10.7960280758	8.69841302577
3.58683163942	5.26476314082	0.465532028811	-0.0	-0.0	0.00503626472	0.385468990834	0.00020978144165840337	11.7337706215	9.74280146802
3.61776403005	5.2746615087	0.457155037106	-0.0	-0.0	0.00572674384	0.385044520811	0.00021939442422051213	12.6895495497	10.7952073396
3.62925320371	5.28144097781	0.450185515767	-0.0	-0.0	0.00641326198667	0.384622197765	0.00023006807078917763	13.6680726041	11.8633216849
3.63632346443	5.27888318357	0.444426752212	-0.0	-0.0	0.00707321445333	0.384215943627	0.0002405544065405067	14.6350648333	12.9139456532
3.6473707468	5.27790214263	0.439549738842	-0.0	-0.0	0.00772982676	0.383811479464	0.00025068761084587993	15.6211848123	13.9772756232
3.65885992046	5.29219948849	0.435356678544	-0.0	-0.0	0.00836371930667	0.383420758329	0.0002604096250016558	16.5976049206	15.0291225565
3.67476800707	5.30197704082	0.431648349876	-0.0	-0.0	0.00898968749333	0.383034678839	0.0002696506344980867	17.5842846102	16.0909271869
3.68404772426	5.31038878266	0.428584435634	-0.0	-0.0	0.00960245564	0.382656505964	0.00027904965290684054	18.5675135721	17.1386130968
3.69863013699	5.30837563452	0.425709994848	-0.0	-0.0	0.01020852716	0.382282238249	0.0002879080595856731	19.5602363304	18.2021069539
3.71011931065	5.3164396579	0.423226255117	-0.0	-0.0	0.0108068733867	0.38191252215	0.0002968316511959216	20.5580403147	19.2650574559
3.72337604949	5.32616260677	0.421026411084	-0.0	-0.0	0.0114085767867	0.381540504264	0.000305645842092822	21.578751389	20.3471805786
3.74591250552	5.33637795276	0.41864715047	-0.0	-0.0	0.0121410528933	0.381087334602	0.00031578951911836805	22.8450479314	21.6857479595
3.74856385329	5.33469644542	0.416954282403	-0.0	-0.0	0.0127213886267	0.380728047173	0.00032509279914276035	23.8675069187	22.7642445742
3.75872735307	5.33993088281	0.41546000668	-0.0	-0.0	0.0132863232	0.38037810791	0.0003334602670957936	24.8776469566	23.8273318545
3.7644719399	5.34117278144	0.414106651862	-0.0	-0.0	0.0138520024667	0.380027493779	0.0003421987378735077	25.9039565231	24.9045706862
3.77507733098	5.34627426425	0.412838701346	-0.0	-0.0	0.01442276032	0.379673538601	0.00035056209394830276	26.9550718071	26.0072917772
3.79142730888	5.35529191383	0.411529764837	-0.0	-0.0	0.0150851648267	0.379262502025	0.0003598574698486435	28.1935679466	27.3020303883
3.7984975696	5.36224648986	0.410527846626	-0.0	-0.0	0.0156255701333	0.378926954936	0.0003680098351738175	29.2194615628	28.3748470599
3.80821917808	5.3646838991	0.409629313609	-0.0	-0.0	0.0161585611733	0.378595840335	0.0003757475267015263	30.2436120473	29.4432167085
3.81617322139	5.36606587943	0.408822045704	-0.0	-0.0	0.01669558644	0.378262050144	0.0003837181864123781	31.2886280104	30.5293217534
3.82059213433	5.37072715973	0.408570126119	-0.0	-0.0	0.0169151308667	0.378125526891	0.00038684677429367897	31.718769454	30.97079787
3.81926646045	5.36979490367	0.408791498638	-0.0	-0.0	0.0169067821467	0.378130718725	0.00038682296896167895	31.6996918695	30.93304793
3.81838267786	5.36917339963	0.408995962272	-0.0	-0.0	0.0168967420667	0.378136958137	0.0003867263605622802	31.6771669428	30.8934269414
3.81838267786	5.36917339963	0.409331708941	-0.0	-0.0	0.01688252576	0.378145800457	0.000386458784421618	31.6449133299	30.8330502942
3.81794078657	5.36886264761	0.40957305717	-0.0	-0.0	0.0168722147467	0.378152213792	0.0003863098414729901	31.621553956	30.7895291356
3.81661511268	5.36940298507	0.409978169121	-0.0	-0.0	0.0168547711067	0.378163056986	0.0003861164265731102	31.582106767	30.7163398366
3.81307998232	5.37037037037	0.410379763911	-0.0	-0.0	0.01683766904	0.378173692528	0.0003861535793824995	31.5434583582	30.6443455273
3.81175430844	5.3698630137	0.410954490096	-0.0	-0.0	0.0168131410133	0.378188948543	0.00038582705651475413	31.4879902429	30.5413598651
3.81042863456	5.36904391155	0.412960821638	-0.0	-0.0	0.01672814476	0.378241790841	0.00038436415670773955	31.2962921185	30.1855498761
3.80247459125	5.36545057686	0.421696990489	-0.0	-0.0	0.01636665716	0.378466506507	0.0003783658720623552	30.4859895407	28.6918689351
3.790101635	5.35665209244	0.430429176072	-0.0	-0.0	0.01601647492	0.378684117642	0.00037301943145795594	29.7112040293	27.2819824347
3.77861246133	5.35327278422	0.438542528269	-0.0	-0.0	0.0157008088667	0.378880224429	0.00036822102210327717	29.0208756291	26.0414210875
3.76712328767	5.34860370254	0.446899979271	-0.0	-0.0	0.0153861453067	0.379075637443	0.0003634403954602356	28.3405462961	24.8312764077
3.75916924437	5.34464341816	0.455750713723	-0.0	-0.0	0.0150615938533	0.379277117397	0.00035812607543432985	27.6469614711	23.6152149807
3.75077330977	5.33668657655	0.465066880347	-0.0	-0.0	0.0147288175867	0.379483654123	0.00035268098063629294	26.9444607424	22.4028273104
3.74149359258	5.3325984252	0.475118766114	-0.0	-0.0	0.01438135024	0.379699225837	0.0003470249299161699	26.2200763617	21.170384334
3.73486522316	5.32755359395	0.486102311655	-0.0	-0.0	0.0140122525067	0.379928135199	0.000340733199292321	25.4621026263	19.9039930118
3.72735307114	5.32186809719	0.497800455059	-0.0	-0.0	0.0136243910667	0.380168590531	0.00033415045517810264	24.6771798494	18.6302808763
3.71011931065	5.31129389434	0.510665636655	-0.0	-0.0	0.0132094509467	0.380425730098	0.0003279179482810509	23.8505621307	17.321603524
3.69111798498	5.3002221517	0.524601889389	-0.0	-0.0	0.01277572772	0.380694391632	0.0003214867656178277	23.0018487471	16.0087086724
3.6805125939	5.29116338207	0.539713048304	-0.0	-0.0	0.01231776044	0.38097795235	0.00031380118523098403	22.1180680314	14.6876940636
3.65444100751	5.27264030612	0.556304072108	-0.0	-0.0	0.01182521716	0.381282772101	0.00030682414313926734	21.1910368572	13.3518041958
3.63588157313	5.25654952077	0.57449517444	-0.0	-0.0	0.0113024593733	0.381606127148	0.0002986285148325248	20.2283041433	12.0157464137
3.62571807335	5.25464445868	0.589972576604	-0.0	-0.0	0.0108728496533	0.381871738108	0.00029148533878511847	19.4546722815	10.9777291464
3.62660185594	5.25496476618	0.589296784669	-0.0	-0.0	0.0108816798667	0.38186627988	0.00029158357909320415	19.4707381871	11.0117300779
3.62660185594	5.25496476618	0.589070606074	-0.0	-0.0	0.0108864721867	0.381863317578	0.00029166968011239846	19.4790484707	11.0247860024
3.62660185594	5.25560538117	0.588491635705	-0.0	-0.0	0.0108968437467	0.381856912104	0.0002918575794903139	19.4971207698	11.0564399578
3.62925320371	5.25784753363	0.587659382749	-0.0	-0.0	0.0109103873067	0.381848534588	0.00029189461817496836	19.5211997864	11.1009710812
3.62881131242	5.25752722614	0.586619639109	-0.0	-0.0	0.0109278105333	0.381837764302	0.0002922530032619155	19.5521636384	11.1572810349
3.62925320371	5.25816784113	0.584390297672	-0.0	-0.0	0.0109653968133	0.381814529446	0.0002929092246114178	19.6188819426	11.2788693817
3.63720724702	5.26231605886	0.564514667361	-0.0	-0.0	0.01131748792	0.381596833517	0.0002987552183778707	20.2504499675	12.4264712511
3.64560318162	5.27470418932	0.544909116031	-0.0	-0.0	0.0117002902933	0.381360062002	0.000305115337560855	20.948912058	13.6858681206
3.6557666814	5.28233791121	0.527836982618	-0.0	-0.0	0.01206754608	0.38113282118	0.0003110255017647864	21.6302452071	14.9046035749
3.67034909412	5.2956937799	0.512605889644	-0.0	-0.0	0.0124285490533	0.380909367957	0.00031642295940505764	22.310031516	16.107616113
3.6805125939	5.30528999363	0.498662090719	-0.0	-0.0	0.01279275704	0.380683849139	0.0003222273856586417	23.0053378433	17.3233490344
3.69244365886	5.31128775835	0.485699874137	-0.0	-0.0	0.0131643214933	0.380453690515	0.00032800106700169994	23.7245863835	18.5678593706
3.70172337605	5.32496025437	0.473933197496	-0.0	-0.0	0.0135363507067	0.380223158309	0.0003339965089998278	24.4543149014	19.8133762367
3.7140963323	5.33672172808	0.463814879487	-0.0	-0.0	0.01388941736	0.38000429714	0.0003393507774963194	25.155481209	20.9915747474
3.7313300928	5.34759188847	0.454611656335	-0.0	-0.0	0.0142436939733	0.379784609022	0.00034426016254926033	25.8671524366	22.1676165315
3.73353954927	5.35372424723	0.446471283371	-0.0	-0.0	0.0145923324	0.379568339633	0.00035042941790552516	26.5745707932	23.3125742818
3.73884224481	5.35655478151	0.438867438617	-0.0	-0.0	0.0149523432267	0.379344937307	0.0003564884802149936	27.3118699089	24.485213068
3.74502872293	5.35788808094	0.432141794343	-0.0	-0.0	0.01531051036	0.379122599248	0.0003623906740820424	28.0504144374	25.6323524602
3.75209898365	5.35921717172	0.426494697217	-0.0	-0.0	0.0156541339733	0.37890922098	0.00036790028649731773	28.7626176421	26.7063272826
3.75961113566	5.37006630881	0.421430957362	-0.0	-0.0	0.0160203404533	0.37868172533	0.00037369441786896734	29.5220079571	27.8054254809
3.77198409191	5.37586641462	0.417608497744	-0.0	-0.0	0.0163805580933	0.378457881755	0.0003787917983959809	30.2651775653	28.8132394234
3.78391515687	5.37857367264	0.414893487327	-0.0	-0.0	0.0167494498533	0.378228551149	0.00038395613637037855	31.0198702698	29.7574445035
3.79319487406	5.38406024474	0.412936763297	-0.0	-0.0	0.0171536889067	0.377977156039	0.0003898633406523814	31.8409981215	30.7129915815
3.79319487406	5.38468779416	0.412713758922	-0.0	-0.0	0.0172135081733	0.377939945975	0.00039087146920060924	31.9622041354	30.8491504698
3.79275298277	5.38406024474	0.412887657399	-0.0	-0.0	0.0172105263333	0.377941800856	0.00039085220372402535	31.9544608724	30.8266711034
3.79142730888	5.38418079096	0.413077083963	-0.0	-0.0	0.0172006025333	0.377947973988	0.0003908044325826577	31.9321683538	30.7888375935
3.79186920018	5.38418079096	0.413335920016	-0.0	-0.0	0.01718904456	0.377955162362	0.00039054603199537073	31.9064720878	30.7417796936
3.79098541759	5.3824913712	0.413486052645	-0.0	-0.0	0.0171828699867	0.377959004475	0.00039052136189487714	31.8925174171	30.7154218073
3.79186920018	5.38217759649	0.413819694574	-0.0	-0.0	0.01716859528	0.377967883865	0.00039016398721261896	31.8603688355	30.6558079989
3.78833406982	5.38041431262	0.414260670891	-0.0	-0.0	0.0171501267867	0.377979367248	0.00039018411518306986	31.818864572	30.5780850814
3.78435704817	5.38120678818	0.416355055725	-0.0	-0.0	0.01706294408	0.378033595696	0.00038896708004168226	31.6231180125	30.2120987409
3.76977463544	5.37566971321	0.424200399981	-0.0	-0.0	0.01674356016	0.37823220451	0.00038450608151525544	30.91131367	28.8877640298
3.75872735307	5.36943479634	0.432837778422	-0.0	-0.0	0.0164037507733	0.378443459818	0.0003793105994761353	30.1631242113	27.5086166102
3.75519222271	5.36363636364	0.441042706421	-0.0	-0.0	0.0160906825333	0.378638016328	0.00037384704177514174	29.481641785	26.2671055043
3.74723817941	5.3603034134	0.449425190539	-0.0	-0.0	0.0157808553067	0.378830504012	0.00036887401093182944	28.8148644496	25.0647528559
3.74105170128	5.35590003164	0.457990988702	-0.0	-0.0	0.0154743623067	0.379020854589	0.00036378483955881746	28.1628480535	23.900826222
3.72691117985	5.34781230184	0.467173636771	-0.0	-0.0	0.0151550994533	0.37921908287	0.00035921917740256505	27.4913218762	22.7178975399
3.71895713654	5.33978426396	0.476771508503	-0.0	-0.0	0.0148316887067	0.379419809043	0.0003539740339035786	26.8192944101	21.5494905948
3.71232876712	5.33608640407	0.487033690496	-0.0	-0.0	0.0144959934	0.37962810852	0.000348364439916783	26.130754725	20.3704244519
3.70216526734	5.32549268913	0.497503056001	-0.0	-0.0	0.0141610572533	0.379835858697	0.00034310430622395104	25.4530464275	19.2331411443
3.6889085285	5.31931166348	0.5092232186	-0.0	-0.0	0.0137938848667	0.380063524046	0.0003375215837010576	24.7202818474	18.0318983999
3.6805125939	5.30963010204	0.52185206095	-0.0	-0.0	0.0134071160933	0.380303249754	0.000331146332950308	23.9602767668	16.8173418534
3.65885992046	5.29146692234	0.535848926049	-0.0	-0.0	0.0129895113467	0.380561983601	0.000325402904660962	23.1541862668	15.5626561248
3.65002209456	5.28037084399	0.550034462318	-0.0	-0.0	0.0125746587867	0.380818905697	0.0003185530209793423	22.3669784253	14.3771987987
3.63720724702	5.2656	0.566118716114	-0.0	-0.0	0.0121117381733	0.381105471539	0.00031114399558352344	21.5036151218	13.1270786211
3.6217410517	5.25794032724	0.584244029837	-0.0	-0.0	0.0115982158533	0.381423206105	0.000302991318307269	20.563822798	11.8278706578
3.61246133451	5.25024092515	0.60334290614	-0.0	-0.0	0.0110636225333	0.381753804751	0.00029387083400832925	19.6037435916	10.5714604932
3.58285461776	5.2286359239	0.627273402366	-0.0	-0.0	0.0104102220533	0.382157635166	0.0002841661855438667	18.462014001	9.15654132745
3.54971277066	5.21097046414	0.656135412696	-0.0	-0.0	0.00965482125333	0.382624177547	0.00027288670221843186	17.1866461847	7.66762993228
3.52761820592	5.19232020827	0.685800655098	-0.0	-0.0	0.00892951114667	0.383071804117	0.00026132293840767446	16.0067465253	6.3619157874
