# C		CN		K0		e_x		e_y		e_z		n		overlap		p		q
3.37428192665	5.18410326087	0.735517487052	-0.0	-0.0	1.87240000048e-07	0.389392996902	0.000137004236389	5.58807771687	1.79432770389
3.39858594786	5.19256756757	0.647429375019	-0.0	-0.0	0.000531443826667	0.389068521727	0.000145574232636	6.13635537342	2.82827688075
3.43614670791	5.20254435889	0.569368359827	-0.0	-0.0	0.00134984762667	0.388568328432	0.000158195931181	7.01214387983	4.2356560193
3.45558992488	5.20893035655	0.528508526687	-0.0	-0.0	0.00212068413333	0.388096832878	0.000170340114868	7.86367160965	5.40732626421
3.47282368537	5.2165393557	0.502681714331	-0.0	-0.0	0.00286652962667	0.38764027742	0.000181938792289	8.71369551223	6.48283505929
3.50552364118	5.23480845443	0.484250497921	-0.0	-0.0	0.00361248325333	0.387183315049	0.00019252738176	9.59033123279	7.5380331052
3.52540874945	5.23865877712	0.470601698092	-0.0	-0.0	0.00433858268	0.386738187622	0.0002033774449	10.4717544099	8.56746234862
3.54396818383	5.24509162304	0.460050106939	-0.0	-0.0	0.00503626472	0.386310176579	0.000213761642273	11.3453056946	9.57121386519
3.55634114008	5.2445386371	0.451454022393	-0.0	-0.0	0.00572674384	0.385886290244	0.000224325311833	12.2344001686	10.5803289118
3.5718073354	5.25846354167	0.444489638891	-0.0	-0.0	0.00641326198667	0.385464545287	0.000234562587906	13.1415189711	11.59395982
3.57931948741	5.26161845954	0.438711560227	-0.0	-0.0	0.00707321445333	0.385058847242	0.000244858264683	14.0369180292	12.5897455944
3.59566946531	5.27311060655	0.433776863649	-0.0	-0.0	0.00772982676	0.384654936721	0.000254440156067	14.9486233523	13.5968078588
3.61246133451	5.27243382828	0.429640442566	-0.0	-0.0	0.00836371930667	0.384264753401	0.000263558368176	15.848555695	14.5852764116
3.62350861688	5.27550691986	0.426007980361	-0.0	-0.0	0.00898968749333	0.383879199081	0.000272924883886	16.7564708996	15.5799098566
3.63455589925	5.28318868531	0.422899441569	-0.0	-0.0	0.00960245564	0.383501544184	0.000282062823711	17.6636200576	16.5679236654
3.64250994255	5.29241645244	0.4200301972	-0.0	-0.0	0.01020852716	0.383127793544	0.000291334592443	18.5798264858	17.5685618839
3.65178965974	5.29804299005	0.417602820995	-0.0	-0.0	0.0108068733867	0.38275857517	0.000300321253655	19.4995136426	18.5643420185
3.66637207247	5.29913710451	0.415278414295	-0.0	-0.0	0.0114085767867	0.382387072795	0.000308882290483	20.4415683772	19.5885089539
3.67520989837	5.31022364217	0.412704541073	-0.0	-0.0	0.0121410528933	0.38193451471	0.000320054174799	21.6116859475	20.859617399
3.68979231109	5.31739961759	0.410832734657	-0.0	-0.0	0.0127213886267	0.381575725124	0.000328226674012	22.5569632033	21.8862758538
3.70039770217	5.32209856916	0.409210664026	-0.0	-0.0	0.0132863232	0.381226257167	0.000336462858791	23.4911606976	22.8962237998
3.71586389748	5.32741679873	0.407610350348	-0.0	-0.0	0.0138520024667	0.380876130669	0.000344265800644	24.4429673754	23.930579143
3.7224922669	5.33217226092	0.406275213637	-0.0	-0.0	0.01442276032	0.380522659995	0.00035290720692	25.4157831241	24.975824416
3.72956252762	5.3335441037	0.404744429429	-0.0	-0.0	0.0150851648267	0.380112184494	0.000362966648084	26.5633804336	26.2151382125
3.73486522316	5.3412397217	0.403721688614	-0.0	-0.0	0.0156255701333	0.379777098277	0.000371187836793	27.5114896642	27.2282464956
3.75342465753	5.3475110271	0.40273777464	-0.0	-0.0	0.0161585611733	0.379446445791	0.000377963204572	28.4590523172	28.2432796036
3.77065841803	5.35028248588	0.402347290695	-0.0	-0.0	0.01669558644	0.379113094474	0.00038468076427	29.4047523356	29.2135246834
3.76137870084	5.3492612386	0.402009640916	-0.0	-0.0	0.0169151308667	0.37897676725	0.000389057854692	29.7958441122	29.62988428
3.75872735307	5.34990560101	0.402300387734	-0.0	-0.0	0.0169067821467	0.378981947758	0.000389162786277	29.7767695946	29.5869821456
3.76005302696	5.34979553319	0.402536038368	-0.0	-0.0	0.0168967420667	0.378988177711	0.000388841655703	29.7558818058	29.5468539811
3.76005302696	5.35042466184	0.402913880398	-0.0	-0.0	0.01688252576	0.378997015449	0.000388573665421	29.7255998384	29.4857739686
3.75872735307	5.34979553319	0.403184439291	-0.0	-0.0	0.0168722147467	0.379003416375	0.000388516238598	29.7036730896	29.4418507542
3.7560760053	5.34938621341	0.403640466455	-0.0	-0.0	0.0168547711067	0.379014250932	0.000388463132052	29.6666955001	29.3679024131
3.75563411401	5.3487566887	0.404090503557	-0.0	-0.0	0.01683766904	0.379024870981	0.000388188049522	29.630390317	29.295237983
3.7560760053	5.34907145105	0.404737483257	-0.0	-0.0	0.0168131410133	0.379040094952	0.0003876849134	29.5784566097	29.1912519079
3.75430844012	5.34623858986	0.406989606167	-0.0	-0.0	0.01672814476	0.379092872569	0.000386265433337	29.3983035934	28.8319173783
3.74679628811	5.34352347936	0.416830039823	-0.0	-0.0	0.01636665716	0.379317288772	0.000380228935141	28.6374036098	27.3231779021
3.74060980999	5.33880126183	0.426757001753	-0.0	-0.0	0.01601647492	0.379534602782	0.000374246649258	27.9086528091	25.8942308227
3.72646928856	5.33744855967	0.436019372806	-0.0	-0.0	0.0157008088667	0.379730422676	0.000369700414344	27.2594987809	24.6370369024
3.72602739726	5.33956287615	0.445576564103	-0.0	-0.0	0.0153861453067	0.379925573035	0.000363817548682	26.6194703736	23.4118401194
3.71674768007	5.33565989848	0.455786410155	-0.0	-0.0	0.0150615938533	0.380126789907	0.000358597922923	25.9666808706	22.1776860334
3.71011931065	5.32645939086	0.466585783667	-0.0	-0.0	0.0147288175867	0.380333035437	0.000352951758087	25.305270567	20.9472215969
3.69951391958	5.32104259377	0.478155386746	-0.0	-0.0	0.01438135024	0.380548305507	0.000347384052924	24.6229254843	19.7044475765
3.68316394167	5.31070745698	0.490840378105	-0.0	-0.0	0.0140122525067	0.380776908094	0.000341904265107	23.9079155445	18.4282133246
3.66504639859	5.30073505912	0.504555670429	-0.0	-0.0	0.0136243910667	0.381017028118	0.000336239672041	23.1684091963	17.1399016989
3.65002209456	5.29221403396	0.519630471349	-0.0	-0.0	0.0132094509467	0.381273818236	0.000329750263216	22.3897688638	15.8224420777
3.6385329209	5.28071863972	0.535853059507	-0.0	-0.0	0.01277572772	0.381542119597	0.000322585976407	21.5907304377	14.5116211952
3.6217410517	5.26638817481	0.553735053399	-0.0	-0.0	0.01231776044	0.381825288224	0.000315438619507	20.7639246451	13.1905240692
3.61069376933	5.26215780998	0.573773729448	-0.0	-0.0	0.01182521716	0.382129691053	0.00030713507635	19.8937023785	11.8449795423
3.58948298719	5.24169086802	0.595578706418	-0.0	-0.0	0.0113024593733	0.38245259851	0.000299129539876	18.9931445726	10.5166776959
3.57490057446	5.22882999354	0.614025597053	-0.0	-0.0	0.0108728496533	0.382717850542	0.000292332904204	18.270156481	9.49504135026
3.57931948741	5.23303167421	0.613352804864	-0.0	-0.0	0.0108816798667	0.382712399785	0.000292135315109	18.2847348539	9.52493416398
3.57799381352	5.23173884939	0.613007437113	-0.0	-0.0	0.0108864721867	0.382709441538	0.000292332708542	18.2926555087	9.54053144828
3.57755192223	5.22940226171	0.61226340065	-0.0	-0.0	0.0108968437467	0.382703039238	0.000292561488707	18.3097964311	9.57423151588
3.57931948741	5.23198707593	0.6112837263	-0.0	-0.0	0.0109103873067	0.382694678783	0.000292669248612	18.3322572738	9.61866879807
3.58064516129	5.23601681216	0.610049825113	-0.0	-0.0	0.0109278105333	0.382683923239	0.000292883869018	18.3610330486	9.67509009922
3.58152894388	5.23626373626	0.607398763244	-0.0	-0.0	0.0109653968133	0.382660720188	0.000293509010371	18.4233211035	9.79730909559
3.59787892179	5.25	0.583809829704	-0.0	-0.0	0.01131748792	0.382443322248	0.000298697714934	19.0128170056	10.9515719416
3.60980998674	5.26466795616	0.560675380213	-0.0	-0.0	0.0117002902933	0.382206874833	0.000304800956634	19.665207035	12.2177950458
3.62306672559	5.27963917526	0.540593017042	-0.0	-0.0	0.01206754608	0.381979945065	0.000310486888959	20.3022290999	13.4447170969
3.63367211666	5.28810289389	0.522674900822	-0.0	-0.0	0.0124285490533	0.381756797711	0.000316260035699	20.938472836	14.659289988
3.64648696421	5.30353697749	0.506261056395	-0.0	-0.0	0.01279275704	0.38153158759	0.000321880005422	21.5903959029	15.8905373472
3.65665046399	5.30500320718	0.491091375015	-0.0	-0.0	0.0131643214933	0.381301744014	0.000327841118712	22.2649452447	17.1490080867
3.66813963765	5.31380083253	0.477337554769	-0.0	-0.0	0.0135363507067	0.381071527368	0.000333659360819	22.9492979133	18.4093040912
3.67565178966	5.32202304738	0.465545664182	-0.0	-0.0	0.01388941736	0.380852970222	0.00033946413612	23.606573351	19.6002674176
3.6809544852	5.33077169388	0.454833718216	-0.0	-0.0	0.0142436939733	0.380633579174	0.000345462167135	24.2727045601	20.7879023983
3.68669907203	5.33557261676	0.445300017932	-0.0	-0.0	0.0145923324	0.380417611023	0.000351281580277	24.934188714	21.9469910666
3.69509500663	5.34601854813	0.436405548849	-0.0	-0.0	0.0149523432267	0.3801945117	0.000357023492803	25.622746901	23.1323458
3.70525850641	5.35217113665	0.428625823933	-0.0	-0.0	0.01531051036	0.379972474784	0.000362503621169	26.3107806665	24.283140051
3.71895713654	5.35978330147	0.42223386304	-0.0	-0.0	0.0156541339733	0.379759382076	0.00036730687033	26.9719713734	25.3463232014
3.72735307114	5.36589245943	0.416634554765	-0.0	-0.0	0.0160203404533	0.37953220758	0.000372947322608	27.6757308267	26.4201228592
3.73574900574	5.37265500795	0.412551708572	-0.0	-0.0	0.0163805580933	0.379308660643	0.000378337367575	28.3607499035	27.3855288165
3.74679628811	5.37297811608	0.40967000189	-0.0	-0.0	0.0167494498533	0.379079650485	0.000383461210402	29.0547747517	28.2826273626
3.75563411401	5.37614678899	0.407551075687	-0.0	-0.0	0.0171536889067	0.378828606661	0.000389313539167	29.8121571447	29.1920436849
3.75828546178	5.37867763366	0.407296395877	-0.0	-0.0	0.0172135081733	0.378791440363	0.000390034503	29.9242032374	29.322583871
3.75784357048	5.37836127808	0.407458268969	-0.0	-0.0	0.0172105263333	0.3787932838	0.000390015120167	29.9168882505	29.3021817486
3.7560760053	5.37848101266	0.407682121243	-0.0	-0.0	0.0172006025333	0.378799452185	0.000390015891065	29.8962102358	29.2636476174
3.75784357048	5.37879746835	0.407985357662	-0.0	-0.0	0.01718904456	0.378806637183	0.000389618279825	29.8719062393	29.2151284253
3.75695978789	5.37848101266	0.408177491563	-0.0	-0.0	0.0171828699867	0.378810472775	0.000389592704277	29.8586582587	29.1865183734
3.75475033142	5.37689873418	0.408534830775	-0.0	-0.0	0.01716859528	0.37881934001	0.000389557389434	29.8287388205	29.1282064099
3.75475033142	5.37658227848	0.409037602665	-0.0	-0.0	0.0171501267867	0.378830812175	0.000389212676902	29.7897222697	29.0493027519
3.75077330977	5.37365421153	0.411405103316	-0.0	-0.0	0.01706294408	0.378884960494	0.000387997238322	29.6060424877	28.6798353266
3.74237737517	5.37750238322	0.420303794991	-0.0	-0.0	0.01674356016	0.379083307505	0.000382898226655	28.9377927854	27.3417246843
3.72646928856	5.36835402738	0.430212015996	-0.0	-0.0	0.0164037507733	0.379294264981	0.00037818101086	28.2348908218	25.94231408
3.7229341582	5.36421521808	0.439715317155	-0.0	-0.0	0.0160906825333	0.379488554848	0.000372693182044	27.5949424369	24.6793203577
3.71188687583	5.35650510204	0.449480053954	-0.0	-0.0	0.0157808553067	0.379680779378	0.000368008947672	26.969015233	23.4554387148
3.69951391958	5.34653465347	0.459497859939	-0.0	-0.0	0.0154743623067	0.379870873744	0.000363526970142	26.3573683773	22.2713587113
3.69332744145	5.34239130435	0.470355311541	-0.0	-0.0	0.0151550994533	0.380068825319	0.000358184299122	25.7274034861	21.0640099181
3.68448961555	5.33461292386	0.481676802752	-0.0	-0.0	0.0148316887067	0.380269286324	0.000353005173538	25.0969214635	19.8766791742
3.6721166593	5.32286995516	0.493773756251	-0.0	-0.0	0.0144959934	0.380477285638	0.000347918852705	24.4510260568	18.682951223
3.66327883341	5.31548573261	0.506224527684	-0.0	-0.0	0.0141610572533	0.380684757903	0.000342502259467	23.8151687962	17.5299039585
3.65267344233	5.3079640334	0.520228785571	-0.0	-0.0	0.0137938848667	0.380912108906	0.000336641527412	23.1283925981	16.3144833221
3.64118426867	5.29742765273	0.53543257337	-0.0	-0.0	0.0134071160933	0.381151509181	0.000330500406764	22.416560645	15.0864539525
3.62085726911	5.28548387097	0.552347288363	-0.0	-0.0	0.0129895113467	0.381409889295	0.000324566941609	21.6605307576	13.8210960911
3.6137870084	5.27492739593	0.569635720452	-0.0	-0.0	0.0125746587867	0.381666459762	0.000317477378038	20.9223995947	12.6270840471
3.59611135661	5.26018099548	0.589388333196	-0.0	-0.0	0.0121117381733	0.381952632861	0.000310391740792	20.1142308828	11.3721676893
3.58197083517	5.23884938591	0.611310690698	-0.0	-0.0	0.0115982158533	0.382269932502	0.000302073174359	19.2368311609	10.0923405304
3.56473707468	5.21805241022	0.634060012543	-0.0	-0.0	0.0110636225333	0.382600078615	0.000293633232655	18.3435218336	8.87866789519
3.5461776403	5.19935170178	0.662775328335	-0.0	-0.0	0.0104102220533	0.383003356254	0.000283123265327	17.2821754332	7.51818833025
3.51082633672	5.17633637549	0.697881275572	-0.0	-0.0	0.00965482125333	0.383469260019	0.000272073234641	16.0958114561	6.08930883837
3.47989394609	5.14477124183	0.733195104767	-0.0	-0.0	0.00892951114667	0.383916273864	0.000261176669908	14.9975146526	4.86712561966
