# C		CN		K0		e_x		e_y		e_z		n		overlap		p		q
3.46619531595	5.24089542265	0.736991269235	-0.0	-0.0	1.87240000048e-07	0.388449715911	0.000129834101279	5.58794332121	1.78216037217
3.48828988069	5.24127617149	0.652224947035	-0.0	-0.0	0.000531443826667	0.38812473948	0.000138479904281	6.16465138452	2.7910070433
3.50508174989	5.24181276877	0.576573807419	-0.0	-0.0	0.00134984762667	0.387623773473	0.000152019507316	7.09072423292	4.18326873258
3.52231551038	5.24670619236	0.535223768541	-0.0	-0.0	0.00212068413333	0.387151549542	0.000164369748098	7.99795318814	5.38616672327
3.53954927088	5.25155788783	0.508918231026	-0.0	-0.0	0.00286652962667	0.386694288785	0.000176119614339	8.90797811398	6.50381594217
3.56208572691	5.26535947712	0.490384636515	-0.0	-0.0	0.00361248325333	0.386236620487	0.000187480265082	9.85027012766	7.60287792204
3.58064516129	5.2656046814	0.477081017717	-0.0	-0.0	0.00433858268	0.385790805416	0.000198612003661	10.7968641513	8.66747758604
3.60627485639	5.27052359405	0.466618404387	-0.0	-0.0	0.00503626472	0.385362133171	0.000208802579	11.7376700042	9.71529787845
3.61732213875	5.27539503386	0.458094707921	-0.0	-0.0	0.00572674384	0.384937592006	0.0002196387026	12.697079694	10.7723400775
3.62306672559	5.28134063809	0.451177549197	-0.0	-0.0	0.00641326198667	0.384515195526	0.000230668785471	13.6769401369	11.8372408155
3.63720724702	5.28291586384	0.445483998223	-0.0	-0.0	0.00707321445333	0.384108870749	0.000240693646311	14.6448507244	12.8835666478
3.65488289881	5.29436258808	0.440533017801	-0.0	-0.0	0.00772982676	0.383704336257	0.000250372629233	15.6326970639	13.9484383076
3.66548828988	5.30188679245	0.436415861148	-0.0	-0.0	0.00836371930667	0.383313547183	0.000260140854005	16.6095258807	14.9947246655
3.67476800707	5.3033492823	0.432902653216	-0.0	-0.0	0.00898968749333	0.382927400237	0.000269828822805	17.5940959412	16.0427753522
3.68537339814	5.30375318066	0.429632740688	-0.0	-0.0	0.00960245564	0.38254916193	0.000279183544199	18.579912183	17.0992906008
3.69642068051	5.31701112878	0.426946089695	-0.0	-0.0	0.01020852716	0.382174829137	0.000288310586765	19.5715891101	18.1492361774
3.70216526734	5.32062281538	0.424650363616	-0.0	-0.0	0.0108068733867	0.381805045159	0.000297698882589	20.5680150425	19.1972021666
3.71498011489	5.32773375594	0.422429418978	-0.0	-0.0	0.0114085767867	0.381432969846	0.000306543593946	21.5884293663	20.276090673
3.72867874503	5.33333333333	0.420165561492	-0.0	-0.0	0.0121410528933	0.380979714277	0.000317379947935	22.8509593914	21.5990041835
3.74237737517	5.33732660782	0.41858006662	-0.0	-0.0	0.0127213886267	0.380620368045	0.000325716041768	23.8696747845	22.6626484081
3.75254087494	5.33459000943	0.417167788594	-0.0	-0.0	0.0132863232	0.380270359992	0.000334078768832	24.8767999182	23.7126736613
3.7649138312	5.34358330719	0.41584672218	-0.0	-0.0	0.0138520024667	0.379919692611	0.000342232541988	25.9006631439	24.7802774856
3.78258948299	5.35168961202	0.414595743449	-0.0	-0.0	0.01442276032	0.379565675886	0.000349990319941	26.9512876082	25.8760199767
3.79673000442	5.35671967571	0.413231619339	-0.0	-0.0	0.0150851648267	0.379154565339	0.000359533576949	28.1906209146	27.1695010887
3.80468404772	5.36335306949	0.412294210209	-0.0	-0.0	0.0156255701333	0.378818962406	0.000367634600797	29.2157787617	28.2314884925
3.81396376491	5.37246963563	0.411340423247	-0.0	-0.0	0.0161585611733	0.37848779023	0.000375458834163	30.2412749841	29.3004935563
3.82103402563	5.37468905473	0.410402170055	-0.0	-0.0	0.01669558644	0.378153942336	0.000383551441019	31.2884802202	30.3947320979
3.82456915599	5.37569919204	0.410066082102	-0.0	-0.0	0.0169151308667	0.378017403868	0.000386782341224	31.7196203641	30.8425074019
3.82456915599	5.37674852347	0.41030620953	-0.0	-0.0	0.0169067821467	0.378022587744	0.0003866171269	31.6996811903	30.8024458618
3.82103402563	5.37531094527	0.410560163037	-0.0	-0.0	0.0168967420667	0.378028832264	0.000386786231465	31.6768822762	30.7584557545
3.81926646045	5.37406716418	0.410867165294	-0.0	-0.0	0.01688252576	0.378037674486	0.000386699544219	31.6448060931	30.7009545865
3.81794078657	5.37418351477	0.411128342276	-0.0	-0.0	0.0168722147467	0.378044087515	0.000386639923661	31.6213624325	30.6558196872
3.81794078657	5.37418351477	0.411515272405	-0.0	-0.0	0.0168547711067	0.378054936595	0.000386313791457	31.58201676	30.5845690564
3.81926646045	5.37480559876	0.411918684564	-0.0	-0.0	0.01683766904	0.37806557305	0.000385858841746	31.5432812784	30.512612574
3.82059213433	5.37531094527	0.412491165211	-0.0	-0.0	0.0168131410133	0.378080819945	0.000385265516622	31.4878515559	30.4102522023
3.81617322139	5.37577833126	0.414499481378	-0.0	-0.0	0.01672814476	0.37813368624	0.000384106375169	31.2954536941	30.0549722687
3.80468404772	5.36720698254	0.423222407104	-0.0	-0.0	0.01636665716	0.378358442576	0.000378458033887	30.4852478335	28.5682102096
3.79363676536	5.35872619419	0.431954075546	-0.0	-0.0	0.01601647492	0.378576092298	0.000372963675811	29.7095092276	27.1628711281
3.78303137428	5.35365853659	0.440051695179	-0.0	-0.0	0.0157008088667	0.378772220773	0.000368058325255	29.0185858464	25.9276825461
3.77993813522	5.35430359937	0.448321758111	-0.0	-0.0	0.0153861453067	0.378967670765	0.000362442409359	28.3375327267	24.7276835638
3.77065841803	5.35006273526	0.457117150258	-0.0	-0.0	0.0150615938533	0.379169195006	0.000357224881473	27.6434574795	23.5193136532
3.75872735307	5.33804143126	0.466410576233	-0.0	-0.0	0.0147288175867	0.379375758392	0.000352110484421	26.9410551975	22.3126626592
3.748121962	5.33364779874	0.47634628474	-0.0	-0.0	0.01438135024	0.379591367589	0.000346578860716	26.2165967399	21.0915202406
3.73353954927	5.32461393003	0.487127235671	-0.0	-0.0	0.0140122525067	0.379820316754	0.000340981984932	25.457699864	19.840240089
3.72470172338	5.32059380922	0.498613796218	-0.0	-0.0	0.0136243910667	0.380060813897	0.000334462910209	24.6702369274	18.5797299511
3.70216526734	5.31039949271	0.511239325891	-0.0	-0.0	0.0132094509467	0.380317998175	0.000328702810079	23.8440660818	17.2867710639
3.68493150685	5.30289532294	0.5248718054	-0.0	-0.0	0.01277572772	0.380586710375	0.00032213320564	22.9962531907	15.9915145536
3.6721166593	5.29541108987	0.539803176199	-0.0	-0.0	0.01231776044	0.380870316448	0.000314717224031	22.1170283428	14.6828550272
3.65355722492	5.28178913738	0.556259319135	-0.0	-0.0	0.01182521716	0.381175189526	0.000307143633365	21.1910260172	13.3537098458
3.63455589925	5.27252324463	0.574595697431	-0.0	-0.0	0.0113024593733	0.381498595286	0.000298996200493	20.22737796	12.0112340406
3.622182943	5.26260032103	0.590160733458	-0.0	-0.0	0.0108728496533	0.381764257618	0.000292005859782	19.4524950113	10.9695699586
3.6217410517	5.26195826645	0.58948728625	-0.0	-0.0	0.0108816798667	0.381758798441	0.000292209207716	19.4685194876	11.0034438241
3.62527618206	5.26420545746	0.589305229732	-0.0	-0.0	0.0108864721867	0.381755835624	0.000292007412391	19.4765744917	11.0147189256
3.62704374724	5.2658105939	0.588637388051	-0.0	-0.0	0.0108968437467	0.381749425844	0.000292058189008	19.4951194763	11.0499097625
3.62262483429	5.26227929374	0.587883316397	-0.0	-0.0	0.0109103873067	0.381741050064	0.000292661323779	19.5188958523	11.0913493731
3.62704374724	5.26516853933	0.586849530019	-0.0	-0.0	0.0109278105333	0.381730277904	0.000292626244222	19.5497778896	11.1473571548
3.62571807335	5.26508344031	0.58463180771	-0.0	-0.0	0.0109653968133	0.381707039008	0.000293424299354	19.6164825784	11.2684270133
3.63588157313	5.27622714148	0.564971282603	-0.0	-0.0	0.01131748792	0.381489305227	0.000299073675373	20.2470174054	12.4060162328
3.64560318162	5.28388337071	0.545526354842	-0.0	-0.0	0.0117002902933	0.381252492541	0.000305296212949	20.9439368674	13.655993397
3.6637207247	5.29721955896	0.528590993036	-0.0	-0.0	0.01206754608	0.381025212206	0.000310505568476	21.6233184655	14.8651317493
3.6725585506	5.30670926518	0.513491217711	-0.0	-0.0	0.0124285490533	0.380801720129	0.000316362670923	22.3013786482	16.058081777
3.68228015908	5.31493299298	0.499662780578	-0.0	-0.0	0.01279275704	0.380576163146	0.000322181801076	22.994844425	17.2635863976
3.69421122404	5.3294005102	0.48685088736	-0.0	-0.0	0.0131643214933	0.380345963454	0.000327930833418	23.7118484789	18.4947607007
3.70260715864	5.33641287034	0.47514588733	-0.0	-0.0	0.0135363507067	0.380115391301	0.000333981386062	24.4396098588	19.7312472623
3.71100309324	5.34341183959	0.465112593701	-0.0	-0.0	0.01388941736	0.379896492746	0.000339684504141	25.1394286793	20.8992669196
3.72116659302	5.34783989835	0.455992375225	-0.0	-0.0	0.0142436939733	0.379676764848	0.0003452324236	25.8501679334	22.0650637316
3.73442333186	5.35807167777	0.447965084769	-0.0	-0.0	0.0145923324	0.379460458627	0.000350352308323	26.5562755243	23.197043135
3.7397260274	5.35983528666	0.440412835393	-0.0	-0.0	0.0149523432267	0.379237017455	0.000356409106688	27.292423351	24.3602956438
3.74591250552	5.36498892054	0.433714171906	-0.0	-0.0	0.01531051036	0.379014640736	0.000362317926144	28.0303067117	25.5000394
3.75298276624	5.37140145524	0.428065036246	-0.0	-0.0	0.0156541339733	0.378801218836	0.000367831024388	28.7414015843	26.5685245613
3.76579761379	5.37910353535	0.423033889175	-0.0	-0.0	0.0160203404533	0.378573690159	0.000373112664912	29.5000766392	27.659674288
3.78082191781	5.39602398233	0.419258062307	-0.0	-0.0	0.0163805580933	0.378349807069	0.0003779619513	30.2429373364	28.6589959073
3.78833406982	5.39590551181	0.416554238841	-0.0	-0.0	0.0167494498533	0.378120439425	0.000383573467267	30.9972902845	29.5976553119
3.79098541759	5.39553178099	0.414524560047	-0.0	-0.0	0.0171536889067	0.377868998356	0.00039017807207	31.8193661332	30.5559711566
3.79186920018	5.39572192513	0.414288311352	-0.0	-0.0	0.0172135081733	0.377831791351	0.000391098608919	31.9406837216	30.6927774864
3.79098541759	5.39616110761	0.414400234836	-0.0	-0.0	0.0172105263333	0.377833637026	0.000391129179396	31.9333768599	30.6761371185
3.78921785241	5.39521711768	0.414654440233	-0.0	-0.0	0.0172006025333	0.37783981125	0.000391125427701	31.9109178335	30.6327393827
3.7896597437	5.39553178099	0.414905830971	-0.0	-0.0	0.01718904456	0.377847002119	0.000390866669498	31.8851248718	30.5864276022
3.7896597437	5.39521711768	0.415057600472	-0.0	-0.0	0.0171828699867	0.377850834635	0.000390751552885	31.8712413669	30.5601096447
3.7896597437	5.39458779106	0.415401647817	-0.0	-0.0	0.01716859528	0.377859716322	0.000390485448252	31.8390941726	30.4998609616
3.79142730888	5.39553178099	0.41583627303	-0.0	-0.0	0.0171501267867	0.377871214458	0.00038996043277	31.7976281926	30.423048651
3.78833406982	5.39282341832	0.417933525508	-0.0	-0.0	0.01706294408	0.377925450965	0.000388657558875	31.602137059	30.0586218825
3.77772867875	5.39179810726	0.425794521195	-0.0	-0.0	0.01674356016	0.378124099848	0.000383811106515	30.8909429412	28.739231454
3.76403004861	5.38476130256	0.434470148563	-0.0	-0.0	0.0164037507733	0.378335380889	0.000378881330381	30.1429368433	27.3632024861
3.76182059213	5.38159974708	0.44272598745	-0.0	-0.0	0.0160906825333	0.378529976202	0.000373288892699	29.4620990225	26.1239146247
3.75165709236	5.37310126582	0.451175360483	-0.0	-0.0	0.0157808553067	0.378722494711	0.000368539678901	28.7958962832	24.92268732
3.74856385329	5.3701709943	0.459751054212	-0.0	-0.0	0.0154743623067	0.378912882739	0.000363146723686	28.1441384414	23.7637266295
3.73619089704	5.36081166772	0.468970740381	-0.0	-0.0	0.0151550994533	0.379111141135	0.000358417503142	27.4731974382	22.5843842652
3.7313300928	5.35893367185	0.478564728276	-0.0	-0.0	0.0148316887067	0.379311910797	0.000352882810631	26.8021653485	21.4225906077
3.71188687583	5.34627625716	0.488824725648	-0.0	-0.0	0.0144959934	0.379520237906	0.000348495632384	26.114591641	20.2499996214
3.70923552806	5.34256606176	0.499280444076	-0.0	-0.0	0.0141610572533	0.379728023963	0.000342542836071	25.4373867927	19.1192528998
3.68979231109	5.32950191571	0.510860948398	-0.0	-0.0	0.0137938848667	0.379955721463	0.000337535348622	24.7058230794	17.9321145345
3.67344233319	5.31457800512	0.523224116216	-0.0	-0.0	0.0134071160933	0.380195496158	0.000331894811736	23.9477893981	16.7378704343
3.65488289881	5.30436177037	0.537074462193	-0.0	-0.0	0.0129895113467	0.3804542758	0.000325888262222	23.1431969161	15.4958644768
3.65355722492	5.29775641026	0.551213267012	-0.0	-0.0	0.0125746587867	0.380711237529	0.000318394764723	22.3574897106	14.3173774722
3.63764913831	5.28273427471	0.567221905903	-0.0	-0.0	0.0121117381733	0.38099785781	0.000311279574107	21.4954323753	13.0751892419
3.62262483429	5.26260032103	0.585326461505	-0.0	-0.0	0.0115982158533	0.381315647623	0.000303103073923	20.5559627198	11.7808061913
3.6049491825	5.24806949807	0.604518425765	-0.0	-0.0	0.0110636225333	0.381646303754	0.000294666117176	19.597272818	10.5254382235
3.58241272647	5.23546511628	0.628395309792	-0.0	-0.0	0.0104102220533	0.382050204387	0.00028446348351	18.4574362319	9.11764230158
3.56385329209	5.21001615509	0.656870123212	-0.0	-0.0	0.00965482125333	0.382516827891	0.000272063670067	17.183217322	7.64486236297
3.53247901016	5.18526930565	0.685699728488	-0.0	-0.0	0.00892951114667	0.382964532295	0.000261184538356	16.0045301088	6.36361977372
