##PERIODIC:: 0.0462201 0.0461205 0.0921203
0.000415226 0.0042207 0.0554055 0.00477857 -1
0.0429143 0.0427957 0.0167394 0.00474171 -1
0.0228902 0.0175817 0.0228873 0.00470177 -1
0.0355313 0.00288812 0.0519793 0.00466491 -1
0.0279807 0.0384271 0.0531328 0.00462805 -1
0.024123 0.0397878 0.0914837 0.00459119 -1
0.0322303 0.0477125 0.0261988 0.0045574 -1
0.0188308 0.042797 0.0611867 0.00452054 -1
0.0391674 0.0412477 0.0275094 0.00448675 -1
0.0437353 0.0187028 0.0274107 0.00445604 -1
0.0235655 0.0201598 0.0732673 0.00442225 -1
0.033764 0.0246144 0.053722 0.00439153 -1
0.00439372 0.0290608 0.040203 0.00436081 -1
0.0299212 0.0380202 0.044396 0.0043301 -1
0.0337476 0.00400018 0.0178118 0.00429938 -1
0.00978664 0.0352582 0.00664443 0.00427174 -1
0.00657163 0.0273938 0.0550021 0.0042441 -1
0.0323499 0.0145788 0.041651 0.00421645 -1
0.0268391 0.00626844 0.0657503 0.0041888 -1
0.0173838 0.0196958 0.00748508 0.00416116 -1
0.00524662 0.00548797 0.0416989 0.00413659 -1
0.00263673 0.0214956 0.0435818 0.00410894 -1
0.0244545 0.0302965 0.00971234 0.00408437 -1
0.00253762 0.0378256 0.0370214 0.0040598 -1
0.00880841 0.00757561 0.0875394 0.0040383 -1
0.0462631 0.00614735 0.0793279 0.00402601 -1
0.0299715 0.0311796 0.0573977 0.00401372 -1
0.0265672 0.00713086 0.022365 0.00399837 -1
0.0357734 0.0263465 0.0835063 0.00398609 -1
0.0138678 0.00812618 0.0248685 0.0039738 -1
0.0216588 0.00453305 0.0596957 0.00396152 -1
0.0270879 0.00539734 0.0130976 0.00394924 -1
0.00270536 0.0442636 0.0485727 0.00393696 -1
0.00232631 0.0264373 0.0685581 0.00392467 -1
0.0221432 0.0216069 0.00124597 0.00391546 -1
0.0121223 0.00852165 0.050962 0.00390318 -1
0.00601625 0.0271254 0.0167545 0.00389089 -1
0.0306133 0.0127895 0.0628669 0.00387861 -1
0.00213504 0.00710455 0.0344078 0.00386632 -1
0.0350951 0.0155718 0.0750593 0.00385711 -1
0.0271747 0.0358048 0.0631022 0.00384483 -1
0.013638 0.0388536 0.0492799 0.00383254 -1
0.0360952 0.0448144 0.083437 0.00382333 -1
0.0369541 0.0357792 0.0533229 0.00381105 -1
-0.000394594 0.00653962 0.0471842 0.00380184 -1
0.0349915 0.0130104 0.0565755 0.00378955 -1
0.0423134 0.013363 0.0738194 0.00378034 -1
0.0482413 0.00413206 0.0892755 0.00376806 -1
0.011449 0.0210469 0.0551554 0.00375884 -1
0.0133017 0.0424493 0.00612098 0.00374963 -1
0.0106998 0.0397649 0.039475 0.00373734 -1
0.0443454 0.0276133 0.00423441 0.00372813 -1
0.0390772 0.00988879 0.0490375 0.00371585 -1
0.0074966 0.0236453 0.0761713 0.00370664 -1
0.014464 0.0232548 0.033355 0.00369742 -1
0.0305084 0.0428195 0.0178613 0.00368821 -1
0.0335516 0.0168689 0.0898059 0.003679 -1
0.0255494 0.0438389 0.00985621 0.00366671 -1
0.00271075 0.0359542 0.0101544 0.0036575 -1
0.0446768 0.0154302 0.0200475 0.00364829 -1
0.0274954 0.0451839 0.0687457 0.00363907 -1
0.00825156 0.0415979 0.0610123 0.00362986 -1
0.000220383 0.0244979 0.0760357 0.00362065 -1
0.0371728 0.0444288 0.0685441 0.00361143 -1
0.00957469 0.0155668 0.0505065 0.00360222 -1
0.00875162 0.0156551 0.0593676 0.003593 -1
0.0174814 0.0120165 0.0421245 0.00358379 -1
0.0189631 0.00653822 0.0486849 0.00357458 -1
0.0114921 0.0333142 0.0536889 0.00356536 -1
0.0357301 0.00719271 0.0400525 0.00355615 -1
0.0414024 0.0336474 0.0261751 0.00354694 -1
0.0458458 0.0127839 0.0641452 0.00353773 -1
0.0423206 0.03936 0.0434567 0.00352852 -1
0.00172163 0.00434348 0.0201255 0.00352238 -1
0.0206498 0.0212679 0.036907 0.00351316 -1
0.00125121 0.00506707 0.0273801 0.00350395 -1
0.0126426 0.0301071 0.0412051 0.00349474 -1
0.0405134 0.0313205 0.0867244 0.0034886 -1
0.00886931 0.00844722 0.0169001 0.00347938 -1
0.0440287 0.0188271 0.0674935 0.00347017 -1
0.00738864 0.0384331 0.0673022 0.00346403 -1
0.0112916 0.0210102 0.0871891 0.00345482 -1
0.015624 0.0253755 0.00145837 0.0034456 -1
0.0477304 0.045036 0.0615854 0.00343946 -1
0.0347956 0.0442991 0.0369305 0.00343025 -1
0.0266809 0.0407549 0.0839526 0.00342104 -1
0.00516991 0.0133409 0.0321911 0.0034149 -1
0.0139916 0.0216697 0.0618246 0.00340569 -1
0.0073414 0.0221481 0.0493971 0.00339955 -1
0.017605 0.0180728 0.0572751 0.00339423 -1
0.00827572 0.0340751 -0.000970479 0.00339321 -1
0.00149199 0.0189959 0.0617059 0.00339219 -1
0.0462824 0.00128508 0.0382167 0.00339117 -1
0.0246956 0.0127269 0.0852773 0.00339014 -1
0.0288992 0.0167826 0.056142 0.00338912 -1
0.0235594 0.0145284 0.0630494 0.00338789 -1
0.00654826 0.0380413 0.0481901 0.00338636 -1
0.043351 0.042298 0.066046 0.00338503 -1
0.00599245 0.0333542 0.020513 0.003384 -1
0.00375307 0.00831462 0.0674448 0.00338298 -1
0.00812501 0.0334924 0.0139368 0.00338196 -1
0.0372379 0.0206963 0.0150767 0.00338094 -1
0.00819334 0.0149308 0.0867956 0.00337991 -1
0.016651 0.0284682 0.0290995 0.00337869 -1
0.0366895 0.022751 0.0677109 0.00337715 -1
0.0432681 0.0256104 0.0354275 0.00337582 -1
0.0347647 0.0327736 0.0627897 0.0033748 -1
0.0176193 0.0181151 0.0686586 0.00337377 -1
-0.00202573 4.99292e-05 0.0240069 0.00337275 -1
0.0299729 0.0445136 0.08857 0.00337173 -1
0.00854905 0.0286344 0.00303874 0.0033707 -1
0.00322688 0.00859967 0.0130211 0.00336949 -1
0.00792377 0.0186771 0.0811897 0.00336795 -1
0.043794 0.00477596 0.0632984 0.00336661 -1
0.0203302 0.0190747 0.0303906 0.00336559 -1
0.0055785 0.0196322 0.00663911 0.00336457 -1
0.0465444 0.040131 0.089416 0.00336354 -1
0.0189443 0.00176631 0.032016 0.00336252 -1
0.01758 0.0459743 0.0383165 0.0033615 -1
0.0176179 0.00883937 0.00475673 0.00336048 -1
0.0157796 0.0372063 0.066249 0.00335945 -1
0.0121323 0.0300079 0.0753224 0.00335843 -1
0.0385081 0.0142426 0.0165391 0.00335722 -1
0.028346 0.0232337 0.0439891 0.00335568 -1
0.0319593 0.0199997 0.0109517 0.00335434 -1
0.0357987 0.0122733 0.0059057 0.00335331 -1
0.0321591 0.00361319 0.0338455 0.00335229 -1
0.0457219 0.0387651 0.0237468 0.00335127 -1
0.0133645 0.00482242 0.0578382 0.00335024 -1
0.00750993 0.000962989 0.0179247 0.00334922 -1
0.00790428 0.0133646 0.012263 0.0033482 -1
0.00558453 0.0449689 0.0679505 0.00334718 -1
0.043255 0.0086138 0.0868959 0.00334615 -1
0.022272 0.00390645 0.076421 0.00334494 -1
0.0320484 0.0277801 0.0663711 0.00334341 -1
0.0357519 0.0255257 0.0195115 0.00334206 -1
0.0315956 0.0106206 0.0696826 0.00334104 -1
0.0142976 0.0412843 0.0849021 0.00334001 -1
0.0400967 0.00238311 0.0735363 0.00333899 -1
0.0186925 0.0437345 0.0445347 0.00333797 -1
0.0431475 0.0355196 0.0789203 0.00333695 -1
0.00850396 0.0404342 0.00121844 0.00333592 -1
0.0154588 0.0408712 0.0718419 0.0033349 -1
0.0290446 0.00714108 0.0417179 0.00333388 -1
0.0123373 0.0130697 0.092402 0.00333267 -1
0.0322049 0.0458977 0.0447514 0.00333114 -1
0.038574 0.0272539 0.076466 0.00332978 -1
0.0303344 0.0151524 0.0211067 0.00332876 -1
0.0340519 0.0165947 0.0680246 0.00332774 -1
0.0174343 0.0413713 0.0334391 0.00332672 -1
0.0345597 0.018729 0.0616482 0.00332569 -1
0.0210277 0.0448937 0.0220894 0.00332467 -1
0.0139364 0.0272504 0.087297 0.00332365 -1
0.0358253 0.0063143 0.00289619 0.00332262 -1
0.0442362 0.0189884 0.0351686 0.0033216 -1
0.0270879 0.00719976 0.0731976 0.00332058 -1
0.00929712 0.0335761 0.0363876 0.00331956 -1
0.0160726 0.0079267 0.0904437 0.00331853 -1
0.0344103 0.0383232 0.0776948 0.00331751 -1
0.0136032 0.00349247 0.0169734 0.00331649 -1
0.0174176 0.0243518 0.0532847 0.00331546 -1
0.0395207 0.0128688 0.0310664 0.00331427 -1
0.00411444 0.0315599 0.0327617 0.00331274 -1
0.0212479 0.0136567 0.0361019 0.00331137 -1
0.0408978 0.0357268 0.0328456 0.00331035 -1
0.00271491 0.0255684 0.061235 0.00330933 -1
0.0441678 0.00915542 0.017073 0.0033083 -1
0.024671 0.0304979 0.0828732 0.00330728 -1
0.0232353 0.0321205 0.0732024 0.00330626 -1
0.0164818 0.0366848 0.00309718 0.00330524 -1
0.0130038 0.0175465 0.0131355 0.00330421 -1
0.0285225 0.0182168 0.0851538 0.00330319 -1
0.0224589 0.0267493 0.0497309 0.00330217 -1
0.0215115 0.00784393 0.0329608 0.00330114 -1
0.0340488 0.0152846 0.0830266 0.00330012 -1
0.0174281 0.015501 0.0776716 0.0032991 -1
0.00331206 0.0264081 0.0233767 0.00329807 -1
0.0437814 0.0384562 0.0605958 0.00329705 -1
0.0384843 0.0472622 0.0417113 0.00329603 -1
0.0200346 0.0406338 0.0816331 0.003295 -1
0.021324 0.0284734 0.00328455 0.00329398 -1
0.0114774 0.00239006 0.0390953 0.00329296 -1
0.00272329 0.0351895 0.0636475 0.00329194 -1
0.00214395 0.0144616 0.0703286 0.00329091 -1
0.00542737 0.0442582 0.0406547 0.00328973 -1
0.045248 0.0133318 0.0802498 0.0032882 -1
0.0293813 0.0322362 0.0148405 0.00328682 -1
0.0375855 0.0250682 0.00416526 0.0032858 -1
0.0232936 0.0420216 0.0161754 0.00328477 -1
0.0268013 0.0192108 0.0389381 0.00328375 -1
0.0112588 0.00964996 0.040443 0.00328273 -1
0.00087467 0.00345743 0.0095193 0.00328171 -1
0.00980939 0.0159979 0.0396176 0.00328068 -1
0.0114223 0.0112012 0.0638931 0.00327966 -1
0.0421491 0.0278405 0.0589093 0.00327864 -1
0.00314168 0.0224599 0.0121331 0.00327762 -1
0.0356511 0.0234906 0.0901828 0.00327659 -1
0.00544187 0.0371723 0.0798777 0.00327557 -1
0.0434547 0.00845616 0.0688314 0.00327455 -1
0.022612 0.00781905 0.0403694 0.00327353 -1
-0.000989655 0.0213239 0.00717879 0.0032725 -1
0.0231267 0.0271027 0.077454 0.00327148 -1
0.0123023 0.0281213 0.0615182 0.00327046 -1
0.0103923 0.035785 0.0248719 0.00326943 -1
0.0321663 0.0229644 0.0330543 0.00326841 -1
0.0151969 0.00647611 0.0698725 0.00326739 -1
0.0230101 0.0242382 0.0178177 0.00326637 -1
0.0268506 0.0155953 0.0911147 0.00326534 -1
0.0134463 0.0379952 0.058262 0.00326432 -1
0.0178143 0.0430238 0.0532193 0.0032633 -1
0.0410938 0.0197186 0.0615004 0.00326228 -1
0.0328107 0.00052179 0.094176 0.00326125 -1
0.0304022 0.0192454 0.07895 0.00326023 -1
0.0216069 0.0384888 0.0733773 0.00325921 -1
0.0374248 0.047275 0.00665456 0.00325818 -1
0.0352772 0.00515277 0.0699851 0.00325716 -1
0.0023397 0.0397825 0.0715268 0.00325614 -1
-0.000823567 0.038168 0.053561 0.00325511 -1
0.0232583 0.0290445 0.0291669 0.00325409 -1
0.0414651 0.00449031 0.0917276 0.00325307 -1
-0.00168855 0.033022 0.0424986 0.00325205 -1
0.0195831 0.0343068 0.0302241 0.00325102 -1
0.00285299 0.0089867 0.00590208 0.00325 -1
0.0372683 0.0383486 0.0653442 0.00324898 -1
0.0110677 0.0232563 0.00596088 0.00324795 -1
0.00435943 0.00916374 0.0608975 0.00324693 -1
0.0037229 0.044953 0.00142304 0.00324591 -1
0.00808675 0.0118773 0.0711813 0.00324489 -1
0.0219581 0.0349892 0.0789507 0.00324386 -1
0.0430446 0.0355922 0.0664304 0.00324284 -1
0.0314057 0.022412 0.0266123 0.00324182 -1
0.0125798 0.0283406 0.0142438 0.00324079 -1
0.0282602 0.0205247 0.0500019 0.00323977 -1
0.0254326 0.0303656 0.0672923 0.00323875 -1
0.0140991 0.0315176 0.0476675 0.00323773 -1
0.00313861 0.0367762 0.00223418 0.0032367 -1
0.0339314 0.0203574 0.0461635 0.00323568 -1
0.0449935 0.040754 0.00487989 0.00323466 -1
0.0235306 0.0451296 0.0554773 0.00323364 -1
0.0225143 0.00518599 0.00723603 0.00323261 -1
0.0308133 0.0337598 0.00866654 0.00323159 -1
0.0366017 0.0262455 0.0261676 0.00323057 -1
0.0351192 0.0339616 0.000664702 0.00322954 -1
0.0030939 0.0159597 0.0483843 0.00322852 -1
0.00242943 0.0120868 0.0883275 0.0032275 -1
0.0294984 0.0253093 0.00794197 0.00322648 -1
0.00854021 0.0324149 0.064618 0.00322551 -1
0.0365057 0.00775003 0.0613842 0.00322475 -1
0.00473524 0.0344628 0.053444 0.00322398 -1
0.0113512 0.0391572 0.0128512 0.00322321 -1
0.021051 0.00802156 0.0159438 0.00322239 -1
0.0107098 0.00332749 0.0462827 0.00322136 -1
0.00312333 0.0379415 0.0167259 0.00322034 -1
0.0316279 0.0325749 0.039418 0.00321932 -1
0.0391058 0.00243332 0.012777 0.00321829 -1
0.045122 0.0116583 0.0519351 0.00321727 -1
0.00439617 0.0360905 0.0861928 0.00321625 -1
0.0445831 0.0077043 0.040375 0.00321522 -1
0.0203173 0.00569831 0.0269259 0.0032142 -1
0.0119357 0.0328712 0.0304532 0.00321318 -1
0.0408775 0.044513 0.0342686 0.00321215 -1
0.0286829 0.000217301 0.0809846 0.00321113 -1
0.0187468 0.0260595 0.0727914 0.00321011 -1
0.00104955 0.024544 0.0882595 0.00320909 -1
0.0168528 0.0270398 0.00778226 0.00320806 -1
0.00440005 0.0165358 0.0168105 0.00320704 -1
0.0390208 0.0354731 0.0172885 0.00320602 -1
0.0312672 0.0114339 0.0012396 0.00320499 -1
0.0154602 0.0353958 0.0351844 0.00320397 -1
0.0341935 0.0334419 0.0693084 0.00320295 -1
0.0456943 0.0413487 0.0774063 0.00320193 -1
0.0421013 0.0191113 0.045035 0.00320096 -1
0.0445006 0.00100348 0.00410977 0.00320019 -1
-0.00064972 0.0171614 0.0122912 0.00319942 -1
0.00418606 0.0141767 0.0545618 0.00319866 -1
0.023649 0.0230663 0.00938255 0.00319784 -1
0.00959232 0.0230058 0.0122295 0.00319681 -1
0.0329379 0.0384208 0.00478403 0.00319579 -1
0.0213961 0.0072224 0.0867575 0.00319477 -1
0.011632 0.00500484 0.0807351 0.00319374 -1
0.0204554 0.0373021 0.0513249 0.00319272 -1
0.0299711 0.0242168 0.0871748 0.0031917 -1
0.0273051 0.0372865 0.0762058 0.00319067 -1
0.0125642 -0.00155688 0.0566407 0.00318965 -1
-0.000223962 0.0315822 0.0217029 0.00318863 -1
0.0393787 0.0440427 0.0472676 0.0031876 -1
0.0217236 0.0369727 0.0356788 0.00318658 -1
0.0351434 0.00716036 0.0828889 0.00318556 -1
0.0251602 0.04631 0.033335 0.00318454 -1
0.0261218 0.0247191 0.0237764 0.00318351 -1
0.0352433 0.0378754 0.0218462 0.00318254 -1
0.0154646 0.0223426 0.0459208 0.00318177 -1
0.00485985 0.0110926 0.0824818 0.00318101 -1
-0.000979194 0.0263023 0.0173765 0.00318024 -1
0.00785474 0.0282862 0.0285583 0.00317942 -1
0.0310793 0.0205957 0.0722077 0.0031784 -1
0.0458923 0.0336444 0.0899481 0.00317738 -1
0.0421394 0.0250779 0.0649123 0.00317636 -1
0.011925 -0.000203906 0.0756986 0.00317533 -1
0.00107322 0.0320122 0.0154885 0.00317431 -1
0.0112657 0.0115848 0.0820717 0.00317329 -1
0.0450198 0.0271695 0.0110874 0.00317226 -1
0.00897413 0.0286498 0.069771 0.00317124 -1
0.00959126 0.0431912 0.0454871 0.00317026 -1
0.015729 0.01836 0.0406092 0.0031695 -1
0.0281672 0.0311113 0.0774568 0.00316873 -1
0.0407215 0.00434434 0.0365614 0.00316796 -1
0.0186638 0.00469001 0.0208456 0.00316715 -1
0.00947347 0.00509559 0.0732249 0.00316613 -1
0.0332727 0.0272486 0.0425302 0.0031651 -1
0.0395817 0.0488593 0.0587424 0.00316408 -1
0.00463042 0.0203316 0.056108 0.00316306 -1
0.00791378 0.0108979 0.0458084 0.00316204 -1
0.038052 0.024701 0.0392609 0.00316101 -1
0.0229889 0.0153993 0.00941446 0.00315999 -1
0.0421977 0.00697295 0.030999 0.00315897 -1
0.0166893 0.0342808 0.0724629 0.00315799 -1
0.0311188 0.0215513 0.0172334 0.00315722 -1
0.034603 0.0419024 0.0556732 0.00315645 -1
0.0100814 0.041625 0.0799724 0.00315568 -1
0.00171291 0.0335361 0.0479036 0.00315488 -1
0.0441868 0.0131592 0.0458144 0.00315385 -1
0.00724073 0.017972 0.00037788 0.00315283 -1
0.0116762 0.0392153 0.0309909 0.00315181 -1
0.0223661 0.0201897 0.0533143 0.00315079 -1
0.0159409 0.0354561 0.081061 0.00314976 -1
0.0358937 0.0028265 0.0890492 0.00314878 -1
0.00737112 0.044253 0.0287705 0.00314801 -1
0.00763217 0.00277386 0.0339424 0.00314724 -1
0.00914822 0.0311501 0.0853662 0.00314648 -1
0.027579 0.0165804 0.0679426 0.00314567 -1
0.0161908 0.0183919 0.0508981 0.00314465 -1
0.00749007 0.0214404 0.0625803 0.00314363 -1
0.0226069 0.00123776 0.0910351 0.0031426 -1
0.0175744 0.0396119 0.0396619 0.00314158 -1
0.0207069 0.0341892 0.0214385 0.00314056 -1
0.0276208 0.0356675 0.0700823 0.00313957 -1
0.00827092 0.040275 0.0196407 0.0031388 -1
0.0276378 0.0126611 0.0267511 0.00313804 -1
0.0349015 0.0196294 0.0220594 0.00313727 -1
0.0358939 0.0425332 0.0131742 0.00313647 -1
0.0320419 0.0219922 0.00314604 0.00313544 -1
0.0241945 0.0356688 0.0164362 0.00313442 -1
0.0440633 0.0344374 0.00489245 0.0031334 -1
0.0403587 0.036756 0.0905018 0.00313237 -1
0.0180476 0.0326711 0.0548957 0.00313135 -1
0.00872344 0.0393908 0.054183 0.00313036 -1
0.0287243 0.0422994 0.038404 0.0031296 -1
0.0174731 0.0222149 0.0852703 0.00312883 -1
0.011844 0.00625444 0.0114228 0.00312806 -1
0.0209279 0.0480729 0.0124777 0.00312726 -1
0.0400354 0.0426351 0.00136706 0.00312624 -1
0.0294237 0.00732402 0.050054 0.00312522 -1
0.0287368 0.0156574 0.0339693 0.00312423 -1
0.0259824 0.00293689 0.0860369 0.00312346 -1
0.00484938 0.00902126 0.0509645 0.00312269 -1
0.0196431 0.0441965 0.0754646 0.00312192 -1
0.0201649 0.0265992 0.0888191 0.00312113 -1
0.0338972 0.0417994 0.0494373 0.0031201 -1
0.0459195 0.0116358 0.0290446 0.00311908 -1
0.00689113 0.00184774 0.059251 0.00311806 -1
0.00851803 0.00550354 0.0640326 0.00311703 -1
0.0268393 0.0381541 0.00638859 0.00311601 -1
0.0416915 0.0279166 0.0295686 0.00311502 -1
0.0315854 0.0399034 0.0677478 0.00311425 -1
-0.00134484 0.0318478 0.0362164 0.00311348 -1
0.00240996 0.0253202 0.0296297 0.00311271 -1
0.0395652 0.00368263 0.0800583 0.00311192 -1
0.0160424 0.038176 0.0266232 0.0031109 -1
0.0145789 0.04677 0.0112933 0.00310987 -1
0.0340824 0.0363439 0.0134504 0.00310888 -1
0.0232169 0.0267476 0.0560962 0.00310811 -1
0.0357949 0.0385433 0.0863726 0.00310734 -1
0.0366547 0.0202686 0.0799583 0.00310658 -1
0.00351835 0.0196427 0.0319117 0.00310578 -1
0.00983967 0.0211612 0.0433743 0.00310476 -1
0.0430809 0.00687408 0.00591528 0.00310374 -1
0.0364252 0.0439878 0.0209827 0.00310274 -1
0.0345402 0.0174896 0.0352842 0.00310197 -1
0.0398365 0.00819516 0.0556689 0.00310121 -1
0.0281148 0.0040832 0.0917707 0.00310044 -1
0.0169403 0.00631761 0.0378176 0.00309965 -1
0.0398882 0.0181259 0.00975196 0.00309862 -1
0.0220851 0.0388396 0.0253619 0.0030976 -1
0.00983339 0.0147417 0.0232664 0.0030966 -1
0.0332662 0.0343616 0.0335867 0.00309583 -1
9.87286e-05 0.0301347 0.0528922 0.00309507 -1
0.0145407 0.0195324 0.0275608 0.0030943 -1
0.0131228 0.00424071 0.0307247 0.00309351 -1
-0.000142299 0.0329049 0.0584197 0.00309249 -1
0.00314473 0.0435819 0.0211132 0.00309146 -1
0.0452554 0.0205576 0.0813374 0.00309046 -1
0.0334722 0.046026 0.0769022 0.00308969 -1
0.00479706 0.0442903 0.0873355 0.00308893 -1
0.0337559 0.046735 0.0595408 0.00308816 -1
0.0278683 0.0266307 0.0385352 0.00308737 -1
0.0438343 0.0305696 0.0748842 0.00308635 -1
0.0141425 0.0127307 0.069459 0.00308533 -1
0.0160672 0.0454817 0.0803715 0.00308432 -1
0.023045 0.00991015 0.0531815 0.00308356 -1
0.0208438 0.0217813 0.0800708 0.00308279 -1
0.0273274 0.0418681 0.0266047 0.00308202 -1
0.0132274 0.0193047 0.00149444 0.00308124 -1
0.0149963 0.0473197 0.0255958 0.00308021 -1
0.000784853 0.0178222 0.0760913 0.00307919 -1
0.0275137 0.0307386 0.0247944 0.00307819 -1
0.0247493 0.0162264 0.0796054 0.00307742 -1
0.0339372 0.0101212 0.0124919 0.00307665 -1
0.0059887 0.014201 0.0652605 0.00307588 -1
0.0208116 0.00975102 0.0810498 0.0030751 -1
0.0301341 0.00587423 0.0786615 0.00307408 -1
0.0326803 0.0215505 0.0395481 0.00307305 -1
0.0217833 0.0246231 0.0674333 0.00307205 -1
0.0208072 0.0280551 0.0414219 0.00307128 -1
0.0258764 0.0235283 0.0336029 0.00307051 -1
0.0185618 0.0352232 0.0607655 0.00306974 -1
0.00421118 0.0434729 0.0553693 0.00306896 -1
0.0431234 0.0367469 0.0726342 0.00306794 -1
0.0290342 0.0145481 0.0481358 0.00306692 -1
0.031597 0.0329199 0.0207549 0.00306591 -1
0.0100833 0.0257375 0.0222242 0.00306514 -1
0.0180543 0.0318518 0.0856607 0.00306437 -1
0.0287599 0.0103745 0.0553978 0.00306361 -1
0.0264154 0.0268391 -0.00050768 0.00306284 -1
0.0190067 0.0373062 0.0452402 0.00306207 -1
0.0415679 0.0269864 0.0223762 0.00306131 -1
0.02787 0.00234105 0.0055548 0.00306054 -1
0.0265991 0.0361875 0.022121 0.00305976 -1
0.0399475 0.0176433 0.0556409 0.00305874 -1
0.0389515 0.00941498 0.0207401 0.00305771 -1
0.0429973 0.0140854 0.0902113 0.0030567 -1
0.0159498 0.0245609 0.0401036 0.00305593 -1
0.0185034 0.012754 0.0870656 0.00305517 -1
0.0204863 0.02408 0.0263732 0.0030544 -1
0.0236638 0.0407428 0.0472158 0.00305363 -1
0.0162424 0.00362977 0.0433347 0.00305287 -1
0.0200248 0.0331406 0.0913058 0.0030521 -1
0.0473682 0.0428354 0.0103447 0.00305133 -1
0.0420578 0.0239514 0.0710359 0.00305056 -1
0.0159132 0.00454768 0.0762139 0.00304953 -1
0.0383367 0.021086 0.0320468 0.00304851 -1
0.00223441 0.046572 0.0319318 0.0030475 -1
0.0454993 0.0412254 0.0316153 0.00304673 -1
0.00759786 0.0317081 0.0485934 0.00304596 -1
0.0112137 0.00186598 0.0682128 0.00304519 -1
0.0283924 0.038646 0.0130169 0.00304443 -1
0.0430325 0.0273186 0.0810199 0.00304366 -1
0.00358389 0.0271772 0.047935 0.00304289 -1
0.0368589 0.0385675 0.0716874 0.00304212 -1
0.032422 0.031311 0.0507832 0.00304135 -1
0.0381025 0.0307584 0.0103661 0.00304033 -1
0.0118545 0.0171719 0.0659161 0.0030393 -1
0.0316156 0.0384224 0.0292957 0.00303829 -1
0.0331415 0.00962887 0.0225704 0.00303752 -1
0.0358007 0.00809733 0.0278125 0.00303675 -1
0.0111454 0.0151076 0.07696 0.00303599 -1
0.0260929 0.0184922 0.0149263 0.00303522 -1
0.00383962 0.0230624 0.00152469 0.00303445 -1
-0.000753626 0.00919995 0.000760962 0.00303368 -1
0.0162385 0.0372903 0.00940161 0.00303292 -1
0.0140668 0.0480322 0.0855585 0.00303215 -1
0.0158828 0.0143526 0.0223706 0.00303112 -1
0.00415906 0.0161283 0.0251144 0.0030301 -1
0.0103384 0.00970956 0.0307061 0.00302908 -1
0.0290984 0.0262284 0.0813541 0.00302831 -1
0.00676852 0.0194008 0.0683598 0.00302754 -1
0.0361696 0.041439 0.0425541 0.00302678 -1
0.0416302 0.0230863 0.0855651 0.00302601 -1
0.0306599 0.0417779 0.0735204 0.00302524 -1
0.0293211 0.0274672 0.0296772 0.00302448 -1
0.0149491 0.0277691 0.068153 0.00302371 -1
0.0325328 0.00185629 0.0653981 0.00302294 -1
0.0218771 0.0460739 0.0495183 0.00302217 -1
0.0238477 0.0174442 0.0468016 0.00302141 -1
0.00132448 0.022846 0.0515268 0.00302064 -1
0.0232866 0.0408012 0.0310507 0.00301987 -1
0.0238618 0.031986 0.0529846 0.00301885 -1
0.0238984 0.0338104 0.0443375 0.00301783 -1
0.0267507 0.0192532 0.0293586 0.0030168 -1
0.0188719 0.0424001 0.0113242 0.00301604 -1
0.00766613 0.00701205 0.0560343 0.00301527 -1
0.0185971 0.027174 0.0818167 0.0030145 -1
0.0222102 0.00289544 0.0442586 0.00301374 -1
0.0338771 0.0261168 0.0723579 0.00301297 -1
0.00787006 0.0345372 0.0739425 0.0030122 -1
0.0222794 0.00709354 0.0928991 0.00301143 -1
0.0209475 0.0398572 0.00626981 0.00301067 -1
0.0164018 0.0148447 0.0626737 0.0030099 -1
0.0415273 0.0129377 0.0591309 0.00300913 -1
0.00524112 0.0435307 0.0766655 0.00300836 -1
0.0414637 0.0058742 0.0249757 0.0030076 -1
0.00467164 0.029454 0.0743412 0.00300683 -1
0.00706459 0.0434661 0.0114853 0.00300606 -1
0.0334399 0.0174725 0.0516916 0.00300529 -1
0.0225175 0.0359971 0.0851003 0.00300453 -1
0.0371689 0.0268323 0.0335444 0.00300351 -1
0.00764861 2.11675e-05 0.00613664 0.00300249 -1
0.020343 0.0103093 0.0227579 0.00300146 -1
0.00861885 0.0286425 0.00942972 0.00300069 -1
0.00896041 0.0172213 0.028767 0.00299992 -1
0.0373828 0.0312959 0.0215747 0.00299916 -1
0.0219387 0.0361817 0.0675217 0.00299839 -1
0.0300222 0.0102379 0.017135 0.00299762 -1
0.0101251 0.0247838 0.0384728 0.00299685 -1
0.0391472 0.0228789 0.0489696 0.00299609 -1
0.0121181 0.026315 0.0504764 0.00299532 -1
0.0265312 0.00558626 0.036017 0.00299455 -1
0.0170023 0.0382943 0.0152947 0.00299379 -1
0.0324864 0.00789741 0.088418 0.00299302 -1
0.00200805 0.0347563 0.075224 0.00299225 -1
0.000389418 0.0356171 0.0296484 0.00299148 -1
0.0151737 0.0191636 0.018819 0.00299072 -1
0.00922259 0.0411591 0.0728572 0.00298995 -1
0.0393152 0.0162103 0.0023898 0.00298918 -1
0.0173575 0.0292354 0.0227824 0.00298841 -1
0.0287734 0.0253307 0.0754144 0.00298765 -1
0.0382716 0.0141371 0.0640211 0.00298688 -1
0.00401176 0.0257812 0.0068941 0.00298611 -1
0.0342228 0.0326687 0.0860015 0.00298535 -1
0.015823 0.0080004 0.084146 0.00298458 -1
0.0105644 0.0158202 0.00568442 0.00298381 -1
0.0457285 0.00966276 0.0231466 0.00298304 -1
0.0168917 0.032389 0.0166144 0.00298203 -1
0.00793883 0.00898482 0.00224026 0.00298101 -1
0.0282005 0.000631805 0.0496411 0.00297999 -1
0.00687996 0.0428639 0.0347179 0.00297921 -1
0.0324554 0.004559 0.00879876 0.00297844 -1
0.0408202 0.0420371 0.0874637 0.00297767 -1
0.0169999 0.0292531 0.0361145 0.00297691 -1
0.0243775 0.0471355 0.0271493 0.00297614 -1
0.0176526 0.0123613 0.0544558 0.00297537 -1
0.00656446 0.00327259 0.0121142 0.0029746 -1
0.029995 0.0105222 0.0825286 0.00297384 -1
0.00334507 0.0381995 0.0581883 0.00297307 -1
0.0271629 0.000609769 0.0613211 0.0029723 -1
0.043448 0.0214115 0.00113181 0.00297154 -1
0.0415452 0.0214706 0.0197825 0.00297077 -1
0.00645019 0.0174154 0.0740102 0.00297 -1
0.0221365 0.0224104 0.0431123 0.00296923 -1
0.00145554 0.0406387 0.0832066 0.00296847 -1
0.0119075 0.0444138 0.0898296 0.0029677 -1
0.0378229 0.0071119 0.00894004 0.00296693 -1
0.0306588 0.0215535 0.0661509 0.00296617 -1
0.00436834 0.0309859 0.0804913 0.0029654 -1
0.00269729 0.0166106 0.0841077 0.00296463 -1
0.019173 0.0137338 0.0173975 0.00296386 -1
0.0228389 0.0284433 0.0353408 0.0029631 -1
0.0324338 0.0153213 0.0151693 0.00296233 -1
0.0305364 0.0435464 0.0322244 0.00296156 -1
0.00902046 0.0268145 0.0454138 0.0029608 -1
0.0156589 0.0235348 0.0228275 0.00296003 -1
0.0177261 0.00189 0.0664352 0.00295926 -1
0.000794552 0.018487 0.0893937 0.0029585 -1
0.0122385 0.0448962 0.0331678 0.00295773 -1
0.0391256 0.039661 0.0376623 0.00295696 -1
0.00326287 0.0300324 0.0865304 0.00295619 -1
0.0253818 0.0125054 0.0438049 0.00295543 -1
0.0353282 0.0307195 0.0159766 0.00295466 -1
0.0166574 0.00909938 0.0610949 0.00295389 -1
0.00558663 0.0397323 0.0250823 0.00295312 -1
0.00928077 0.0481867 0.0521919 0.00295236 -1
0.0169273 0.012796 0.0485895 0.00295159 -1
0.00713016 0.0258133 0.087992 0.00295082 -1
0.0296587 0.0273544 0.0189433 0.00295006 -1
0.0344271 0.0412106 0.0916354 0.00294929 -1
0.0334648 0.0326219 0.0801165 0.00294852 -1
0.041216 0.0262445 0.0906188 0.00294775 -1
0.0365708 0.0168497 0.0272079 0.00294699 -1
0.0203745 0.0128325 0.0283901 0.00294622 -1
0.0178916 0.0395692 0.0210269 0.00294545 -1
0.0120072 0.000694206 0.0623925 0.00294469 -1
0.00800299 0.0466211 0.0827875 0.00294392 -1
0.0286593 0.0270014 0.0490271 0.00294315 -1
0.0320807 0.0246041 0.0608969 0.00294239 -1
0.0270238 0.00813436 0.00422069 0.00294162 -1
0.0162898 0.0206256 0.0742981 0.00294085 -1
0.038614 0.0295526 0.0513046 0.00294008 -1
0.0303536 0.0147828 0.00781658 0.00293932 -1
0.00773286 0.00416146 0.0280177 0.00293855 -1
0.0291617 0.0343251 0.00221766 0.00293778 -1
0.0109977 0.0234241 0.0671339 0.00293702 -1
0.0272678 0.0321705 0.0342026 0.00293625 -1
0.00861016 0.0201253 0.0351269 0.00293548 -1
0.00564255 0.0381905 0.0307644 0.00293471 -1
0.0179869 0.0336065 0.0404842 0.00293395 -1
0.0266909 0.0253276 0.0639563 0.00293332 -1
0.00385405 0.033373 0.0696647 0.0029327 -1
0.00343068 0.0314745 0.0053757 0.00293209 -1
0.0296836 0.0454686 0.0552925 0.00293147 -1
0.042465 0.0255078 0.0531181 0.00293086 -1
0.0460066 0.00426983 0.0726341 0.00293011 -1
0.0131969 0.0378915 0.0900578 0.00292934 -1
0.0229536 0.0147388 0.0567641 0.00292858 -1
0.0444519 0.0177676 0.0516995 0.00292781 -1
0.0427201 0.0429508 0.0722924 0.00292704 -1
0.0195811 0.010475 0.0105008 0.00292628 -1
0.0248106 0.0425298 0.0781274 0.00292551 -1
0.028535 0.0143189 0.0738522 0.00292474 -1
0.0291018 0.0349103 0.0834173 0.00292397 -1
0.0388344 0.0436877 0.0618664 0.00292321 -1
0.0454031 0.0300824 0.0636883 0.00292244 -1
0.0441364 -8.6157e-05 0.0439933 0.00292167 -1
0.0211218 0.00744671 0.0713807 0.0029209 -1
0.0367223 0.00792989 0.0336952 0.00292014 -1
0.0198701 0.0196437 0.062984 0.00291937 -1
0.040067 0.0417362 0.0529612 0.0029186 -1
0.0233502 0.039018 0.0415023 0.00291784 -1
0.0252127 0.000973559 0.0395188 0.00291707 -1
0.0130567 0.0365772 0.0193459 0.0029163 -1
0.0272975 0.0184695 0.00444804 0.00291554 -1
0.0332472 0.0313887 0.0264127 0.00291477 -1
0.0111465 0.0147841 0.033692 0.002914 -1
0.0262732 0.0358404 0.0297575 0.00291323 -1
0.0147094 0.0249278 0.0779445 0.00291247 -1
0.0320875 0.028685 0.0919556 0.00291183 -1
0.0272657 0.0100696 0.0322261 0.00291122 -1
0.0400359 0.032093 0.0705008 0.0029106 -1
0.00766678 0.0342559 0.0588297 0.00290999 -1
0.0238 0.0119237 0.0687777 0.00290938 -1
0.0198205 0.00732179 0.0656997 0.00290863 -1
0.00797032 0.00886307 0.0777459 0.00290786 -1
0.0219348 0.0457414 0.00470555 0.0029071 -1
0.0390086 0.0168709 0.049801 0.00290633 -1
0.0225086 0.0344521 0.00443947 0.00290556 -1
0.0446999 0.0127885 0.034832 0.00290479 -1
0.0268039 0.0117859 0.0381664 0.00290403 -1
0.0156939 0.0100118 0.0332451 0.00290326 -1
0.0137543 0.0170729 0.0828478 0.00290249 -1
0.0401036 0.0116881 0.0415915 0.00290173 -1
0.00503794 0.0333663 0.0267571 0.00290096 -1
0.0232684 0.0320745 0.0588747 0.00290019 -1
0.00512504 0.0119215 0.0208034 0.00289955 -1
0.0181736 0.0292581 0.0598656 0.00289894 -1
0.00518811 0.0407897 0.00648573 0.00289832 -1
0.0429223 0.0438401 0.0576199 0.00289771 -1
0.0100403 0.0448537 0.0232983 0.0028971 -1
0.0145067 0.0115309 0.0131669 0.00289636 -1
0.037336 0.0343694 0.0406788 0.00289559 -1
0.0371574 0.0374614 0.0468333 0.00289482 -1
0.0333908 0.00890867 0.0458134 0.00289405 -1
0.0189081 0.0433362 0.0277236 0.00289329 -1
0.0344629 0.0324835 0.0453361 0.00289252 -1
0.00648589 0.0259525 0.0339933 0.00289175 -1
0.0405449 0.00947662 0.081345 0.00289099 -1
0.00106577 0.017295 0.00299291 0.00289022 -1
0.029033 0.0302245 0.0872684 0.00288945 -1
0.0323822 0.0374077 0.059142 0.00288868 -1
0.0397654 0.0150326 0.0368778 0.00288792 -1
0.00242381 0.0460503 0.0811902 0.00288728 -1
0.0391033 0.0365979 0.0101836 0.00288666 -1
0.0385908 0.0128227 0.0864292 0.00288605 -1
0.0272878 0.00462445 0.0557987 0.00288543 -1
0.0275753 0.0132113 0.0126881 0.00288482 -1
0.0117245 0.0309444 0.0197212 0.00288408 -1
0.0128152 0.00995462 0.0745733 0.00288331 -1
0.0180958 0.0306251 0.0770613 0.00288255 -1
0.0334809 0.0382428 0.0381278 0.00288178 -1
0.0194959 0.00396543 0.0819934 0.00288101 -1
0.0423977 0.0357789 0.048771 0.00288025 -1
0.00658012 0.0215169 0.0252719 0.00287948 -1
0.0355011 0.00570079 0.0760923 0.00287871 -1
0.00388987 0.0127497 0.0764343 0.00287807 -1
0.00582352 0.0115288 0.0381814 0.00287745 -1
0.012699 0.010986 0.0572519 0.00287684 -1
0.0397438 0.0189719 0.0893533 0.00287623 -1
0.017947 0.0450345 0.0167105 0.00287561 -1
0.0381253 0.0337925 0.0756905 0.00287488 -1
0.0228866 0.0130154 0.0745937 0.00287411 -1
0.0274102 0.000682417 0.075053 0.00287334 -1
0.0378083 0.0107279 0.0696937 0.00287257 -1
0.0389194 0.0374505 0.00416905 0.00287181 -1
0.0118314 0.0178717 0.0717848 0.00287104 -1
0.00787621 0.0261753 0.0822303 0.00287027 -1
0.0275093 0.0251475 0.0696983 0.00286951 -1
0.0367921 0.0302832 0.0571308 0.00286886 -1
0.0409717 0.00293455 0.0858225 0.00286825 -1
0.0296681 0.0301683 0.0716865 0.00286763 -1
0.0311807 1.35464e-05 0.0122459 0.00286702 -1
0.0155862 0.0092354 0.0183413 0.00286641 -1
0.0191656 0.0451584 0.0862854 0.00286567 -1
0.0104959 0.0366411 0.0833244 0.0028649 -1
-0.000869459 0.0453552 0.0858538 0.00286414 -1
0.0171274 0.00247044 0.00619812 0.00286337 -1
0.0442117 0.0253619 0.0473827 0.0028626 -1
0.0224852 0.0127808 0.0943662 0.00286184 -1
0.0163237 0.0171194 0.0347376 0.00286107 -1
0.00819519 0.00527019 0.0223447 0.0028603 -1
0.021684 0.0168393 0.0413687 0.00285775 -1
0.039123 0.0266042 0.0144239 0.00285468 -1
0.00306379 0.0290501 0.000130787 0.00285161 -1
0.0134767 0.0299967 0.081382 0.00284854 -1
0.0024914 0.022916 0.0367753 0.00284547 -1
0.00837558 0.0342725 0.0433502 0.0028424 -1
-0.00132567 0.0225713 0.0574505 0.00283933 -1
0.0121412 0.0137577 0.0178901 0.00283625 -1
0.0387704 0.0310598 0.00453831 0.00283318 -1
0.0243323 0.021792 0.0600617 0.00283011 -1
0.0124508 0.0435246 0.0168912 0.00282704 -1
0.043184 0.0369747 0.0852615 0.00282397 -1
0.0396059 0.0123027 0.0107772 0.00282089 -1
0.0334102 0.0293843 0.00539239 0.00281782 -1
0.0308852 0.0365199 0.0891015 0.00281475 -1
0.00785368 0.00575927 0.00705106 0.00281168 -1
0.0136507 0.0429941 0.0663677 0.00280861 -1
0.00417704 0.00783176 0.0735998 0.00280553 -1
0.0394035 0.0150398 0.0801096 0.00280246 -1
0.0197224 0.0266059 0.0130847 0.00279939 -1
0.0131632 0.0155584 0.045209 0.00279632 -1
0.0318443 0.02877 0.0347675 0.00279325 -1
0.016887 0.0262046 0.017885 0.00279018 -1
0.00200422 0.0206085 0.0220554 0.00278711 -1
0.0403214 0.0334691 0.0602264 0.00278403 -1
0.0194264 0.017033 0.0832057 0.00278096 -1
0.0218763 0.0173799 0.0881835 0.00277789 -1
0.0416056 0.00373818 0.019044 0.00277482 -1
0.018345 0.00981618 0.0757489 0.00277176 -1
0.00837906 0.0207936 0.0181905 0.00276869 -1
0.00310715 0.0143551 0.00860442 0.00276562 -1
0.019174 0.0237377 0.0591061 0.00276255 -1
0.0449613 0.0111498 0.00971363 0.00275948 -1
0.0126892 0.0246368 0.0724532 0.00275642 -1
0.0232887 0.00255244 0.0178301 0.00275335 -1
0.0372251 0.0217472 0.0740645 0.00275029 -1
0.0225786 0.0426401 0.0372148 0.00274722 -1
0.037865 0.0386801 0.0593889 0.00274531 -1
0.0154496 0.0230772 0.0132182 0.00274378 -1
0.0414945 0.019576 0.0767502 0.00274109 -1
0.0412878 0.0407119 0.0815611 0.00273801 -1
0.0247196 0.0121877 0.0181058 0.00273494 -1
0.0313516 0.00923476 0.0360278 0.00273187 -1
0.026954 0.0360775 0.0382927 0.0027288 -1
0.000351152 0.0303321 0.0274549 0.00272574 -1
0.0267995 0.000472188 0.0214816 0.00272267 -1
0.0400368 0.040002 0.076291 0.0027196 -1
0.0177107 0.0156479 0.00191084 0.00271654 -1
0.0372393 0.0315921 0.0303764 0.00271461 -1
0.0397865 0.0106148 0.0935183 0.00271307 -1
0.0389828 0.0315217 0.0807207 0.0027104 -1
0.0137218 0.0357592 0.0435191 0.00270733 -1
0.0435469 0.0361019 0.0135401 0.00270426 -1
0.0153915 0.0403176 0.0778521 0.00270119 -1
0.00881841 0.0401287 0.0873206 0.00269812 -1
0.016148 0.000905746 0.0717748 0.00269505 -1
0.0123036 0.0301484 0.0252097 0.00269199 -1
0.00895861 0.0227387 0.0301575 0.00269005 -1
0.0106053 0.0104891 0.00762224 0.00268851 -1
0.035306 0.0182839 0.00622523 0.00268585 -1
0.0196005 0.0310491 0.0685647 0.00268278 -1
0.0162799 0.0177949 0.08896 0.00267971 -1
0.044978 0.0165089 0.0405834 0.00267665 -1
0.0327951 0.0288622 0.0113064 0.00267358 -1
0.0229815 -0.000344415 0.0823207 0.00267163 -1
0.0272309 0.0225665 0.0554515 0.00267009 -1
0.0247461 0.00749036 0.046503 0.00266744 -1
0.0145376 0.0309349 0.00401845 0.00266437 -1
0.0388878 0.00804496 0.0145183 0.0026613 -1
0.0375912 0.0414599 0.0077387 0.00265824 -1
0.00394934 0.0225222 0.0835788 0.00265517 -1
0.0378325 0.0275817 0.0461288 0.00265321 -1
0.0262789 -0.00103186 0.0446033 0.00265167 -1
0.0400146 0.030757 0.0649514 0.00264904 -1
0.000198779 0.0206139 0.0169311 0.00264597 -1
0.0431913 0.00137198 0.0297908 0.0026429 -1
0.0101012 0.00363317 0.00256248 0.00263983 -1
0.0159902 0.0318516 0.010988 0.00263786 -1
0.0140179 0.031977 0.0909466 0.00263632 -1
0.0306844 0.00189777 0.0393876 0.0026337 -1
0.0316615 0.00307112 0.085121 0.00263063 -1
0.0243852 0.00475801 0.0511136 0.00262756 -1
0.0427773 0.022218 0.0132907 0.00262558 -1
0.0093662 0.0233435 0.0924618 0.00262404 -1
0.0151016 0.0133176 0.00782209 0.00262143 -1
0.0455214 0.0323917 0.0833977 0.00261836 -1
0.0396487 0.0301568 0.0379526 0.00261529 -1
0.0273518 0.0325334 0.0485981 0.0026133 -1
0.018332 0.017315 0.0456644 0.00261176 -1
0.0201771 0.0346507 0.0124597 0.00260915 -1
0.00211122 0.00126376 0.0148414 0.00260608 -1
0.0331989 0.011597 0.0506044 0.00260302 -1
0.0213445 0.0149494 0.0511745 0.00260102 -1
0.0256063 0.00976083 0.0600613 0.00259948 -1
0.038871 0.0155014 0.0223473 0.00259688 -1
0.0454938 0.0162046 0.0568943 0.00259381 -1
0.0151737 0.0143571 0.0298718 0.00259075 -1
0.00556721 0.0137475 0.00388766 0.00258874 -1
0.0405935 0.00768612 0.0761347 0.0025872 -1
0.0253121 0.0283384 0.0448331 0.00258461 -1
0.0112194 0.0202208 0.0226931 0.00258155 -1
0.00215511 0.0205558 0.0713299 0.00257953 -1
0.0203814 0.0248078 0.0319574 0.002578 -1
0.0414391 0.0122949 0.0255205 0.00257541 -1
0.0431542 0.0219745 0.0401336 0.00257234 -1
0.0336526 0.0422642 0.0630078 0.00257032 -1
0.00129128 0.00289647 0.0675265 0.00256878 -1
0.0254224 0.0409017 0.0594034 0.0025662 -1
0.0196728 0.00294762 0.0536862 0.00256313 -1
0.0432591 0.0455247 0.0805437 0.00256111 -1
0.0283511 0.0187523 0.0619805 0.00255957 -1
0.0195161 0.0195514 0.01537 0.00255699 -1
0.016035 0.0316354 0.0642824 0.00255393 -1
0.037757 0.00277466 0.0319037 0.0025519 -1
0.0429832 0.016116 0.0849169 0.00255036 -1
0.0376809 0.0189647 0.0401271 0.00254779 -1
0.00534551 0.00405698 0.0482739 0.00254472 -1
0.00743528 0.0267536 0.0646053 0.00254268 -1
0.0124705 0.0361473 0.076604 0.00254115 -1
0.0297862 0.00941918 0.00877608 0.00253858 -1
0.0400024 0.00414131 0.0464762 0.00253551 -1
0.0182418 0.0425964 0.00224151 0.00253347 -1
0.0112537 0.0285327 0.0341571 0.00253194 -1
0.0231325 0.0325344 0.0389937 0.00252938 -1
0.0246065 0.0219121 0.0874152 0.00252631 -1
0.0416656 0.0126226 0.00585523 0.00252426 -1
0.0113149 0.00684506 0.0353605 0.00252273 -1
0.00620815 0.00382446 0.078816 0.00252018 -1
0.00348907 0.036476 0.0433886 0.00251813 -1
0.0179162 0.0274807 0.0461691 0.00251659 -1
0.0077037 0.00174599 0.0905236 0.00251404 -1
0.0433706 0.00125094 0.0496038 0.00251097 -1
0.0229215 0.0470004 0.065061 0.00250892 -1
0.0417427 0.0312818 0.0145197 0.00250738 -1
0.0379079 0.00827834 0.0892476 0.00250484 -1
0.0427505 -0.000358877 0.00936381 0.00250278 -1
0.00318743 0.0144905 0.0428172 0.00250124 -1
0.0218049 0.0434585 0.070271 0.00249871 -1
0.0395942 0.0230165 0.0570237 0.00249664 -1
0.00460393 0.00427051 0.00304043 0.0024951 -1
0.0149668 0.0465341 0.0938246 0.00249257 -1
0.0464861 0.0112474 0.0574612 0.0024895 -1
0.0295124 0.038434 0.0344055 0.00248743 -1
0.0195621 0.0318413 0.0495505 0.0024859 -1
0.0336559 0.0244137 0.0777062 0.00248337 -1
0.0392732 0.0180465 0.0709857 0.00248129 -1
0.0330321 0.012883 0.0283172 0.00247976 -1
0.0320219 0.0178395 0.0299916 0.00247724 -1
0.0381639 0.0365415 0.081731 0.00247515 -1
0.00197301 0.0432791 0.0271668 0.00247362 -1
0.0270819 0.00863826 0.0887332 0.0024711 -1
0.0125509 0.0248143 0.027091 0.00246901 -1
0.0328119 0.00702383 0.0571146 0.00246748 -1
0.0439518 0.0420348 0.0383473 0.00246497 -1
0.0149082 0.00230632 0.0521046 0.00246287 -1
0.0118306 0.0364946 0.0707111 0.00246134 -1
0.0182263 0.0373288 0.0882084 0.00245883 -1
0.0140942 0.00534429 0.0643618 0.00245673 -1
0.0239336 0.0292264 0.0206944 0.0024552 -1
0.0248481 0.0101456 0.00874624 0.00245269 -1
0.022579 0.0372108 0.0575429 0.00245059 -1
0.0355079 0.0396247 0.0332461 0.00244906 -1
0.0387972 0.0447913 0.0777793 0.00244656 -1
0.0246887 0.0204895 0.0651831 0.00244445 -1
0.0432476 0.0304987 0.0482983 0.00244292 -1
0.0205391 0.0215554 0.0482096 0.00244042 -1
0.0422666 0.0408687 0.00985319 0.00243831 -1
0.0227093 0.0299823 0.015992 0.00243678 -1
0.0317741 0.042024 0.0089506 0.00243429 -1
0.0256523 0.0415435 0.0213611 0.00243218 -1
0.0259328 0.010419 0.0785361 0.00243064 -1
0.00745489 0.0163782 0.0448059 0.00242816 -1
0.0182217 0.0153164 0.0123338 0.00242604 -1
0.0372004 0.0261748 0.0622342 0.00242451 -1
0.0211645 0.0313907 0.0637164 0.00242297 -1
-0.0018026 0.0360897 0.0187595 0.00242144 -1
0.036198 0.0103993 0.0784383 0.00241896 -1
0.043368 0.0323986 0.0100076 0.00241683 -1
0.0172702 0.00234171 0.0899435 0.0024153 -1
0.0379335 0.0237139 0.00987616 0.00241283 -1
0.0254256 0.00642976 0.0814263 0.00241069 -1
0.047457 0.0453365 0.0717052 0.00240916 -1
0.0397511 0.0322045 0.0454081 0.00240362 -1
0.0281382 0.0211032 -0.000677192 0.00240055 -1
0.0376847 0.0029184 0.0640648 0.00239441 -1
0.0189135 0.0124245 0.0667936 0.00238827 -1
0.0302005 0.0421991 0.059453 0.0023852 -1
0.0239266 0.0305999 0.0885097 0.00237906 -1
0.027557 0.00433728 0.0305177 0.00237292 -1
0.0380582 0.0152829 0.0448601 0.00236986 -1
0.021588 0.00362684 0.0367424 0.00236372 -1
0.0436158 0.0409025 0.0489907 0.00236065 -1
0.0275887 0.0419621 0.0636925 0.00235451 -1
0.0300021 0.0125442 0.0875057 0.00235143 -1
0.0130848 0.019943 0.0784465 0.00234529 -1
0.00549615 0.00891426 0.0285295 0.00233915 -1
0.0302016 0.00797555 0.0283199 0.00233609 -1
0.040273 0.00360572 0.0679922 0.00232995 -1
0.0297975 0.0412339 0.0791467 0.00232688 -1
0.0353967 0.012244 0.0363594 0.00232074 -1
0.0171709 0.00709244 0.0543051 0.00231767 -1
0.017259 0.0417582 0.0896922 0.00231153 -1
0.0283052 0.0293195 0.00395645 0.00230846 -1
0.0169913 0.00564872 0.0130437 0.00230232 -1
0.0126536 0.00346918 0.0904576 0.00229926 -1
0.0455816 0.000618556 0.0763448 0.00229312 -1
0.0303067 0.00476822 0.0604855 0.00229005 -1
0.0136789 0.0443224 0.042053 0.00228698 -1
0.0125529 0.0236032 0.0172902 0.00228084 -1
0.0409725 0.00961371 0.0640016 0.00227776 -1
0.0260199 0.0226211 0.0789879 0.00227162 -1
0.00790174 0.00995835 0.0247404 0.00226856 -1
0.0415015 0.0315533 0.000264806 0.00226242 -1
0.0373 0.0283288 0.0682461 0.00225935 -1
0.0232648 0.0336631 0.0261614 0.00225628 -1
0.0121035 0.00297678 0.00710296 0.00225014 -1
0.0313797 0.0037031 0.0737907 0.00224707 -1
0.0016428 0.0408225 0.042775 0.002244 -1
0.0144072 0.0129584 0.0372703 0.00223786 -1
0.0277344 0.0433315 0.00399981 0.00223479 -1
0.0119982 0.0230704 0.0819337 0.00223172 -1
0.0354482 0.00427613 0.0450944 0.00222557 -1
0.0406229 0.0242187 0.0439662 0.00222251 -1
0.0316216 0.0415193 0.0235156 0.00221943 -1
0.04061 0.0383697 0.0215843 0.00221329 -1
0.031983 0.0367405 0.0729875 0.00221022 -1
0.0371895 0.0289523 0.000239586 0.00220715 -1
0.0132512 0.012578 0.0869661 0.00220101 -1
0.000936773 0.0123453 0.0392873 0.00219794 -1
0.00419598 0.0431709 0.0158162 0.00219487 -1
0.0358931 0.0344401 0.00689285 0.0021918 -1
0.00368011 0.00215897 0.0752 0.00218566 -1
0.0325194 0.0462049 0.0715042 0.00218259 -1
0.0431246 0.0456187 0.090372 0.00217952 -1
0.0133179 0.015419 0.0549065 0.00217645 -1
0.0435986 0.0469759 0.0692765 0.0021703 -1
0.0251686 0.00753664 0.0283561 0.00216724 -1
0.044641 0.0251441 0.0261798 0.00216417 -1
0.033095 0.00733498 0.0655317 0.0021611 -1
0.0251651 0.0264825 0.086545 0.00215495 -1
0.0183936 0.038483 0.0561123 0.00215189 -1
0.0388929 0.00142988 0.0254525 0.00214882 -1
0.0148746 0.00898864 0.0791432 0.00214575 -1
0.0403128 0.0204647 0.00508066 0.00214268 -1
0.0417679 0.0353932 0.0385266 0.00213654 -1
0.0250521 0.0316438 0.000937655 0.00213347 -1
0.00556298 0.000940852 0.0242024 0.00213041 -1
0.0139614 0.0082212 0.0451811 0.00212734 -1
0.027477 0.0258 0.0589827 0.00212427 -1
0.0268798 0.0309616 0.0412546 0.00212119 -1
0.0213128 0.0112665 0.0465649 0.00211506 -1
0.0268123 0.0338577 0.0898919 0.00211199 -1
0.013457 0.0341502 0.0865471 0.00210893 -1
0.0150367 0.0442231 0.0211349 0.00210586 -1
0.0353397 0.0359351 0.0267703 0.00210279 -1
0.0310847 0.0362511 0.0246694 0.00209972 -1
0.0297645 0.030712 0.0448487 0.00209665 -1
0.0192261 0.0317391 0.0449845 0.00209358 -1
0.00488701 0.00386033 0.0707876 0.0020905 -1
0.0367996 0.0123028 0.0250662 0.00208436 -1
0.0331681 0.0288405 0.0766215 0.0020813 -1
0.0260376 0.0134653 0.0056184 0.00207823 -1
0.00423239 0.00791914 0.0236245 0.00207517 -1
0.0268771 0.0189002 0.00939932 0.0020721 -1
0.00694591 0.0465872 0.0729725 0.00206903 -1
-0.00161615 0.0440979 0.0528171 0.00206596 -1
0.0182798 0.0269354 0.0643569 0.00206289 -1
0.0164013 0.0125987 0.082126 0.00205982 -1
0.0153947 0.0340047 0.023598 0.00205675 -1
0.0346211 0.0151396 0.0105035 0.00205368 -1
0.0350242 0.0188437 0.0562932 0.00205061 -1
0.00652525 0.0129089 0.0915496 0.00204753 -1
0.0390376 0.0219936 0.0241855 0.00204446 -1
0.0243649 0.0184084 0.0339279 0.00204138 -1
0.0328033 0.0331343 0.0751322 0.00203831 -1
0.0126685 0.0284048 0.0561138 0.00203524 -1
0.0420036 0.032899 0.0527312 0.00203216 -1
0.0145654 0.025192 0.0577258 0.00202909 -1
0.0271313 0.0269307 0.0143085 0.00202601 -1
0.0452336 0.0313819 0.0694402 0.00201987 -1
0.0433737 0.00550863 0.0129998 0.00200759 -1
0.0126086 0.00745024 0.0034405 0.00199531 -1
0.0449468 0.0283269 0.0855605 0.0019861 -1
0.0419987 0.0350951 0.0560816 0.00197381 -1
-0.000134923 0.0132247 0.00535084 0.0019646 -1
0.0187429 0.0414994 0.0675298 0.00195231 -1
0.0236207 0.0195542 0.0836779 0.00194309 -1
0.00737614 0.0238534 0.0704853 0.00193081 -1
0.00340897 0.0112634 0.0256522 0.0019216 -1
0.0365948 0.0430928 0.0739299 0.00191238 -1
0.0330403 0.012296 0.0327006 0.0019001 -1
0.00186943 0.00766568 0.0847928 0.00189089 -1
0.0409991 0.010327 0.0366707 0.00188168 -1
0.0102409 0.00804087 0.0683153 0.00187246 -1
0.0349636 0.0395929 0.0171097 0.00186325 -1
0.0241165 0.0368305 0.0107235 0.00185403 -1
0.0221444 0.0168272 0.00464876 0.00184482 -1
0.0334375 0.00293041 0.0807891 0.00183561 -1
0.0429303 0.0131788 0.0139134 0.0018264 -1
0.00840905 0.0383188 0.0346258 0.00181719 -1
0.0290878 0.006689 0.0852449 0.00181104 -1
0.00526287 0.00463607 0.0831416 0.00180183 -1
0.0046663 0.0309525 0.0608934 0.00179261 -1
0.0102592 0.0192547 0.00899159 0.0017834 -1
0.00644387 0.000889606 0.0452262 0.00177726 -1
0.0409669 -0.00235774 0.00603769 0.00176805 -1
0.0150926 0.00915715 0.00920198 0.00176191 -1
0.0120822 0.0346188 0.0617681 0.00175269 -1
0.0169408 0.0061108 0.00902045 0.00174655 -1
0.0236723 0.0107356 0.0127246 0.00173733 -1
0.0359604 0.0121071 0.0910809 0.00173119 -1
0.0126715 0.0433124 0.0280368 0.00172197 -1
0.0452221 0.0435564 0.0929257 0.00171583 -1
