!OMP_NUM_THREADS key E v kr eta mu 
 4         0     1.00000e+09     1.66667e-01     2.00000e-01     1.42857e-01     5.45455e+00 
 4         1     1.00000e+08     3.33333e-01     4.00000e-01     2.85714e-01     1.09091e+01 
 4         2     1.00000e+10     5.55556e-02     6.00000e-01     4.28571e-01     1.63636e+01 
 4         3     3.16228e+07     2.22222e-01     8.00000e-01     5.71429e-01     2.18182e+01 
 4         4     3.16228e+09     3.88889e-01     4.00000e-02     7.14286e-01     2.72727e+01 
 4         5     3.16228e+08     1.11111e-01     2.40000e-01     8.57143e-01     3.27273e+01 
 4         6     3.16228e+10     2.77778e-01     4.40000e-01     2.04082e-02     3.81818e+01 
 4         7     1.77828e+07     4.44444e-01     6.40000e-01     1.63265e-01     4.36364e+01 
 4         8     1.77828e+09     1.85185e-02     8.40000e-01     3.06122e-01     4.90909e+01 
 4         9     1.77828e+08     1.85185e-01     8.00000e-02     4.48980e-01     5.45455e+01 
 4        10     1.77828e+10     3.51852e-01     2.80000e-01     5.91837e-01     4.95868e-01 
 4        11     5.62341e+07     7.40741e-02     4.80000e-01     7.34694e-01     5.95041e+00 
 4        12     5.62341e+09     2.40741e-01     6.80000e-01     8.77551e-01     1.14050e+01 
 4        13     5.62341e+08     4.07407e-01     8.80000e-01     4.08163e-02     1.68595e+01 
 4        14     5.62341e+10     1.29630e-01     1.20000e-01     1.83673e-01     2.23140e+01 
 4        15     1.33352e+07     2.96296e-01     3.20000e-01     3.26531e-01     2.77686e+01 
 4        16     1.33352e+09     4.62963e-01     5.20000e-01     4.69388e-01     3.32231e+01 
 4        17     1.33352e+08     3.70370e-02     7.20000e-01     6.12245e-01     3.86777e+01 
 4        18     1.33352e+10     2.03704e-01     9.20000e-01     7.55102e-01     4.41322e+01 
 4        19     4.21697e+07     3.70370e-01     1.60000e-01     8.97959e-01     4.95868e+01 
 4        20     4.21697e+09     9.25926e-02     3.60000e-01     6.12245e-02     5.50413e+01 
 4        21     4.21697e+08     2.59259e-01     5.60000e-01     2.04082e-01     9.91736e-01 
 4        22     4.21697e+10     4.25926e-01     7.60000e-01     3.46939e-01     6.44628e+00 
 4        23     2.37137e+07     1.48148e-01     9.60000e-01     4.89796e-01     1.19008e+01 
 4        24     2.37137e+09     3.14815e-01     8.00000e-03     6.32653e-01     1.73554e+01 
 4        25     2.37137e+08     4.81481e-01     2.08000e-01     7.75510e-01     2.28099e+01 
 4        26     2.37137e+10     6.17284e-03     4.08000e-01     9.18367e-01     2.82645e+01 
 4        27     7.49894e+07     1.72840e-01     6.08000e-01     8.16327e-02     3.37190e+01 
 4        28     7.49894e+09     3.39506e-01     8.08000e-01     2.24490e-01     3.91736e+01 
 4        29     7.49894e+08     6.17284e-02     4.80000e-02     3.67347e-01     4.46281e+01 
 4        30     7.49894e+10     2.28395e-01     2.48000e-01     5.10204e-01     5.00826e+01 
 4        31     1.15478e+07     3.95062e-01     4.48000e-01     6.53061e-01     5.55372e+01 
 4        32     1.15478e+09     1.17284e-01     6.48000e-01     7.95918e-01     1.48760e+00 
 4        33     1.15478e+08     2.83951e-01     8.48000e-01     9.38776e-01     6.94215e+00 
 4        34     1.15478e+10     4.50617e-01     8.80000e-02     1.02041e-01     1.23967e+01 
 4        35     3.65174e+07     2.46914e-02     2.88000e-01     2.44898e-01     1.78512e+01 
 4        36     3.65174e+09     1.91358e-01     4.88000e-01     3.87755e-01     2.33058e+01 
 4        37     3.65174e+08     3.58025e-01     6.88000e-01     5.30612e-01     2.87603e+01 
 4        38     3.65174e+10     8.02469e-02     8.88000e-01     6.73469e-01     3.42149e+01 
 4        39     2.05353e+07     2.46914e-01     1.28000e-01     8.16327e-01     3.96694e+01 
 4        40     2.05353e+09     4.13580e-01     3.28000e-01     9.59184e-01     4.51240e+01 
 4        41     2.05353e+08     1.35802e-01     5.28000e-01     1.22449e-01     5.05785e+01 
 4        42     2.05353e+10     3.02469e-01     7.28000e-01     2.65306e-01     5.60331e+01 
 4        43     6.49382e+07     4.69136e-01     9.28000e-01     4.08163e-01     1.98347e+00 
 4        44     6.49382e+09     4.32099e-02     1.68000e-01     5.51020e-01     7.43802e+00 
 4        45     6.49382e+08     2.09877e-01     3.68000e-01     6.93878e-01     1.28926e+01 
 4        46     6.49382e+10     3.76543e-01     5.68000e-01     8.36735e-01     1.83471e+01 
 4        47     1.53993e+07     9.87654e-02     7.68000e-01     9.79592e-01     2.38017e+01 
 4        48     1.53993e+09     2.65432e-01     9.68000e-01     2.91545e-03     2.92562e+01 
 4        49     1.53993e+08     4.32099e-01     1.60000e-02     1.45773e-01     3.47107e+01 
 4        50     1.53993e+10     1.54321e-01     2.16000e-01     2.88630e-01     4.01653e+01 
 4        51     4.86968e+07     3.20988e-01     4.16000e-01     4.31487e-01     4.56198e+01 
 4        52     4.86968e+09     4.87654e-01     6.16000e-01     5.74344e-01     5.10744e+01 
 4        53     4.86968e+08     1.23457e-02     8.16000e-01     7.17201e-01     5.65289e+01 
 4        54     4.86968e+10     1.79012e-01     5.60000e-02     8.60058e-01     2.47934e+00 
 4        55     2.73842e+07     3.45679e-01     2.56000e-01     2.33236e-02     7.93388e+00 
 4        56     2.73842e+09     6.79012e-02     4.56000e-01     1.66181e-01     1.33884e+01 
 4        57     2.73842e+08     2.34568e-01     6.56000e-01     3.09038e-01     1.88430e+01 
 4        58     2.73842e+10     4.01235e-01     8.56000e-01     4.51895e-01     2.42975e+01 
 4        59     8.65964e+07     1.23457e-01     9.60000e-02     5.94752e-01     2.97521e+01 
 4        60     8.65964e+09     2.90123e-01     2.96000e-01     7.37609e-01     3.52066e+01 
 4        61     8.65964e+08     4.56790e-01     4.96000e-01     8.80466e-01     4.06612e+01 
 4        62     8.65964e+10     3.08642e-02     6.96000e-01     4.37318e-02     4.61157e+01 
 4        63     1.07461e+07     1.97531e-01     8.96000e-01     1.86589e-01     5.15702e+01 
 4        64     1.07461e+09     3.64198e-01     1.36000e-01     3.29446e-01     5.70248e+01 
 4        65     1.07461e+08     8.64198e-02     3.36000e-01     4.72303e-01     2.97521e+00 
 4        66     1.07461e+10     2.53086e-01     5.36000e-01     6.15160e-01     8.42975e+00 
 4        67     3.39821e+07     4.19753e-01     7.36000e-01     7.58017e-01     1.38843e+01 
 4        68     3.39821e+09     1.41975e-01     9.36000e-01     9.00875e-01     1.93388e+01 
 4        69     3.39821e+08     3.08642e-01     1.76000e-01     6.41399e-02     2.47934e+01 
 4        70     3.39821e+10     4.75309e-01     3.76000e-01     2.06997e-01     3.02479e+01 
 4        71     1.91095e+07     4.93827e-02     5.76000e-01     3.49854e-01     3.57025e+01 
 4        72     1.91095e+09     2.16049e-01     7.76000e-01     4.92711e-01     4.11570e+01 
 4        73     1.91095e+08     3.82716e-01     9.76000e-01     6.35569e-01     4.66116e+01 
 4        74     1.91095e+10     1.04938e-01     2.40000e-02     7.78426e-01     5.20661e+01 
 4        75     6.04296e+07     2.71605e-01     2.24000e-01     9.21283e-01     5.75207e+01 
 4        76     6.04296e+09     4.38272e-01     4.24000e-01     8.45481e-02     3.47107e+00 
 4        77     6.04296e+08     1.60494e-01     6.24000e-01     2.27405e-01     8.92562e+00 
 4        78     6.04296e+10     3.27160e-01     8.24000e-01     3.70262e-01     1.43802e+01 
 4        79     1.43301e+07     4.93827e-01     6.40000e-02     5.13120e-01     1.98347e+01 
 4        80     1.43301e+09     2.05761e-03     2.64000e-01     6.55977e-01     2.52893e+01 
 4        81     1.43301e+08     1.68724e-01     4.64000e-01     7.98834e-01     3.07438e+01 
 4        82     1.43301e+10     3.35391e-01     6.64000e-01     9.41691e-01     3.61983e+01 
 4        83     4.53158e+07     5.76132e-02     8.64000e-01     1.04956e-01     4.16529e+01 
 4        84     4.53158e+09     2.24280e-01     1.04000e-01     2.47813e-01     4.71074e+01 
 4        85     4.53158e+08     3.90947e-01     3.04000e-01     3.90671e-01     5.25620e+01 
 4        86     4.53158e+10     1.13169e-01     5.04000e-01     5.33528e-01     5.80165e+01 
 4        87     2.54830e+07     2.79835e-01     7.04000e-01     6.76385e-01     3.96694e+00 
 4        88     2.54830e+09     4.46502e-01     9.04000e-01     8.19242e-01     9.42149e+00 
 4        89     2.54830e+08     2.05761e-02     1.44000e-01     9.62099e-01     1.48760e+01 
 4        90     2.54830e+10     1.87243e-01     3.44000e-01     1.25364e-01     2.03306e+01 
 4        91     8.05842e+07     3.53909e-01     5.44000e-01     2.68222e-01     2.57851e+01 
 4        92     8.05842e+09     7.61317e-02     7.44000e-01     4.11079e-01     3.12397e+01 
 4        93     8.05842e+08     2.42798e-01     9.44000e-01     5.53936e-01     3.66942e+01 
 4        94     8.05842e+10     4.09465e-01     1.84000e-01     6.96793e-01     4.21488e+01 
 4        95     1.24094e+07     1.31687e-01     3.84000e-01     8.39650e-01     4.76033e+01 
 4        96     1.24094e+09     2.98354e-01     5.84000e-01     9.82507e-01     5.30579e+01 
 4        97     1.24094e+08     4.65021e-01     7.84000e-01     5.83090e-03     5.85124e+01 
 4        98     1.24094e+10     3.90947e-02     9.84000e-01     1.48688e-01     4.46281e+00 
 4        99     3.92419e+07     2.05761e-01     3.20000e-02     2.91545e-01     9.91736e+00 
 4       100     3.92419e+09     3.72428e-01     2.32000e-01     4.34402e-01     1.53719e+01 
 4       101     3.92419e+08     9.46502e-02     4.32000e-01     5.77259e-01     2.08264e+01 
 4       102     3.92419e+10     2.61317e-01     6.32000e-01     7.20117e-01     2.62810e+01 
 4       103     2.20673e+07     4.27984e-01     8.32000e-01     8.62974e-01     3.17355e+01 
 4       104     2.20673e+09     1.50206e-01     7.20000e-02     2.62391e-02     3.71901e+01 
 4       105     2.20673e+08     3.16872e-01     2.72000e-01     1.69096e-01     4.26446e+01 
 4       106     2.20673e+10     4.83539e-01     4.72000e-01     3.11953e-01     4.80992e+01 
 4       107     6.97831e+07     8.23045e-03     6.72000e-01     4.54810e-01     5.35537e+01 
 4       108     6.97831e+09     1.74897e-01     8.72000e-01     5.97668e-01     5.90083e+01 
 4       109     6.97831e+08     3.41564e-01     1.12000e-01     7.40525e-01     4.95868e+00 
 4       110     6.97831e+10     6.37860e-02     3.12000e-01     8.83382e-01     1.04132e+01 
 4       111     1.65482e+07     2.30453e-01     5.12000e-01     4.66472e-02     1.58678e+01 
 4       112     1.65482e+09     3.97119e-01     7.12000e-01     1.89504e-01     2.13223e+01 
 4       113     1.65482e+08     1.19342e-01     9.12000e-01     3.32362e-01     2.67769e+01 
 4       114     1.65482e+10     2.86008e-01     1.52000e-01     4.75219e-01     3.22314e+01 
 4       115     5.23299e+07     4.52675e-01     3.52000e-01     6.18076e-01     3.76860e+01 
 4       116     5.23299e+09     2.67490e-02     5.52000e-01     7.60933e-01     4.31405e+01 
 4       117     5.23299e+08     1.93416e-01     7.52000e-01     9.03790e-01     4.85950e+01 
 4       118     5.23299e+10     3.60082e-01     9.52000e-01     6.70554e-02     5.40496e+01 
 4       119     2.94273e+07     8.23045e-02     1.92000e-01     2.09913e-01     5.95041e+01 
 4       120     2.94273e+09     2.48971e-01     3.92000e-01     3.52770e-01     4.50789e-02 
 4       121     2.94273e+08     4.15638e-01     5.92000e-01     4.95627e-01     5.49962e+00 
 4       122     2.94273e+10     1.37860e-01     7.92000e-01     6.38484e-01     1.09542e+01 
 4       123     9.30572e+07     3.04527e-01     9.92000e-01     7.81341e-01     1.64087e+01 
 4       124     9.30572e+09     4.71193e-01     1.60000e-03     9.24198e-01     2.18633e+01 
 4       125     9.30572e+08     4.52675e-02     2.01600e-01     8.74636e-02     2.73178e+01 
 4       126     9.30572e+10     2.11934e-01     4.01600e-01     2.30321e-01     3.27724e+01 
 4       127     1.03663e+07     3.78601e-01     6.01600e-01     3.73178e-01     3.82269e+01 
 4       128     1.03663e+09     1.00823e-01     8.01600e-01     5.16035e-01     4.36814e+01 
 4       129     1.03663e+08     2.67490e-01     4.16000e-02     6.58892e-01     4.91360e+01 
 4       130     1.03663e+10     4.34156e-01     2.41600e-01     8.01749e-01     5.45905e+01 
 4       131     3.27812e+07     1.56379e-01     4.41600e-01     9.44606e-01     5.40947e-01 
 4       132     3.27812e+09     3.23045e-01     6.41600e-01     1.07872e-01     5.99549e+00 
 4       133     3.27812e+08     4.89712e-01     8.41600e-01     2.50729e-01     1.14500e+01 
 4       134     3.27812e+10     1.44033e-02     8.16000e-02     3.93586e-01     1.69046e+01 
 4       135     1.84342e+07     1.81070e-01     2.81600e-01     5.36443e-01     2.23591e+01 
 4       136     1.84342e+09     3.47737e-01     4.81600e-01     6.79300e-01     2.78137e+01 
 4       137     1.84342e+08     6.99588e-02     6.81600e-01     8.22157e-01     3.32682e+01 
 4       138     1.84342e+10     2.36626e-01     8.81600e-01     9.65015e-01     3.87228e+01 
 4       139     5.82942e+07     4.03292e-01     1.21600e-01     1.28280e-01     4.41773e+01 
 4       140     5.82942e+09     1.25514e-01     3.21600e-01     2.71137e-01     4.96319e+01 
 4       141     5.82942e+08     2.92181e-01     5.21600e-01     4.13994e-01     5.50864e+01 
 4       142     5.82942e+10     4.58848e-01     7.21600e-01     5.56851e-01     1.03681e+00 
 4       143     1.38237e+07     3.29218e-02     9.21600e-01     6.99708e-01     6.49136e+00 
 4       144     1.38237e+09     1.99588e-01     1.61600e-01     8.42566e-01     1.19459e+01 
 4       145     1.38237e+08     3.66255e-01     3.61600e-01     9.85423e-01     1.74005e+01 
 4       146     1.38237e+10     8.84774e-02     5.61600e-01     8.74636e-03     2.28550e+01 
 4       147     4.37144e+07     2.55144e-01     7.61600e-01     1.51603e-01     2.83095e+01 
 4       148     4.37144e+09     4.21811e-01     9.61600e-01     2.94461e-01     3.37641e+01 
 4       149     4.37144e+08     1.44033e-01     9.60000e-03     4.37318e-01     3.92186e+01 
 4       150     4.37144e+10     3.10700e-01     2.09600e-01     5.80175e-01     4.46732e+01 
 4       151     2.45824e+07     4.77366e-01     4.09600e-01     7.23032e-01     5.01277e+01 
 4       152     2.45824e+09     5.14403e-02     6.09600e-01     8.65889e-01     5.55823e+01 
 4       153     2.45824e+08     2.18107e-01     8.09600e-01     2.91545e-02     1.53268e+00 
 4       154     2.45824e+10     3.84774e-01     4.96000e-02     1.72012e-01     6.98723e+00 
 4       155     7.77365e+07     1.06996e-01     2.49600e-01     3.14869e-01     1.24418e+01 
 4       156     7.77365e+09     2.73663e-01     4.49600e-01     4.57726e-01     1.78963e+01 
 4       157     7.77365e+08     4.40329e-01     6.49600e-01     6.00583e-01     2.33509e+01 
 4       158     7.77365e+10     1.62551e-01     8.49600e-01     7.43440e-01     2.88054e+01 
 4       159     1.19709e+07     3.29218e-01     8.96000e-02     8.86297e-01     3.42600e+01 
 4       160     1.19709e+09     4.95885e-01     2.89600e-01     4.95627e-02     3.97145e+01 
 4       161     1.19709e+08     4.11523e-03     4.89600e-01     1.92420e-01     4.51690e+01 
 4       162     1.19709e+10     1.70782e-01     6.89600e-01     3.35277e-01     5.06236e+01 
 4       163     3.78552e+07     3.37449e-01     8.89600e-01     4.78134e-01     5.60781e+01 
 4       164     3.78552e+09     5.96708e-02     1.29600e-01     6.20991e-01     2.02855e+00 
 4       165     3.78552e+08     2.26337e-01     3.29600e-01     7.63848e-01     7.48310e+00 
 4       166     3.78552e+10     3.93004e-01     5.29600e-01     9.06706e-01     1.29376e+01 
 4       167     2.12875e+07     1.15226e-01     7.29600e-01     6.99708e-02     1.83922e+01 
 4       168     2.12875e+09     2.81893e-01     9.29600e-01     2.12828e-01     2.38467e+01 
 4       169     2.12875e+08     4.48560e-01     1.69600e-01     3.55685e-01     2.93013e+01 
 4       170     2.12875e+10     2.26337e-02     3.69600e-01     4.98542e-01     3.47558e+01 
 4       171     6.73170e+07     1.89300e-01     5.69600e-01     6.41399e-01     4.02104e+01 
 4       172     6.73170e+09     3.55967e-01     7.69600e-01     7.84257e-01     4.56649e+01 
 4       173     6.73170e+08     7.81893e-02     9.69600e-01     9.27114e-01     5.11195e+01 
 4       174     6.73170e+10     2.44856e-01     1.76000e-02     9.03790e-02     5.65740e+01 
 4       175     1.59634e+07     4.11523e-01     2.17600e-01     2.33236e-01     2.52442e+00 
 4       176     1.59634e+09     1.33745e-01     4.17600e-01     3.76093e-01     7.97896e+00 
 4       177     1.59634e+08     3.00412e-01     6.17600e-01     5.18950e-01     1.34335e+01 
 4       178     1.59634e+10     4.67078e-01     8.17600e-01     6.61808e-01     1.88881e+01 
 4       179     5.04807e+07     4.11523e-02     5.76000e-02     8.04665e-01     2.43426e+01 
 4       180     5.04807e+09     2.07819e-01     2.57600e-01     9.47522e-01     2.97971e+01 
 4       181     5.04807e+08     3.74486e-01     4.57600e-01     1.10787e-01     3.52517e+01 
 4       182     5.04807e+10     9.67078e-02     6.57600e-01     2.53644e-01     4.07062e+01 
 4       183     2.83874e+07     2.63374e-01     8.57600e-01     3.96501e-01     4.61608e+01 
 4       184     2.83874e+09     4.30041e-01     9.76000e-02     5.39359e-01     5.16153e+01 
 4       185     2.83874e+08     1.52263e-01     2.97600e-01     6.82216e-01     5.70699e+01 
 4       186     2.83874e+10     3.18930e-01     4.97600e-01     8.25073e-01     3.02029e+00 
 4       187     8.97687e+07     4.85597e-01     6.97600e-01     9.67930e-01     8.47483e+00 
 4       188     8.97687e+09     1.02881e-02     8.97600e-01     1.31195e-01     1.39294e+01 
 4       189     8.97687e+08     1.76955e-01     1.37600e-01     2.74052e-01     1.93839e+01 
 4       190     8.97687e+10     3.43621e-01     3.37600e-01     4.16910e-01     2.48385e+01 
 4       191     1.11397e+07     6.58436e-02     5.37600e-01     5.59767e-01     3.02930e+01 
 4       192     1.11397e+09     2.32510e-01     7.37600e-01     7.02624e-01     3.57476e+01 
 4       193     1.11397e+08     3.99177e-01     9.37600e-01     8.45481e-01     4.12021e+01 
 4       194     1.11397e+10     1.21399e-01     1.77600e-01     9.88338e-01     4.66566e+01 
 4       195     3.52269e+07     2.88066e-01     3.77600e-01     1.16618e-02     5.21112e+01 
 4       196     3.52269e+09     4.54733e-01     5.77600e-01     1.54519e-01     5.75657e+01 
 4       197     3.52269e+08     2.88066e-02     7.77600e-01     2.97376e-01     3.51615e+00 
 4       198     3.52269e+10     1.95473e-01     9.77600e-01     4.40233e-01     8.97070e+00 
 4       199     1.98096e+07     3.62140e-01     2.56000e-02     5.83090e-01     1.44252e+01 
 4       200     1.98096e+09     8.43621e-02     2.25600e-01     7.25948e-01     1.98798e+01 
 4       201     1.98096e+08     2.51029e-01     4.25600e-01     8.68805e-01     2.53343e+01 
 4       202     1.98096e+10     4.17695e-01     6.25600e-01     3.20700e-02     3.07889e+01 
 4       203     6.26434e+07     1.39918e-01     8.25600e-01     1.74927e-01     3.62434e+01 
 4       204     6.26434e+09     3.06584e-01     6.56000e-02     3.17784e-01     4.16980e+01 
 4       205     6.26434e+08     4.73251e-01     2.65600e-01     4.60641e-01     4.71525e+01 
 4       206     6.26434e+10     4.73251e-02     4.65600e-01     6.03499e-01     5.26071e+01 
 4       207     1.48551e+07     2.13992e-01     6.65600e-01     7.46356e-01     5.80616e+01 
 4       208     1.48551e+09     3.80658e-01     8.65600e-01     8.89213e-01     4.01202e+00 
 4       209     1.48551e+08     1.02881e-01     1.05600e-01     5.24781e-02     9.46657e+00 
 4       210     1.48551e+10     2.69547e-01     3.05600e-01     1.95335e-01     1.49211e+01 
 4       211     4.69759e+07     4.36214e-01     5.05600e-01     3.38192e-01     2.03757e+01 
 4       212     4.69759e+09     1.58436e-01     7.05600e-01     4.81050e-01     2.58302e+01 
 4       213     4.69759e+08     3.25103e-01     9.05600e-01     6.23907e-01     3.12847e+01 
 4       214     4.69759e+10     4.91770e-01     1.45600e-01     7.66764e-01     3.67393e+01 
 4       215     2.64165e+07     1.64609e-02     3.45600e-01     9.09621e-01     4.21938e+01 
 4       216     2.64165e+09     1.83128e-01     5.45600e-01     7.28863e-02     4.76484e+01 
 4       217     2.64165e+08     3.49794e-01     7.45600e-01     2.15743e-01     5.31029e+01 
 4       218     2.64165e+10     7.20165e-02     9.45600e-01     3.58601e-01     5.85575e+01 
 4       219     8.35363e+07     2.38683e-01     1.85600e-01     5.01458e-01     4.50789e+00 
 4       220     8.35363e+09     4.05350e-01     3.85600e-01     6.44315e-01     9.96243e+00 
 4       221     8.35363e+08     1.27572e-01     5.85600e-01     7.87172e-01     1.54170e+01 
 4       222     8.35363e+10     2.94239e-01     7.85600e-01     9.30029e-01     2.08715e+01 
 4       223     1.28640e+07     4.60905e-01     9.85600e-01     9.32945e-02     2.63261e+01 
 4       224     1.28640e+09     3.49794e-02     3.36000e-02     2.36152e-01     3.17806e+01 
 4       225     1.28640e+08     2.01646e-01     2.33600e-01     3.79009e-01     3.72352e+01 
 4       226     1.28640e+10     3.68313e-01     4.33600e-01     5.21866e-01     4.26897e+01 
 4       227     4.06794e+07     9.05350e-02     6.33600e-01     6.64723e-01     4.81443e+01 
 4       228     4.06794e+09     2.57202e-01     8.33600e-01     8.07580e-01     5.35988e+01 
 4       229     4.06794e+08     4.23868e-01     7.36000e-02     9.50437e-01     5.90533e+01 
 4       230     4.06794e+10     1.46091e-01     2.73600e-01     1.13703e-01     5.00376e+00 
 4       231     2.28757e+07     3.12757e-01     4.73600e-01     2.56560e-01     1.04583e+01 
 4       232     2.28757e+09     4.79424e-01     6.73600e-01     3.99417e-01     1.59128e+01 
 4       233     2.28757e+08     5.34979e-02     8.73600e-01     5.42274e-01     2.13674e+01 
 4       234     2.28757e+10     2.20165e-01     1.13600e-01     6.85131e-01     2.68219e+01 
 4       235     7.23394e+07     3.86831e-01     3.13600e-01     8.27988e-01     3.22765e+01 
 4       236     7.23394e+09     1.09053e-01     5.13600e-01     9.70845e-01     3.77310e+01 
 4       237     7.23394e+08     2.75720e-01     7.13600e-01     1.34111e-01     4.31856e+01 
 4       238     7.23394e+10     4.42387e-01     9.13600e-01     2.76968e-01     4.86401e+01 
 4       239     1.71544e+07     1.64609e-01     1.53600e-01     4.19825e-01     5.40947e+01 
 4       240     1.71544e+09     3.31276e-01     3.53600e-01     5.62682e-01     5.95492e+01 
 4       241     1.71544e+08     4.97942e-01     5.53600e-01     7.05539e-01     9.01578e-02 
 4       242     1.71544e+10     6.85871e-04     7.53600e-01     8.48397e-01     5.54470e+00 
 4       243     5.42469e+07     1.67353e-01     9.53600e-01     9.91254e-01     1.09992e+01 
 4       244     5.42469e+09     3.34019e-01     1.93600e-01     1.45773e-02     1.64538e+01 
 4       245     5.42469e+08     5.62414e-02     3.93600e-01     1.57434e-01     2.19083e+01 
 4       246     5.42469e+10     2.22908e-01     5.93600e-01     3.00292e-01     2.73629e+01 
 4       247     3.05053e+07     3.89575e-01     7.93600e-01     4.43149e-01     3.28174e+01 
 4       248     3.05053e+09     1.11797e-01     9.93600e-01     5.86006e-01     3.82720e+01 
 4       249     3.05053e+08     2.78464e-01     3.20000e-03     7.28863e-01     4.37265e+01 
 4       250     3.05053e+10     4.45130e-01     2.03200e-01     8.71720e-01     4.91811e+01 
 4       251     9.64662e+07     1.92044e-02     4.03200e-01     3.49854e-02     5.46356e+01 
 4       252     9.64662e+09     1.85871e-01     6.03200e-01     1.77843e-01     5.86026e-01 
 4       253     9.64662e+08     3.52538e-01     8.03200e-01     3.20700e-01     6.04057e+00 
 4       254     9.64662e+10     7.47599e-02     4.32000e-02     4.63557e-01     1.14951e+01 
 4       255     1.01815e+07     2.41427e-01     2.43200e-01     6.06414e-01     1.69497e+01 
 4       256     1.01815e+09     4.08093e-01     4.43200e-01     7.49271e-01     2.24042e+01 
 4       257     1.01815e+08     1.30316e-01     6.43200e-01     8.92128e-01     2.78588e+01 
 4       258     1.01815e+10     2.96982e-01     8.43200e-01     5.53936e-02     3.33133e+01 
 4       259     3.21968e+07     4.63649e-01     8.32000e-02     1.98251e-01     3.87678e+01 
 4       260     3.21968e+09     3.77229e-02     2.83200e-01     3.41108e-01     4.42224e+01 
 4       261     3.21968e+08     2.04390e-01     4.83200e-01     4.83965e-01     4.96769e+01 
 4       262     3.21968e+10     3.71056e-01     6.83200e-01     6.26822e-01     5.51315e+01 
 4       263     1.81056e+07     9.32785e-02     8.83200e-01     7.69679e-01     1.08189e+00 
 4       264     1.81056e+09     2.59945e-01     1.23200e-01     9.12536e-01     6.53644e+00 
 4       265     1.81056e+08     4.26612e-01     3.23200e-01     7.58017e-02     1.19910e+01 
 4       266     1.81056e+10     1.48834e-01     5.23200e-01     2.18659e-01     1.74455e+01 
 4       267     5.72549e+07     3.15501e-01     7.23200e-01     3.61516e-01     2.29001e+01 
 4       268     5.72549e+09     4.82167e-01     9.23200e-01     5.04373e-01     2.83546e+01 
 4       269     5.72549e+08     6.85871e-03     1.63200e-01     6.47230e-01     3.38092e+01 
 4       270     5.72549e+10     1.73525e-01     3.63200e-01     7.90087e-01     3.92637e+01 
 4       271     1.35773e+07     3.40192e-01     5.63200e-01     9.32945e-01     4.47183e+01 
 4       272     1.35773e+09     6.24143e-02     7.63200e-01     9.62099e-02     5.01728e+01 
 4       273     1.35773e+08     2.29081e-01     9.63200e-01     2.39067e-01     5.56273e+01 
 4       274     1.35773e+10     3.95748e-01     1.12000e-02     3.81924e-01     1.57776e+00 
 4       275     4.29351e+07     1.17970e-01     2.11200e-01     5.24781e-01     7.03231e+00 
 4       276     4.29351e+09     2.84636e-01     4.11200e-01     6.67638e-01     1.24869e+01 
 4       277     4.29351e+08     4.51303e-01     6.11200e-01     8.10496e-01     1.79414e+01 
 4       278     4.29351e+10     2.53772e-02     8.11200e-01     9.53353e-01     2.33959e+01 
 4       279     2.41442e+07     1.92044e-01     5.12000e-02     1.16618e-01     2.88505e+01 
 4       280     2.41442e+09     3.58711e-01     2.51200e-01     2.59475e-01     3.43050e+01 
 4       281     2.41442e+08     8.09328e-02     4.51200e-01     4.02332e-01     3.97596e+01 
 4       282     2.41442e+10     2.47599e-01     6.51200e-01     5.45190e-01     4.52141e+01 
 4       283     7.63506e+07     4.14266e-01     8.51200e-01     6.88047e-01     5.06687e+01 
 4       284     7.63506e+09     1.36488e-01     9.12000e-02     8.30904e-01     5.61232e+01 
 4       285     7.63506e+08     3.03155e-01     2.91200e-01     9.73761e-01     2.07363e+00 
 4       286     7.63506e+10     4.69822e-01     4.91200e-01     1.37026e-01     7.52817e+00 
 4       287     1.17574e+07     4.38957e-02     6.91200e-01     2.79883e-01     1.29827e+01 
 4       288     1.17574e+09     2.10562e-01     8.91200e-01     4.22741e-01     1.84373e+01 
 4       289     1.17574e+08     3.77229e-01     1.31200e-01     5.65598e-01     2.38918e+01 
 4       290     1.17574e+10     9.94513e-02     3.31200e-01     7.08455e-01     2.93464e+01 
 4       291     3.71803e+07     2.66118e-01     5.31200e-01     8.51312e-01     3.48009e+01 
 4       292     3.71803e+09     4.32785e-01     7.31200e-01     9.94169e-01     4.02554e+01 
 4       293     3.71803e+08     1.55007e-01     9.31200e-01     1.74927e-02     4.57100e+01 
 4       294     3.71803e+10     3.21674e-01     1.71200e-01     1.60350e-01     5.11645e+01 
 4       295     2.09080e+07     4.88340e-01     3.71200e-01     3.03207e-01     5.66191e+01 
 4       296     2.09080e+09     1.30316e-02     5.71200e-01     4.46064e-01     2.56950e+00 
 4       297     2.09080e+08     1.79698e-01     7.71200e-01     5.88921e-01     8.02404e+00 
 4       298     2.09080e+10     3.46365e-01     9.71200e-01     7.31778e-01     1.34786e+01 
 4       299     6.61169e+07     6.85871e-02     1.92000e-02     8.74636e-01     1.89331e+01 
 4       300     6.61169e+09     2.35254e-01     2.19200e-01     3.79009e-02     2.43877e+01 
 4       301     6.61169e+08     4.01920e-01     4.19200e-01     1.80758e-01     2.98422e+01 
 4       302     6.61169e+10     1.24143e-01     6.19200e-01     3.23615e-01     3.52968e+01 
 4       303     1.56788e+07     2.90809e-01     8.19200e-01     4.66472e-01     4.07513e+01 
 4       304     1.56788e+09     4.57476e-01     5.92000e-02     6.09329e-01     4.62059e+01 
 4       305     1.56788e+08     3.15501e-02     2.59200e-01     7.52187e-01     5.16604e+01 
 4       306     1.56788e+10     1.98217e-01     4.59200e-01     8.95044e-01     5.71150e+01 
 4       307     4.95807e+07     3.64883e-01     6.59200e-01     5.83090e-02     3.06536e+00 
 4       308     4.95807e+09     8.71056e-02     8.59200e-01     2.01166e-01     8.51991e+00 
 4       309     4.95807e+08     2.53772e-01     9.92000e-02     3.44023e-01     1.39745e+01 
 4       310     4.95807e+10     4.20439e-01     2.99200e-01     4.86880e-01     1.94290e+01 
 4       311     2.78813e+07     1.42661e-01     4.99200e-01     6.29738e-01     2.48835e+01 
 4       312     2.78813e+09     3.09328e-01     6.99200e-01     7.72595e-01     3.03381e+01 
 4       313     2.78813e+08     4.75995e-01     8.99200e-01     9.15452e-01     3.57926e+01 
 4       314     2.78813e+10     5.00686e-02     1.39200e-01     7.87172e-02     4.12472e+01 
 4       315     8.81683e+07     2.16735e-01     3.39200e-01     2.21574e-01     4.67017e+01 
 4       316     8.81683e+09     3.83402e-01     5.39200e-01     3.64431e-01     5.21563e+01 
 4       317     8.81683e+08     1.05624e-01     7.39200e-01     5.07289e-01     5.76108e+01 
 4       318     8.81683e+10     2.72291e-01     9.39200e-01     6.50146e-01     3.56123e+00 
 4       319     1.09411e+07     4.38957e-01     1.79200e-01     7.93003e-01     9.01578e+00 
 4       320     1.09411e+09     1.61180e-01     3.79200e-01     9.35860e-01     1.44703e+01 
 4       321     1.09411e+08     3.27846e-01     5.79200e-01     9.91254e-02     1.99249e+01 
 4       322     1.09411e+10     4.94513e-01     7.79200e-01     2.41983e-01     2.53794e+01 
 4       323     3.45989e+07     2.74348e-03     9.79200e-01     3.84840e-01     3.08340e+01 
 4       324     3.45989e+09     1.69410e-01     2.72000e-02     5.27697e-01     3.62885e+01 
 4       325     3.45989e+08     3.36077e-01     2.27200e-01     6.70554e-01     4.17431e+01 
 4       326     3.45989e+10     5.82990e-02     4.27200e-01     8.13411e-01     4.71976e+01 
 4       327     1.94564e+07     2.24966e-01     6.27200e-01     9.56268e-01     5.26521e+01 
 4       328     1.94564e+09     3.91632e-01     8.27200e-01     1.19534e-01     5.81067e+01 
 4       329     1.94564e+08     1.13855e-01     6.72000e-02     2.62391e-01     4.05710e+00 
 4       330     1.94564e+10     2.80521e-01     2.67200e-01     4.05248e-01     9.51165e+00 
 4       331     6.15265e+07     4.47188e-01     4.67200e-01     5.48105e-01     1.49662e+01 
 4       332     6.15265e+09     2.12620e-02     6.67200e-01     6.90962e-01     2.04207e+01 
 4       333     6.15265e+08     1.87929e-01     8.67200e-01     8.33819e-01     2.58753e+01 
 4       334     6.15265e+10     3.54595e-01     1.07200e-01     9.76676e-01     3.13298e+01 
 4       335     1.45902e+07     7.68176e-02     3.07200e-01     1.39942e-01     3.67844e+01 
 4       336     1.45902e+09     2.43484e-01     5.07200e-01     2.82799e-01     4.22389e+01 
 4       337     1.45902e+08     4.10151e-01     7.07200e-01     4.25656e-01     4.76935e+01 
 4       338     1.45902e+10     1.32373e-01     9.07200e-01     5.68513e-01     5.31480e+01 
 4       339     4.61384e+07     2.99040e-01     1.47200e-01     7.11370e-01     5.86026e+01 
 4       340     4.61384e+09     4.65706e-01     3.47200e-01     8.54227e-01     4.55297e+00 
 4       341     4.61384e+08     3.97805e-02     5.47200e-01     9.97085e-01     1.00075e+01 
 4       342     4.61384e+10     2.06447e-01     7.47200e-01     4.16493e-04     1.54621e+01 
 4       343     2.59455e+07     3.73114e-01     9.47200e-01     1.43274e-01     2.09166e+01 
 4       344     2.59455e+09     9.53361e-02     1.87200e-01     2.86131e-01     2.63711e+01 
 4       345     2.59455e+08     2.62003e-01     3.87200e-01     4.28988e-01     3.18257e+01 
 4       346     2.59455e+10     4.28669e-01     5.87200e-01     5.71845e-01     3.72802e+01 
 4       347     8.20470e+07     1.50892e-01     7.87200e-01     7.14702e-01     4.27348e+01 
 4       348     8.20470e+09     3.17558e-01     9.87200e-01     8.57559e-01     4.81893e+01 
 4       349     8.20470e+08     4.84225e-01     3.52000e-02     2.08247e-02     5.36439e+01 
 4       350     8.20470e+10     8.91632e-03     2.35200e-01     1.63682e-01     5.90984e+01 
 4       351     1.26346e+07     1.75583e-01     4.35200e-01     3.06539e-01     5.04884e+00 
 4       352     1.26346e+09     3.42250e-01     6.35200e-01     4.49396e-01     1.05034e+01 
 4       353     1.26346e+08     6.44719e-02     8.35200e-01     5.92253e-01     1.59579e+01 
 4       354     1.26346e+10     2.31139e-01     7.52000e-02     7.35110e-01     2.14125e+01 
 4       355     3.99542e+07     3.97805e-01     2.75200e-01     8.77968e-01     2.68670e+01 
 4       356     3.99542e+09     1.20027e-01     4.75200e-01     4.12328e-02     3.23216e+01 
 4       357     3.99542e+08     2.86694e-01     6.75200e-01     1.84090e-01     3.77761e+01 
 4       358     3.99542e+10     4.53361e-01     8.75200e-01     3.26947e-01     4.32307e+01 
 4       359     2.24679e+07     2.74348e-02     1.15200e-01     4.69804e-01     4.86852e+01 
 4       360     2.24679e+09     1.94102e-01     3.15200e-01     6.12661e-01     5.41397e+01 
 4       361     2.24679e+08     3.60768e-01     5.15200e-01     7.55519e-01     5.95943e+01 
 4       362     2.24679e+10     8.29904e-02     7.15200e-01     8.98376e-01     1.35237e-01 
 4       363     7.10497e+07     2.49657e-01     9.15200e-01     6.16410e-02     5.58978e+00 
 4       364     7.10497e+09     4.16324e-01     1.55200e-01     2.04498e-01     1.10443e+01 
 4       365     7.10497e+08     1.38546e-01     3.55200e-01     3.47355e-01     1.64989e+01 
 4       366     7.10497e+10     3.05213e-01     5.55200e-01     4.90212e-01     2.19534e+01 
 4       367     1.68485e+07     4.71879e-01     7.55200e-01     6.33070e-01     2.74080e+01 
 4       368     1.68485e+09     4.59534e-02     9.55200e-01     7.75927e-01     3.28625e+01 
 4       369     1.68485e+08     2.12620e-01     1.95200e-01     9.18784e-01     3.83171e+01 
 4       370     1.68485e+10     3.79287e-01     3.95200e-01     8.20491e-02     4.37716e+01 
 4       371     5.32798e+07     1.01509e-01     5.95200e-01     2.24906e-01     4.92261e+01 
 4       372     5.32798e+09     2.68176e-01     7.95200e-01     3.67763e-01     5.46807e+01 
 4       373     5.32798e+08     4.34842e-01     9.95200e-01     5.10621e-01     6.31104e-01 
 4       374     5.32798e+10     1.57064e-01     4.80000e-03     6.53478e-01     6.08565e+00 
 4       375     2.99614e+07     3.23731e-01     2.04800e-01     7.96335e-01     1.15402e+01 
 4       376     2.99614e+09     4.90398e-01     4.04800e-01     9.39192e-01     1.69947e+01 
 4       377     2.99614e+08     1.50892e-02     6.04800e-01     1.02457e-01     2.24493e+01 
 4       378     2.99614e+10     1.81756e-01     8.04800e-01     2.45314e-01     2.79038e+01 
 4       379     9.47464e+07     3.48422e-01     4.48000e-02     3.88172e-01     3.33584e+01 
 4       380     9.47464e+09     7.06447e-02     2.44800e-01     5.31029e-01     3.88129e+01 
 4       381     9.47464e+08     2.37311e-01     4.44800e-01     6.73886e-01     4.42675e+01 
 4       382     9.47464e+10     4.03978e-01     6.44800e-01     8.16743e-01     4.97220e+01 
 4       383     1.05545e+07     1.26200e-01     8.44800e-01     9.59600e-01     5.51766e+01 
 4       384     1.05545e+09     2.92867e-01     8.48000e-02     1.22865e-01     1.12697e+00 
 4       385     1.05545e+08     4.59534e-01     2.84800e-01     2.65723e-01     6.58152e+00 
 4       386     1.05545e+10     3.36077e-02     4.84800e-01     4.08580e-01     1.20361e+01 
 4       387     3.33762e+07     2.00274e-01     6.84800e-01     5.51437e-01     1.74906e+01 
 4       388     3.33762e+09     3.66941e-01     8.84800e-01     6.94294e-01     2.29452e+01 
 4       389     3.33762e+08     8.91632e-02     1.24800e-01     8.37151e-01     2.83997e+01 
 4       390     3.33762e+10     2.55830e-01     3.24800e-01     9.80008e-01     3.38542e+01 
 4       391     1.87688e+07     4.22497e-01     5.24800e-01     3.33195e-03     3.93088e+01 
 4       392     1.87688e+09     1.44719e-01     7.24800e-01     1.46189e-01     4.47633e+01 
 4       393     1.87688e+08     3.11385e-01     9.24800e-01     2.89046e-01     5.02179e+01 
 4       394     1.87688e+10     4.78052e-01     1.64800e-01     4.31903e-01     5.56724e+01 
 4       395     5.93523e+07     5.21262e-02     3.64800e-01     5.74761e-01     1.62284e+00 
 4       396     5.93523e+09     2.18793e-01     5.64800e-01     7.17618e-01     7.07739e+00 
 4       397     5.93523e+08     3.85460e-01     7.64800e-01     8.60475e-01     1.25319e+01 
 4       398     5.93523e+10     1.07682e-01     9.64800e-01     2.37401e-02     1.79865e+01 
 4       399     1.40746e+07     2.74348e-01     1.28000e-02     1.66597e-01     2.34410e+01 
 4       400     1.40746e+09     4.41015e-01     2.12800e-01     3.09454e-01     2.88956e+01 
 4       401     1.40746e+08     1.63237e-01     4.12800e-01     4.52312e-01     3.43501e+01 
 4       402     1.40746e+10     3.29904e-01     6.12800e-01     5.95169e-01     3.98047e+01 
 4       403     4.45079e+07     4.96571e-01     8.12800e-01     7.38026e-01     4.52592e+01 
 4       404     4.45079e+09     4.80110e-03     5.28000e-02     8.80883e-01     5.07137e+01 
 4       405     4.45079e+08     1.71468e-01     2.52800e-01     4.41483e-02     5.61683e+01 
 4       406     4.45079e+10     3.38134e-01     4.52800e-01     1.87005e-01     2.11871e+00 
 4       407     2.50287e+07     6.03567e-02     6.52800e-01     3.29863e-01     7.57325e+00 
 4       408     2.50287e+09     2.27023e-01     8.52800e-01     4.72720e-01     1.30278e+01 
 4       409     2.50287e+08     3.93690e-01     9.28000e-02     6.15577e-01     1.84823e+01 
 4       410     2.50287e+10     1.15912e-01     2.92800e-01     7.58434e-01     2.39369e+01 
 4       411     7.91476e+07     2.82579e-01     4.92800e-01     9.01291e-01     2.93914e+01 
 4       412     7.91476e+09     4.49246e-01     6.92800e-01     6.45564e-02     3.48460e+01 
 4       413     7.91476e+08     2.33196e-02     8.92800e-01     2.07414e-01     4.03005e+01 
 4       414     7.91476e+10     1.89986e-01     1.32800e-01     3.50271e-01     4.57551e+01 
 4       415     1.21881e+07     3.56653e-01     3.32800e-01     4.93128e-01     5.12096e+01 
 4       416     1.21881e+09     7.88752e-02     5.32800e-01     6.35985e-01     5.66642e+01 
 4       417     1.21881e+08     2.45542e-01     7.32800e-01     7.78842e-01     2.61458e+00 
 4       418     1.21881e+10     4.12209e-01     9.32800e-01     9.21699e-01     8.06912e+00 
 4       419     3.85423e+07     1.34431e-01     1.72800e-01     8.49646e-02     1.35237e+01 
 4       420     3.85423e+09     3.01097e-01     3.72800e-01     2.27822e-01     1.89782e+01 
 4       421     3.85423e+08     4.67764e-01     5.72800e-01     3.70679e-01     2.44328e+01 
 4       422     3.85423e+10     4.18381e-02     7.72800e-01     5.13536e-01     2.98873e+01 
 4       423     2.16739e+07     2.08505e-01     9.72800e-01     6.56393e-01     3.53418e+01 
 4       424     2.16739e+09     3.75171e-01     2.08000e-02     7.99250e-01     4.07964e+01 
 4       425     2.16739e+08     9.73937e-02     2.20800e-01     9.42107e-01     4.62509e+01 
 4       426     2.16739e+10     2.64060e-01     4.20800e-01     1.05373e-01     5.17055e+01 
 4       427     6.85390e+07     4.30727e-01     6.20800e-01     2.48230e-01     5.71600e+01 
 4       428     6.85390e+09     1.52949e-01     8.20800e-01     3.91087e-01     3.11044e+00 
 4       429     6.85390e+08     3.19616e-01     6.08000e-02     5.33944e-01     8.56499e+00 
 4       430     6.85390e+10     4.86283e-01     2.60800e-01     6.76801e-01     1.40195e+01 
 4       431     1.62531e+07     1.09739e-02     4.60800e-01     8.19658e-01     1.94741e+01 
 4       432     1.62531e+09     1.77641e-01     6.60800e-01     9.62516e-01     2.49286e+01 
 4       433     1.62531e+08     3.44307e-01     8.60800e-01     1.25781e-01     3.03832e+01 
 4       434     1.62531e+10     6.65295e-02     1.00800e-01     2.68638e-01     3.58377e+01 
 4       435     5.13970e+07     2.33196e-01     3.00800e-01     4.11495e-01     4.12923e+01 
 4       436     5.13970e+09     3.99863e-01     5.00800e-01     5.54352e-01     4.67468e+01 
 4       437     5.13970e+08     1.22085e-01     7.00800e-01     6.97209e-01     5.22014e+01 
 4       438     5.13970e+10     2.88752e-01     9.00800e-01     8.40067e-01     5.76559e+01 
 4       439     2.89026e+07     4.55418e-01     1.40800e-01     9.82924e-01     3.60631e+00 
 4       440     2.89026e+09     2.94925e-02     3.40800e-01     6.24740e-03     9.06086e+00 
 4       441     2.89026e+08     1.96159e-01     5.40800e-01     1.49105e-01     1.45154e+01 
 4       442     2.89026e+10     3.62826e-01     7.40800e-01     2.91962e-01     1.99699e+01 
 4       443     9.13982e+07     8.50480e-02     9.40800e-01     4.34819e-01     2.54245e+01 
 4       444     9.13982e+09     2.51715e-01     1.80800e-01     5.77676e-01     3.08790e+01 
 4       445     9.13982e+08     4.18381e-01     3.80800e-01     7.20533e-01     3.63336e+01 
 4       446     9.13982e+10     1.40604e-01     5.80800e-01     8.63390e-01     4.17881e+01 
 4       447     1.13419e+07     3.07270e-01     7.80800e-01     2.66556e-02     4.72427e+01 
 4       448     1.13419e+09     4.73937e-01     9.80800e-01     1.69513e-01     5.26972e+01 
 4       449     1.13419e+08     4.80110e-02     2.88000e-02     3.12370e-01     5.81518e+01 
 4       450     1.13419e+10     2.14678e-01     2.28800e-01     4.55227e-01     4.10218e+00 
 4       451     3.58664e+07     3.81344e-01     4.28800e-01     5.98084e-01     9.55672e+00 
 4       452     3.58664e+09     1.03567e-01     6.28800e-01     7.40941e-01     1.50113e+01 
 4       453     3.58664e+08     2.70233e-01     8.28800e-01     8.83798e-01     2.04658e+01 
 4       454     3.58664e+10     4.36900e-01     6.88000e-02     4.70637e-02     2.59204e+01 
 4       455     2.01691e+07     1.59122e-01     2.68800e-01     1.89921e-01     3.13749e+01 
 4       456     2.01691e+09     3.25789e-01     4.68800e-01     3.32778e-01     3.68295e+01 
 4       457     2.01691e+08     4.92455e-01     6.68800e-01     4.75635e-01     4.22840e+01 
 4       458     2.01691e+10     1.71468e-02     8.68800e-01     6.18492e-01     4.77385e+01 
 4       459     6.37804e+07     1.83813e-01     1.08800e-01     7.61349e-01     5.31931e+01 
 4       460     6.37804e+09     3.50480e-01     3.08800e-01     9.04207e-01     5.86476e+01 
 4       461     6.37804e+08     7.27023e-02     5.08800e-01     6.74719e-02     4.59805e+00 
 4       462     6.37804e+10     2.39369e-01     7.08800e-01     2.10329e-01     1.00526e+01 
 4       463     1.51247e+07     4.06036e-01     9.08800e-01     3.53186e-01     1.55071e+01 
 4       464     1.51247e+09     1.28258e-01     1.48800e-01     4.96043e-01     2.09617e+01 
 4       465     1.51247e+08     2.94925e-01     3.48800e-01     6.38900e-01     2.64162e+01 
 4       466     1.51247e+10     4.61591e-01     5.48800e-01     7.81758e-01     3.18708e+01 
 4       467     4.78286e+07     3.56653e-02     7.48800e-01     9.24615e-01     3.73253e+01 
 4       468     4.78286e+09     2.02332e-01     9.48800e-01     8.78800e-02     4.27799e+01 
 4       469     4.78286e+08     3.68999e-01     1.88800e-01     2.30737e-01     4.82344e+01 
 4       470     4.78286e+10     9.12209e-02     3.88800e-01     3.73594e-01     5.36890e+01 
 4       471     2.68960e+07     2.57888e-01     5.88800e-01     5.16451e-01     5.91435e+01 
 4       472     2.68960e+09     4.24554e-01     7.88800e-01     6.59309e-01     5.09391e+00 
 4       473     2.68960e+08     1.46776e-01     9.88800e-01     8.02166e-01     1.05485e+01 
 4       474     2.68960e+10     3.13443e-01     3.68000e-02     9.45023e-01     1.60030e+01 
 4       475     8.50526e+07     4.80110e-01     2.36800e-01     1.08288e-01     2.14576e+01 
 4       476     8.50526e+09     5.41838e-02     4.36800e-01     2.51145e-01     2.69121e+01 
 4       477     8.50526e+08     2.20850e-01     6.36800e-01     3.94002e-01     3.23666e+01 
 4       478     8.50526e+10     3.87517e-01     8.36800e-01     5.36860e-01     3.78212e+01 
 4       479     1.30975e+07     1.09739e-01     7.68000e-02     6.79717e-01     4.32757e+01 
 4       480     1.30975e+09     2.76406e-01     2.76800e-01     8.22574e-01     4.87303e+01 
 4       481     1.30975e+08     4.43073e-01     4.76800e-01     9.65431e-01     5.41848e+01 
 4       482     1.30975e+10     1.65295e-01     6.76800e-01     1.28696e-01     5.96394e+01 
 4       483     4.14178e+07     3.31962e-01     8.76800e-01     2.71554e-01     1.80316e-01 
 4       484     4.14178e+09     4.98628e-01     1.16800e-01     4.14411e-01     5.63486e+00 
 4       485     4.14178e+08     1.37174e-03     3.16800e-01     5.57268e-01     1.10894e+01 
 4       486     4.14178e+10     1.68038e-01     5.16800e-01     7.00125e-01     1.65440e+01 
 4       487     2.32910e+07     3.34705e-01     7.16800e-01     8.42982e-01     2.19985e+01 
 4       488     2.32910e+09     5.69273e-02     9.16800e-01     9.85839e-01     2.74530e+01 
 4       489     2.32910e+08     2.23594e-01     1.56800e-01     9.16285e-03     3.29076e+01 
 4       490     2.32910e+10     3.90261e-01     3.56800e-01     1.52020e-01     3.83621e+01 
 4       491     7.36525e+07     1.12483e-01     5.56800e-01     2.94877e-01     4.38167e+01 
 4       492     7.36525e+09     2.79150e-01     7.56800e-01     4.37734e-01     4.92712e+01 
 4       493     7.36525e+08     4.45816e-01     9.56800e-01     5.80591e-01     5.47258e+01 
 4       494     7.36525e+10     1.98903e-02     1.96800e-01     7.23449e-01     6.76183e-01 
 4       495     1.74658e+07     1.86557e-01     3.96800e-01     8.66306e-01     6.13073e+00 
 4       496     1.74658e+09     3.53224e-01     5.96800e-01     2.95710e-02     1.15853e+01 
 4       497     1.74658e+08     7.54458e-02     7.96800e-01     1.72428e-01     1.70398e+01 
 4       498     1.74658e+10     2.42112e-01     9.96800e-01     3.15285e-01     2.24944e+01 
 4       499     5.52316e+07     4.08779e-01     6.40000e-03     4.58142e-01     2.79489e+01 
 4       500     5.52316e+09     1.31001e-01     2.06400e-01     6.01000e-01     3.34035e+01 
 4       501     5.52316e+08     2.97668e-01     4.06400e-01     7.43857e-01     3.88580e+01 
 4       502     5.52316e+10     4.64335e-01     6.06400e-01     8.86714e-01     4.43125e+01 
 4       503     3.10590e+07     3.84088e-02     8.06400e-01     4.99792e-02     4.97671e+01 
 4       504     3.10590e+09     2.05075e-01     4.64000e-02     1.92836e-01     5.52216e+01 
 4       505     3.10590e+08     3.71742e-01     2.46400e-01     3.35693e-01     1.17205e+00 
 4       506     3.10590e+10     9.39643e-02     4.46400e-01     4.78551e-01     6.62660e+00 
 4       507     9.82172e+07     2.60631e-01     6.46400e-01     6.21408e-01     1.20811e+01 
 4       508     9.82172e+09     4.27298e-01     8.46400e-01     7.64265e-01     1.75357e+01 
 4       509     9.82172e+08     1.49520e-01     8.64000e-02     9.07122e-01     2.29902e+01 
 4       510     9.82172e+10     3.16187e-01     2.86400e-01     7.03873e-02     2.84448e+01 
 4       511     1.00904e+07     4.82853e-01     4.86400e-01     2.13244e-01     3.38993e+01 
 4       512     1.00904e+09     7.54458e-03     6.86400e-01     3.56102e-01     3.93539e+01 
 4       513     1.00904e+08     1.74211e-01     8.86400e-01     4.98959e-01     4.48084e+01 
 4       514     1.00904e+10     3.40878e-01     1.26400e-01     6.41816e-01     5.02630e+01 
 4       515     3.19085e+07     6.31001e-02     3.26400e-01     7.84673e-01     5.57175e+01 
 4       516     3.19085e+09     2.29767e-01     5.26400e-01     9.27530e-01     1.66792e+00 
 4       517     3.19085e+08     3.96433e-01     7.26400e-01     9.07955e-02     7.12246e+00 
 4       518     3.19085e+10     1.18656e-01     9.26400e-01     2.33653e-01     1.25770e+01 
 4       519     1.79435e+07     2.85322e-01     1.66400e-01     3.76510e-01     1.80316e+01 
 4       520     1.79435e+09     4.51989e-01     3.66400e-01     5.19367e-01     2.34861e+01 
 4       521     1.79435e+08     2.60631e-02     5.66400e-01     6.62224e-01     2.89406e+01 
 4       522     1.79435e+10     1.92730e-01     7.66400e-01     8.05081e-01     3.43952e+01 
 4       523     5.67422e+07     3.59396e-01     9.66400e-01     9.47938e-01     3.98497e+01 
 4       524     5.67422e+09     8.16187e-02     1.44000e-02     1.11204e-01     4.53043e+01 
 4       525     5.67422e+08     2.48285e-01     2.14400e-01     2.54061e-01     5.07588e+01 
 4       526     5.67422e+10     4.14952e-01     4.14400e-01     3.96918e-01     5.62134e+01 
 4       527     1.34557e+07     1.37174e-01     6.14400e-01     5.39775e-01     2.16379e+00 
 4       528     1.34557e+09     3.03841e-01     8.14400e-01     6.82632e-01     7.61833e+00 
 4       529     1.34557e+08     4.70508e-01     5.44000e-02     8.25489e-01     1.30729e+01 
 4       530     1.34557e+10     4.45816e-02     2.54400e-01     9.68347e-01     1.85274e+01 
 4       531     4.25507e+07     2.11248e-01     4.54400e-01     1.31612e-01     2.39820e+01 
 4       532     4.25507e+09     3.77915e-01     6.54400e-01     2.74469e-01     2.94365e+01 
 4       533     4.25507e+08     1.00137e-01     8.54400e-01     4.17326e-01     3.48911e+01 
 4       534     4.25507e+10     2.66804e-01     9.44000e-02     5.60183e-01     4.03456e+01 
 4       535     2.39280e+07     4.33471e-01     2.94400e-01     7.03040e-01     4.58002e+01 
 4       536     2.39280e+09     1.55693e-01     4.94400e-01     8.45898e-01     5.12547e+01 
 4       537     2.39280e+08     3.22359e-01     6.94400e-01     9.88755e-01     5.67092e+01 
 4       538     2.39280e+10     4.89026e-01     8.94400e-01     1.20783e-02     2.65965e+00 
 4       539     7.56670e+07     1.37174e-02     1.34400e-01     1.54935e-01     8.11420e+00 
 4       540     7.56670e+09     1.80384e-01     3.34400e-01     2.97793e-01     1.35687e+01 
 4       541     7.56670e+08     3.47051e-01     5.34400e-01     4.40650e-01     1.90233e+01 
 4       542     7.56670e+10     6.92730e-02     7.34400e-01     5.83507e-01     2.44778e+01 
 4       543     1.16522e+07     2.35940e-01     9.34400e-01     7.26364e-01     2.99324e+01 
 4       544     1.16522e+09     4.02606e-01     1.74400e-01     8.69221e-01     3.53869e+01 
 4       545     1.16522e+08     1.24829e-01     3.74400e-01     3.24865e-02     4.08415e+01 
 4       546     1.16522e+10     2.91495e-01     5.74400e-01     1.75344e-01     4.62960e+01 
 4       547     3.68473e+07     4.58162e-01     7.74400e-01     3.18201e-01     5.17506e+01 
 4       548     3.68473e+09     3.22359e-02     9.74400e-01     4.61058e-01     5.72051e+01 
 4       549     3.68473e+08     1.98903e-01     2.24000e-02     6.03915e-01     3.15552e+00 
 4       550     3.68473e+10     3.65569e-01     2.22400e-01     7.46772e-01     8.61007e+00 
 4       551     2.07208e+07     8.77915e-02     4.22400e-01     8.89629e-01     1.40646e+01 
 4       552     2.07208e+09     2.54458e-01     6.22400e-01     5.28946e-02     1.95192e+01 
 4       553     2.07208e+08     4.21125e-01     8.22400e-01     1.95752e-01     2.49737e+01 
 4       554     2.07208e+10     1.43347e-01     6.24000e-02     3.38609e-01     3.04282e+01 
 4       555     6.55249e+07     3.10014e-01     2.62400e-01     4.81466e-01     3.58828e+01 
 4       556     6.55249e+09     4.76680e-01     4.62400e-01     6.24323e-01     4.13373e+01 
 4       557     6.55249e+08     5.07545e-02     6.62400e-01     7.67180e-01     4.67919e+01 
 4       558     6.55249e+10     2.17421e-01     8.62400e-01     9.10037e-01     5.22464e+01 
 4       559     1.55384e+07     3.84088e-01     1.02400e-01     7.33028e-02     5.77010e+01 
 4       560     1.55384e+09     1.06310e-01     3.02400e-01     2.16160e-01     3.65139e+00 
 4       561     1.55384e+08     2.72977e-01     5.02400e-01     3.59017e-01     9.10594e+00 
 4       562     1.55384e+10     4.39643e-01     7.02400e-01     5.01874e-01     1.45605e+01 
 4       563     4.91367e+07     1.61866e-01     9.02400e-01     6.44731e-01     2.00150e+01 
 4       564     4.91367e+09     3.28532e-01     1.42400e-01     7.87589e-01     2.54696e+01 
 4       565     4.91367e+08     4.95199e-01     3.42400e-01     9.30446e-01     3.09241e+01 
 4       566     4.91367e+10     3.42936e-03     5.42400e-01     9.37110e-02     3.63787e+01 
 4       567     2.76316e+07     1.70096e-01     7.42400e-01     2.36568e-01     4.18332e+01 
 4       568     2.76316e+09     3.36763e-01     9.42400e-01     3.79425e-01     4.72878e+01 
 4       569     2.76316e+08     5.89849e-02     1.82400e-01     5.22282e-01     5.27423e+01 
 4       570     2.76316e+10     2.25652e-01     3.82400e-01     6.65140e-01     5.81968e+01 
 4       571     8.73788e+07     3.92318e-01     5.82400e-01     8.07997e-01     4.14726e+00 
 4       572     8.73788e+09     1.14540e-01     7.82400e-01     9.50854e-01     9.60180e+00 
 4       573     8.73788e+08     2.81207e-01     9.82400e-01     1.14119e-01     1.50563e+01 
 4       574     8.73788e+10     4.47874e-01     3.04000e-02     2.56976e-01     2.05109e+01 
 4       575     1.08432e+07     2.19479e-02     2.30400e-01     3.99833e-01     2.59654e+01 
 4       576     1.08432e+09     1.88615e-01     4.30400e-01     5.42691e-01     3.14200e+01 
 4       577     1.08432e+08     3.55281e-01     6.30400e-01     6.85548e-01     3.68745e+01 
 4       578     1.08432e+10     7.75034e-02     8.30400e-01     8.28405e-01     4.23291e+01 
 4       579     3.42891e+07     2.44170e-01     7.04000e-02     9.71262e-01     4.77836e+01 
 4       580     3.42891e+09     4.10837e-01     2.70400e-01     1.34527e-01     5.32382e+01 
 4       581     3.42891e+08     1.33059e-01     4.70400e-01     2.77384e-01     5.86927e+01 
 4       582     3.42891e+10     2.99726e-01     6.70400e-01     4.20242e-01     4.64313e+00 
 4       583     1.92822e+07     4.66392e-01     8.70400e-01     5.63099e-01     1.00977e+01 
 4       584     1.92822e+09     4.04664e-02     1.10400e-01     7.05956e-01     1.55522e+01 
 4       585     1.92822e+08     2.07133e-01     3.10400e-01     8.48813e-01     2.10068e+01 
 4       586     1.92822e+10     3.73800e-01     5.10400e-01     9.91670e-01     2.64613e+01 
 4       587     6.09756e+07     9.60219e-02     7.10400e-01     1.49938e-02     3.19159e+01 
 4       588     6.09756e+09     2.62689e-01     9.10400e-01     1.57851e-01     3.73704e+01 
 4       589     6.09756e+08     4.29355e-01     1.50400e-01     3.00708e-01     4.28249e+01 
 4       590     6.09756e+10     1.51578e-01     3.50400e-01     4.43565e-01     4.82795e+01 
 4       591     1.44596e+07     3.18244e-01     5.50400e-01     5.86422e-01     5.37340e+01 
 4       592     1.44596e+09     4.84911e-01     7.50400e-01     7.29279e-01     5.91886e+01 
 4       593     1.44596e+08     9.60219e-03     9.50400e-01     8.72137e-01     5.13899e+00 
 4       594     1.44596e+10     1.76269e-01     1.90400e-01     3.54019e-02     1.05935e+01 
 4       595     4.57253e+07     3.42936e-01     3.90400e-01     1.78259e-01     1.60481e+01 
 4       596     4.57253e+09     6.51578e-02     5.90400e-01     3.21116e-01     2.15026e+01 
 4       597     4.57253e+08     2.31824e-01     7.90400e-01     4.63973e-01     2.69572e+01 
 4       598     4.57253e+10     3.98491e-01     9.90400e-01     6.06830e-01     3.24117e+01 
 4       599     2.57132e+07     1.20713e-01     3.84000e-02     7.49688e-01     3.78663e+01 
 4       600     2.57132e+09     2.87380e-01     2.38400e-01     8.92545e-01     4.33208e+01 
 4       601     2.57132e+08     4.54047e-01     4.38400e-01     5.58101e-02     4.87754e+01 
 4       602     2.57132e+10     2.81207e-02     6.38400e-01     1.98667e-01     5.42299e+01 
 4       603     8.13123e+07     1.94787e-01     8.38400e-01     3.41524e-01     5.96844e+01 
 4       604     8.13123e+09     3.61454e-01     7.84000e-02     4.84382e-01     2.25394e-01 
 4       605     8.13123e+08     8.36763e-02     2.78400e-01     6.27239e-01     5.67994e+00 
 4       606     8.13123e+10     2.50343e-01     4.78400e-01     7.70096e-01     1.11345e+01 
 4       607     1.25215e+07     4.17010e-01     6.78400e-01     9.12953e-01     1.65890e+01 
 4       608     1.25215e+09     1.39232e-01     8.78400e-01     7.62182e-02     2.20436e+01 
 4       609     1.25215e+08     3.05898e-01     1.18400e-01     2.19075e-01     2.74981e+01 
 4       610     1.25215e+10     4.72565e-01     3.18400e-01     3.61933e-01     3.29527e+01 
 4       611     3.95964e+07     4.66392e-02     5.18400e-01     5.04790e-01     3.84072e+01 
 4       612     3.95964e+09     2.13306e-01     7.18400e-01     6.47647e-01     4.38618e+01 
 4       613     3.95964e+08     3.79973e-01     9.18400e-01     7.90504e-01     4.93163e+01 
 4       614     3.95964e+10     1.02195e-01     1.58400e-01     9.33361e-01     5.47708e+01 
 4       615     2.22667e+07     2.68861e-01     3.58400e-01     9.66264e-02     7.21262e-01 
 4       616     2.22667e+09     4.35528e-01     5.58400e-01     2.39484e-01     6.17581e+00 
 4       617     2.22667e+08     1.57750e-01     7.58400e-01     3.82341e-01     1.16304e+01 
 4       618     2.22667e+10     3.24417e-01     9.58400e-01     5.25198e-01     1.70849e+01 
 4       619     7.04136e+07     4.91084e-01     1.98400e-01     6.68055e-01     2.25394e+01 
 4       620     7.04136e+09     1.57750e-02     3.98400e-01     8.10912e-01     2.79940e+01 
 4       621     7.04136e+08     1.82442e-01     5.98400e-01     9.53769e-01     3.34485e+01 
 4       622     7.04136e+10     3.49108e-01     7.98400e-01     1.17035e-01     3.89031e+01 
 4       623     1.66977e+07     7.13306e-02     9.98400e-01     2.59892e-01     4.43576e+01 
 4       624     1.66977e+09     2.37997e-01     3.20000e-04     4.02749e-01     4.98122e+01 
 4       625     1.66977e+08     4.04664e-01     2.00320e-01     5.45606e-01     5.52667e+01 
 4       626     1.66977e+10     1.26886e-01     4.00320e-01     6.88463e-01     1.21713e+00 
 4       627     5.28027e+07     2.93553e-01     6.00320e-01     8.31320e-01     6.67168e+00 
 4       628     5.28027e+09     4.60219e-01     8.00320e-01     9.74177e-01     1.21262e+01 
 4       629     5.28027e+08     3.42936e-02     4.03200e-02     1.37443e-01     1.75808e+01 
 4       630     5.28027e+10     2.00960e-01     2.40320e-01     2.80300e-01     2.30353e+01 
 4       631     2.96931e+07     3.67627e-01     4.40320e-01     4.23157e-01     2.84899e+01 
 4       632     2.96931e+09     8.98491e-02     6.40320e-01     5.66014e-01     3.39444e+01 
 4       633     2.96931e+08     2.56516e-01     8.40320e-01     7.08871e-01     3.93989e+01 
 4       634     2.96931e+10     4.23182e-01     8.03200e-02     8.51728e-01     4.48535e+01 
 4       635     9.38980e+07     1.45405e-01     2.80320e-01     9.94586e-01     5.03080e+01 
 4       636     9.38980e+09     3.12071e-01     4.80320e-01     1.79092e-02     5.57626e+01 
 4       637     9.38980e+08     4.78738e-01     6.80320e-01     1.60766e-01     1.71300e+00 
 4       638     9.38980e+10     5.28121e-02     8.80320e-01     3.03623e-01     7.16754e+00 
 4       639     1.04600e+07     2.19479e-01     1.20320e-01     4.46481e-01     1.26221e+01 
 4       640     1.04600e+09     3.86145e-01     3.20320e-01     5.89338e-01     1.80766e+01 
 4       641     1.04600e+08     1.08368e-01     5.20320e-01     7.32195e-01     2.35312e+01 
 4       642     1.04600e+10     2.75034e-01     7.20320e-01     8.75052e-01     2.89857e+01 
 4       643     3.30774e+07     4.41701e-01     9.20320e-01     3.83174e-02     3.44403e+01 
 4       644     3.30774e+09     1.63923e-01     1.60320e-01     1.81175e-01     3.98948e+01 
 4       645     3.30774e+08     3.30590e-01     3.60320e-01     3.24032e-01     4.53494e+01 
 4       646     3.30774e+10     4.97257e-01     5.60320e-01     4.66889e-01     5.08039e+01 
 4       647     1.86008e+07     5.48697e-03     7.60320e-01     6.09746e-01     5.62585e+01 
 4       648     1.86008e+09     1.72154e-01     9.60320e-01     7.52603e-01     2.20887e+00 
 4       649     1.86008e+08     3.38820e-01     8.32000e-03     8.95460e-01     7.66341e+00 
 4       650     1.86008e+10     6.10425e-02     2.08320e-01     5.87255e-02     1.31180e+01 
 4       651     5.88208e+07     2.27709e-01     4.08320e-01     2.01583e-01     1.85725e+01 
 4       652     5.88208e+09     3.94376e-01     6.08320e-01     3.44440e-01     2.40270e+01 
 4       653     5.88208e+08     1.16598e-01     8.08320e-01     4.87297e-01     2.94816e+01 
 4       654     5.88208e+10     2.83265e-01     4.83200e-02     6.30154e-01     3.49361e+01 
 4       655     1.39486e+07     4.49931e-01     2.48320e-01     7.73011e-01     4.03907e+01 
 4       656     1.39486e+09     2.40055e-02     4.48320e-01     9.15868e-01     4.58452e+01 
 4       657     1.39486e+08     1.90672e-01     6.48320e-01     7.91337e-02     5.12998e+01 
 4       658     1.39486e+10     3.57339e-01     8.48320e-01     2.21991e-01     5.67543e+01 
 4       659     4.41094e+07     7.95610e-02     8.83200e-02     3.64848e-01     2.70473e+00 
 4       660     4.41094e+09     2.46228e-01     2.88320e-01     5.07705e-01     8.15928e+00 
 4       661     4.41094e+08     4.12894e-01     4.88320e-01     6.50562e-01     1.36138e+01 
 4       662     4.41094e+10     1.35117e-01     6.88320e-01     7.93419e-01     1.90684e+01 
 4       663     2.48045e+07     3.01783e-01     8.88320e-01     9.36277e-01     2.45229e+01 
 4       664     2.48045e+09     4.68450e-01     1.28320e-01     9.95419e-02     2.99775e+01 
 4       665     2.48045e+08     4.25240e-02     3.28320e-01     2.42399e-01     3.54320e+01 
 4       666     2.48045e+10     2.09191e-01     5.28320e-01     3.85256e-01     4.08866e+01 
 4       667     7.84389e+07     3.75857e-01     7.28320e-01     5.28113e-01     4.63411e+01 
 4       668     7.84389e+09     9.80796e-02     9.28320e-01     6.70970e-01     5.17956e+01 
 4       669     7.84389e+08     2.64746e-01     1.68320e-01     8.13828e-01     5.72502e+01 
 4       670     7.84389e+10     4.31413e-01     3.68320e-01     9.56685e-01     3.20060e+00 
 4       671     1.20790e+07     1.53635e-01     5.68320e-01     1.19950e-01     8.65515e+00 
 4       672     1.20790e+09     3.20302e-01     7.68320e-01     2.62807e-01     1.41097e+01 
 4       673     1.20790e+08     4.86968e-01     9.68320e-01     4.05664e-01     1.95642e+01 
 4       674     1.20790e+10     1.16598e-02     1.63200e-02     5.48521e-01     2.50188e+01 
 4       675     3.81972e+07     1.78326e-01     2.16320e-01     6.91379e-01     3.04733e+01 
 4       676     3.81972e+09     3.44993e-01     4.16320e-01     8.34236e-01     3.59279e+01 
 4       677     3.81972e+08     6.72154e-02     6.16320e-01     9.77093e-01     4.13824e+01 
 4       678     3.81972e+10     2.33882e-01     8.16320e-01     1.40358e-01     4.68370e+01 
 4       679     2.14799e+07     4.00549e-01     5.63200e-02     2.83215e-01     5.22915e+01 
 4       680     2.14799e+09     1.22771e-01     2.56320e-01     4.26072e-01     5.77461e+01 
 4       681     2.14799e+08     2.89438e-01     4.56320e-01     5.68930e-01     3.69647e+00 
 4       682     2.14799e+10     4.56104e-01     6.56320e-01     7.11787e-01     9.15101e+00 
 4       683     6.79253e+07     3.01783e-02     8.56320e-01     8.54644e-01     1.46056e+01 
 4       684     6.79253e+09     1.96845e-01     9.63200e-02     9.97501e-01     2.00601e+01 
 4       685     6.79253e+08     3.63512e-01     2.96320e-01     8.32986e-04     2.55147e+01 
 4       686     6.79253e+10     8.57339e-02     4.96320e-01     1.43690e-01     3.09692e+01 
 4       687     1.61076e+07     2.52401e-01     6.96320e-01     2.86547e-01     3.64237e+01 
 4       688     1.61076e+09     4.19067e-01     8.96320e-01     4.29404e-01     4.18783e+01 
 4       689     1.61076e+08     1.41289e-01     1.36320e-01     5.72262e-01     4.73328e+01 
 4       690     1.61076e+10     3.07956e-01     3.36320e-01     7.15119e-01     5.27874e+01 
 4       691     5.09368e+07     4.74623e-01     5.36320e-01     8.57976e-01     5.82419e+01 
 4       692     5.09368e+09     4.86968e-02     7.36320e-01     2.12411e-02     4.19234e+00 
 4       693     5.09368e+08     2.15364e-01     9.36320e-01     1.64098e-01     9.64688e+00 
 4       694     5.09368e+10     3.82030e-01     1.76320e-01     3.06955e-01     1.51014e+01 
 4       695     2.86438e+07     1.04252e-01     3.76320e-01     4.49813e-01     2.05560e+01 
 4       696     2.86438e+09     2.70919e-01     5.76320e-01     5.92670e-01     2.60105e+01 
 4       697     2.86438e+08     4.37586e-01     7.76320e-01     7.35527e-01     3.14651e+01 
 4       698     2.86438e+10     1.59808e-01     9.76320e-01     8.78384e-01     3.69196e+01 
 4       699     9.05798e+07     3.26475e-01     2.43200e-02     4.16493e-02     4.23742e+01 
 4       700     9.05798e+09     4.93141e-01     2.24320e-01     1.84506e-01     4.78287e+01 
 4       701     9.05798e+08     1.78326e-02     4.24320e-01     3.27364e-01     5.32832e+01 
 4       702     9.05798e+10     1.84499e-01     6.24320e-01     4.70221e-01     5.87378e+01 
 4       703     1.12404e+07     3.51166e-01     8.24320e-01     6.13078e-01     4.68820e+00 
 4       704     1.12404e+09     7.33882e-02     6.43200e-02     7.55935e-01     1.01427e+01 
 4       705     1.12404e+08     2.40055e-01     2.64320e-01     8.98792e-01     1.55973e+01 
 4       706     1.12404e+10     4.06722e-01     4.64320e-01     6.20575e-02     2.10518e+01 
 4       707     3.55452e+07     1.28944e-01     6.64320e-01     2.04915e-01     2.65064e+01 
 4       708     3.55452e+09     2.95610e-01     8.64320e-01     3.47772e-01     3.19609e+01 
 4       709     3.55452e+08     4.62277e-01     1.04320e-01     4.90629e-01     3.74155e+01 
 4       710     3.55452e+10     3.63512e-02     3.04320e-01     6.33486e-01     4.28700e+01 
 4       711     1.99885e+07     2.03018e-01     5.04320e-01     7.76343e-01     4.83246e+01 
 4       712     1.99885e+09     3.69684e-01     7.04320e-01     9.19200e-01     5.37791e+01 
 4       713     1.99885e+08     9.19067e-02     9.04320e-01     8.24656e-02     5.92337e+01 
 4       714     1.99885e+10     2.58573e-01     1.44320e-01     2.25323e-01     5.18407e+00 
 4       715     6.32093e+07     4.25240e-01     3.44320e-01     3.68180e-01     1.06386e+01 
 4       716     6.32093e+09     1.47462e-01     5.44320e-01     5.11037e-01     1.60932e+01 
 4       717     6.32093e+08     3.14129e-01     7.44320e-01     6.53894e-01     2.15477e+01 
 4       718     6.32093e+10     4.80796e-01     9.44320e-01     7.96751e-01     2.70023e+01 
 4       719     1.49893e+07     5.48697e-02     1.84320e-01     9.39608e-01     3.24568e+01 
 4       720     1.49893e+09     2.21536e-01     3.84320e-01     1.02874e-01     3.79113e+01 
 4       721     1.49893e+08     3.88203e-01     5.84320e-01     2.45731e-01     4.33659e+01 
 4       722     1.49893e+10     1.10425e-01     7.84320e-01     3.88588e-01     4.88204e+01 
 4       723     4.74003e+07     2.77092e-01     9.84320e-01     5.31445e-01     5.42750e+01 
 4       724     4.74003e+09     4.43759e-01     3.23200e-02     6.74302e-01     5.97295e+01 
 4       725     4.74003e+08     1.65981e-01     2.32320e-01     8.17160e-01     2.70473e-01 
 4       726     4.74003e+10     3.32647e-01     4.32320e-01     9.60017e-01     5.72502e+00 
 4       727     2.66552e+07     4.99314e-01     6.32320e-01     1.23282e-01     1.11796e+01 
 4       728     2.66552e+09     2.28624e-04     8.32320e-01     2.66139e-01     1.66341e+01 
 4       729     2.66552e+08     1.66895e-01     7.23200e-02     4.08996e-01     2.20887e+01 
 4       730     2.66552e+10     3.33562e-01     2.72320e-01     5.51853e-01     2.75432e+01 
 4       731     8.42910e+07     5.57842e-02     4.72320e-01     6.94711e-01     3.29977e+01 
 4       732     8.42910e+09     2.22451e-01     6.72320e-01     8.37568e-01     3.84523e+01 
 4       733     8.42910e+08     3.89118e-01     8.72320e-01     9.80425e-01     4.39068e+01 
 4       734     8.42910e+10     1.11340e-01     1.12320e-01     3.74844e-03     4.93614e+01 
 4       735     1.29802e+07     2.78006e-01     3.12320e-01     1.46606e-01     5.48159e+01 
 4       736     1.29802e+09     4.44673e-01     5.12320e-01     2.89463e-01     7.66341e-01 
 4       737     1.29802e+08     1.87471e-02     7.12320e-01     4.32320e-01     6.22089e+00 
 4       738     1.29802e+10     1.85414e-01     9.12320e-01     5.75177e-01     1.16754e+01 
 4       739     4.10470e+07     3.52080e-01     1.52320e-01     7.18034e-01     1.71300e+01 
 4       740     4.10470e+09     7.43027e-02     3.52320e-01     8.60891e-01     2.25845e+01 
 4       741     4.10470e+08     2.40969e-01     5.52320e-01     2.41566e-02     2.80391e+01 
 4       742     4.10470e+10     4.07636e-01     7.52320e-01     1.67014e-01     3.34936e+01 
 4       743     2.30824e+07     1.29858e-01     9.52320e-01     3.09871e-01     3.89482e+01 
 4       744     2.30824e+09     2.96525e-01     1.92320e-01     4.52728e-01     4.44027e+01 
 4       745     2.30824e+08     4.63192e-01     3.92320e-01     5.95585e-01     4.98573e+01 
 4       746     2.30824e+10     3.72657e-02     5.92320e-01     7.38442e-01     5.53118e+01 
 4       747     7.29930e+07     2.03932e-01     7.92320e-01     8.81299e-01     1.26221e+00 
 4       748     7.29930e+09     3.70599e-01     9.92320e-01     4.45648e-02     6.71675e+00 
 4       749     7.29930e+08     9.28212e-02     1.92000e-03     1.87422e-01     1.21713e+01 
 4       750     7.29930e+10     2.59488e-01     2.01920e-01     3.30279e-01     1.76258e+01 
 4       751     1.73094e+07     4.26155e-01     4.01920e-01     4.73136e-01     2.30804e+01 
 4       752     1.73094e+09     1.48377e-01     6.01920e-01     6.15993e-01     2.85349e+01 
 4       753     1.73094e+08     3.15043e-01     8.01920e-01     7.58850e-01     3.39895e+01 
 4       754     1.73094e+10     4.81710e-01     4.19200e-02     9.01708e-01     3.94440e+01 
 4       755     5.47370e+07     6.40146e-03     2.41920e-01     6.49729e-02     4.48986e+01 
 4       756     5.47370e+09     1.73068e-01     4.41920e-01     2.07830e-01     5.03531e+01 
 4       757     5.47370e+08     3.39735e-01     6.41920e-01     3.50687e-01     5.58077e+01 
 4       758     5.47370e+10     6.19570e-02     8.41920e-01     4.93544e-01     1.75808e+00 
 4       759     3.07809e+07     2.28624e-01     8.19200e-02     6.36401e-01     7.21262e+00 
 4       760     3.07809e+09     3.95290e-01     2.81920e-01     7.79259e-01     1.26672e+01 
 4       761     3.07809e+08     1.17513e-01     4.81920e-01     9.22116e-01     1.81217e+01 
 4       762     3.07809e+10     2.84179e-01     6.81920e-01     8.53811e-02     2.35763e+01 
 4       763     9.73377e+07     4.50846e-01     8.81920e-01     2.28238e-01     2.90308e+01 
 4       764     9.73377e+09     2.49200e-02     1.21920e-01     3.71095e-01     3.44853e+01 
 4       765     9.73377e+08     1.91587e-01     3.21920e-01     5.13953e-01     3.99399e+01 
 4       766     9.73377e+10     3.58253e-01     5.21920e-01     6.56810e-01     4.53944e+01 
 4       767     1.02735e+07     8.04755e-02     7.21920e-01     7.99667e-01     5.08490e+01 
 4       768     1.02735e+09     2.47142e-01     9.21920e-01     9.42524e-01     5.63035e+01 
 4       769     1.02735e+08     4.13809e-01     1.61920e-01     1.05789e-01     2.25394e+00 
 4       770     1.02735e+10     1.36031e-01     3.61920e-01     2.48646e-01     7.70849e+00 
 4       771     3.24877e+07     3.02698e-01     5.61920e-01     3.91504e-01     1.31630e+01 
 4       772     3.24877e+09     4.69364e-01     7.61920e-01     5.34361e-01     1.86176e+01 
 4       773     3.24877e+08     4.34385e-02     9.61920e-01     6.77218e-01     2.40721e+01 
 4       774     3.24877e+10     2.10105e-01     9.92000e-03     8.20075e-01     2.95267e+01 
 4       775     1.82692e+07     3.76772e-01     2.09920e-01     9.62932e-01     3.49812e+01 
 4       776     1.82692e+09     9.89941e-02     4.09920e-01     1.26197e-01     4.04358e+01 
 4       777     1.82692e+08     2.65661e-01     6.09920e-01     2.69055e-01     4.58903e+01 
 4       778     1.82692e+10     4.32327e-01     8.09920e-01     4.11912e-01     5.13449e+01 
 4       779     5.77722e+07     1.54550e-01     4.99200e-02     5.54769e-01     5.67994e+01 
 4       780     5.77722e+09     3.21216e-01     2.49920e-01     6.97626e-01     2.74981e+00 
 4       781     5.77722e+08     4.87883e-01     4.49920e-01     8.40483e-01     8.20436e+00 
 4       782     5.77722e+10     1.25743e-02     6.49920e-01     9.83340e-01     1.36589e+01 
 4       783     1.36999e+07     1.79241e-01     8.49920e-01     6.66389e-03     1.91134e+01 
 4       784     1.36999e+09     3.45908e-01     8.99200e-02     1.49521e-01     2.45680e+01 
 4       785     1.36999e+08     6.81299e-02     2.89920e-01     2.92378e-01     3.00225e+01 
 4       786     1.36999e+10     2.34797e-01     4.89920e-01     4.35235e-01     3.54771e+01 
 4       787     4.33230e+07     4.01463e-01     6.89920e-01     5.78092e-01     4.09316e+01 
 4       788     4.33230e+09     1.23685e-01     8.89920e-01     7.20950e-01     4.63862e+01 
 4       789     4.33230e+08     2.90352e-01     1.29920e-01     8.63807e-01     5.18407e+01 
 4       790     4.33230e+10     4.57019e-01     3.29920e-01     2.70721e-02     5.72953e+01 
 4       791     2.43623e+07     3.10928e-02     5.29920e-01     1.69929e-01     3.24568e+00 
 4       792     2.43623e+09     1.97759e-01     7.29920e-01     3.12786e-01     8.70023e+00 
 4       793     2.43623e+08     3.64426e-01     9.29920e-01     4.55643e-01     1.41548e+01 
 4       794     2.43623e+10     8.66484e-02     1.69920e-01     5.98501e-01     1.96093e+01 
 4       795     7.70404e+07     2.53315e-01     3.69920e-01     7.41358e-01     2.50639e+01 
 4       796     7.70404e+09     4.19982e-01     5.69920e-01     8.84215e-01     3.05184e+01 
 4       797     7.70404e+08     1.42204e-01     7.69920e-01     4.74802e-02     3.59730e+01 
 4       798     7.70404e+10     3.08871e-01     9.69920e-01     1.90337e-01     4.14275e+01 
 4       799     1.18637e+07     4.75537e-01     1.79200e-02     3.33195e-01     4.68820e+01 
 4       800     1.18637e+09     4.96113e-02     2.17920e-01     4.76052e-01     5.23366e+01 
 4       801     1.18637e+08     2.16278e-01     4.17920e-01     6.18909e-01     5.77911e+01 
 4       802     1.18637e+10     3.82945e-01     6.17920e-01     7.61766e-01     3.74155e+00 
 4       803     3.75162e+07     1.05167e-01     8.17920e-01     9.04623e-01     9.19609e+00 
 4       804     3.75162e+09     2.71834e-01     5.79200e-02     6.78884e-02     1.46506e+01 
 4       805     3.75162e+08     4.38500e-01     2.57920e-01     2.10746e-01     2.01052e+01 
 4       806     3.75162e+10     1.60722e-01     4.57920e-01     3.53603e-01     2.55597e+01 
 4       807     2.10969e+07     3.27389e-01     6.57920e-01     4.96460e-01     3.10143e+01 
 4       808     2.10969e+09     4.94056e-01     8.57920e-01     6.39317e-01     3.64688e+01 
 4       809     2.10969e+08     2.28624e-03     9.79200e-02     7.82174e-01     4.19234e+01 
 4       810     2.10969e+10     1.68953e-01     2.97920e-01     9.25031e-01     4.73779e+01 
 4       811     6.67143e+07     3.35620e-01     4.97920e-01     8.82965e-02     5.28325e+01 
 4       812     6.67143e+09     5.78418e-02     6.97920e-01     2.31154e-01     5.82870e+01 
 4       813     6.67143e+08     2.24508e-01     8.97920e-01     3.74011e-01     4.23742e+00 
 4       814     6.67143e+10     3.91175e-01     1.37920e-01     5.16868e-01     9.69196e+00 
 4       815     1.58204e+07     1.13397e-01     3.37920e-01     6.59725e-01     1.51465e+01 
 4       816     1.58204e+09     2.80064e-01     5.37920e-01     8.02582e-01     2.06011e+01 
 4       817     1.58204e+08     4.46731e-01     7.37920e-01     9.45439e-01     2.60556e+01 
 4       818     1.58204e+10     2.08048e-02     9.37920e-01     1.08705e-01     3.15101e+01 
 4       819     5.00286e+07     1.87471e-01     1.77920e-01     2.51562e-01     3.69647e+01 
 4       820     5.00286e+09     3.54138e-01     3.77920e-01     3.94419e-01     4.24192e+01 
 4       821     5.00286e+08     7.63603e-02     5.77920e-01     5.37276e-01     4.78738e+01 
 4       822     5.00286e+10     2.43027e-01     7.77920e-01     6.80133e-01     5.33283e+01 
 4       823     2.81332e+07     4.09694e-01     9.77920e-01     8.22990e-01     5.87829e+01 
 4       824     2.81332e+09     1.31916e-01     2.59200e-02     9.65848e-01     4.73328e+00 
 4       825     2.81332e+08     2.98583e-01     2.25920e-01     1.29113e-01     1.01878e+01 
 4       826     2.81332e+10     4.65249e-01     4.25920e-01     2.71970e-01     1.56424e+01 
 4       827     8.89649e+07     3.93233e-02     6.25920e-01     4.14827e-01     2.10969e+01 
 4       828     8.89649e+09     2.05990e-01     8.25920e-01     5.57684e-01     2.65515e+01 
 4       829     8.89649e+08     3.72657e-01     6.59200e-02     7.00541e-01     3.20060e+01 
 4       830     8.89649e+10     9.48788e-02     2.65920e-01     8.43399e-01     3.74606e+01 
 4       831     1.10400e+07     2.61545e-01     4.65920e-01     9.86256e-01     4.29151e+01 
 4       832     1.10400e+09     4.28212e-01     6.65920e-01     9.57934e-03     4.83696e+01 
 4       833     1.10400e+08     1.50434e-01     8.65920e-01     1.52436e-01     5.38242e+01 
 4       834     1.10400e+10     3.17101e-01     1.05920e-01     2.95294e-01     5.92787e+01 
 4       835     3.49115e+07     4.83768e-01     3.05920e-01     4.38151e-01     5.22915e+00 
 4       836     3.49115e+09     8.45908e-03     5.05920e-01     5.81008e-01     1.06837e+01 
 4       837     3.49115e+08     1.75126e-01     7.05920e-01     7.23865e-01     1.61382e+01 
 4       838     3.49115e+10     3.41792e-01     9.05920e-01     8.66722e-01     2.15928e+01 
 4       839     1.96322e+07     6.40146e-02     1.45920e-01     2.99875e-02     2.70473e+01 
 4       840     1.96322e+09     2.30681e-01     3.45920e-01     1.72845e-01     3.25019e+01 
 4       841     1.96322e+08     3.97348e-01     5.45920e-01     3.15702e-01     3.79564e+01 
 4       842     1.96322e+10     1.19570e-01     7.45920e-01     4.58559e-01     4.34110e+01 
 4       843     6.20824e+07     2.86237e-01     9.45920e-01     6.01416e-01     4.88655e+01 
 4       844     6.20824e+09     4.52904e-01     1.85920e-01     7.44273e-01     5.43201e+01 
 4       845     6.20824e+08     2.69776e-02     3.85920e-01     8.87130e-01     5.97746e+01 
 4       846     6.20824e+10     1.93644e-01     5.85920e-01     5.03957e-02     3.15552e-01 
 4       847     1.47221e+07     3.60311e-01     7.85920e-01     1.93253e-01     5.77010e+00 
 4       848     1.47221e+09     8.25332e-02     9.85920e-01     3.36110e-01     1.12246e+01 
 4       849     1.47221e+08     2.49200e-01     3.39200e-02     4.78967e-01     1.66792e+01 
 4       850     1.47221e+10     4.15866e-01     2.33920e-01     6.21824e-01     2.21337e+01 
 4       851     4.65553e+07     1.38089e-01     4.33920e-01     7.64681e-01     2.75883e+01 
 4       852     4.65553e+09     3.04755e-01     6.33920e-01     9.07539e-01     3.30428e+01 
 4       853     4.65553e+08     4.71422e-01     8.33920e-01     7.08038e-02     3.84974e+01 
 4       854     4.65553e+10     4.54961e-02     7.39200e-02     2.13661e-01     4.39519e+01 
 4       855     2.61799e+07     2.12163e-01     2.73920e-01     3.56518e-01     4.94065e+01 
 4       856     2.61799e+09     3.78829e-01     4.73920e-01     4.99375e-01     5.48610e+01 
 4       857     2.61799e+08     1.01052e-01     6.73920e-01     6.42232e-01     8.11420e-01 
 4       858     2.61799e+10     2.67718e-01     8.73920e-01     7.85090e-01     6.26597e+00 
 4       859     8.27883e+07     4.34385e-01     1.13920e-01     9.27947e-01     1.17205e+01 
 4       860     8.27883e+09     1.56607e-01     3.13920e-01     9.12120e-02     1.71751e+01 
 4       861     8.27883e+08     3.23274e-01     5.13920e-01     2.34069e-01     2.26296e+01 
 4       862     8.27883e+10     4.89941e-01     7.13920e-01     3.76926e-01     2.80841e+01 
 4       863     1.27488e+07     1.46319e-02     9.13920e-01     5.19783e-01     3.35387e+01 
 4       864     1.27488e+09     1.81299e-01     1.53920e-01     6.62641e-01     3.89932e+01 
 4       865     1.27488e+08     3.47965e-01     3.53920e-01     8.05498e-01     4.44478e+01 
 4       866     1.27488e+10     7.01875e-02     5.53920e-01     9.48355e-01     4.99023e+01 
 4       867     4.03152e+07     2.36854e-01     7.53920e-01     1.11620e-01     5.53569e+01 
 4       868     4.03152e+09     4.03521e-01     9.53920e-01     2.54477e-01     1.30729e+00 
 4       869     4.03152e+08     1.25743e-01     1.93920e-01     3.97334e-01     6.76183e+00 
 4       870     4.03152e+10     2.92410e-01     3.93920e-01     5.40192e-01     1.22164e+01 
 4       871     2.26709e+07     4.59076e-01     5.93920e-01     6.83049e-01     1.76709e+01 
 4       872     2.26709e+09     3.31504e-02     7.93920e-01     8.25906e-01     2.31255e+01 
 4       873     2.26709e+08     1.99817e-01     9.93920e-01     9.68763e-01     2.85800e+01 
 4       874     2.26709e+10     3.66484e-01     3.52000e-03     1.32028e-01     3.40346e+01 
 4       875     7.16917e+07     8.87060e-02     2.03520e-01     2.74885e-01     3.94891e+01 
 4       876     7.16917e+09     2.55373e-01     4.03520e-01     4.17743e-01     4.49437e+01 
 4       877     7.16917e+08     4.22039e-01     6.03520e-01     5.60600e-01     5.03982e+01 
 4       878     7.16917e+10     1.44262e-01     8.03520e-01     7.03457e-01     5.58527e+01 
 4       879     1.70008e+07     3.10928e-01     4.35200e-02     8.46314e-01     1.80316e+00 
 4       880     1.70008e+09     4.77595e-01     2.43520e-01     9.89171e-01     7.25770e+00 
 4       881     1.70008e+08     5.16690e-02     4.43520e-01     1.24948e-02     1.27122e+01 
 4       882     1.70008e+10     2.18336e-01     6.43520e-01     1.55352e-01     1.81668e+01 
 4       883     5.37612e+07     3.85002e-01     8.43520e-01     2.98209e-01     2.36213e+01 
 4       884     5.37612e+09     1.07225e-01     8.35200e-02     4.41066e-01     2.90759e+01 
 4       885     5.37612e+08     2.73891e-01     2.83520e-01     5.83923e-01     3.45304e+01 
 4       886     5.37612e+10     4.40558e-01     4.83520e-01     7.26781e-01     3.99850e+01 
 4       887     3.02321e+07     1.62780e-01     6.83520e-01     8.69638e-01     4.54395e+01 
 4       888     3.02321e+09     3.29447e-01     8.83520e-01     3.29030e-02     5.08941e+01 
 4       889     3.02321e+08     4.96113e-01     1.23520e-01     1.75760e-01     5.63486e+01 
 4       890     3.02321e+10     4.34385e-03     3.23520e-01     3.18617e-01     2.29902e+00 
 4       891     9.56024e+07     1.71011e-01     5.23520e-01     4.61474e-01     7.75357e+00 
 4       892     9.56024e+09     3.37677e-01     7.23520e-01     6.04332e-01     1.32081e+01 
 4       893     9.56024e+08     5.98994e-02     9.23520e-01     7.47189e-01     1.86627e+01 
 4       894     9.56024e+10     2.26566e-01     1.63520e-01     8.90046e-01     2.41172e+01 
 4       895     1.06499e+07     3.93233e-01     3.63520e-01     5.33111e-02     2.95718e+01 
 4       896     1.06499e+09     1.15455e-01     5.63520e-01     1.96168e-01     3.50263e+01 
 4       897     1.06499e+08     2.82122e-01     7.63520e-01     3.39025e-01     4.04808e+01 
 4       898     1.06499e+10     4.48788e-01     9.63520e-01     4.81883e-01     4.59354e+01 
 4       899     3.36778e+07     2.28624e-02     1.15200e-02     6.24740e-01     5.13899e+01 
 4       900     3.36778e+09     1.89529e-01     2.11520e-01     7.67597e-01     5.68445e+01 
 4       901     3.36778e+08     3.56196e-01     4.11520e-01     9.10454e-01     2.79489e+00 
 4       902     3.36778e+10     7.84179e-02     6.11520e-01     7.37193e-02     8.24944e+00 
 4       903     1.89384e+07     2.45085e-01     8.11520e-01     2.16576e-01     1.37040e+01 
 4       904     1.89384e+09     4.11751e-01     5.15200e-02     3.59434e-01     1.91585e+01 
 4       905     1.89384e+08     1.33973e-01     2.51520e-01     5.02291e-01     2.46131e+01 
 4       906     1.89384e+10     3.00640e-01     4.51520e-01     6.45148e-01     3.00676e+01 
 4       907     5.98885e+07     4.67307e-01     6.51520e-01     7.88005e-01     3.55222e+01 
 4       908     5.98885e+09     4.13809e-02     8.51520e-01     9.30862e-01     4.09767e+01 
 4       909     5.98885e+08     2.08048e-01     9.15200e-02     9.41274e-02     4.64313e+01 
 4       910     5.98885e+10     3.74714e-01     2.91520e-01     2.36985e-01     5.18858e+01 
 4       911     1.42018e+07     9.69364e-02     4.91520e-01     3.79842e-01     5.73403e+01 
 4       912     1.42018e+09     2.63603e-01     6.91520e-01     5.22699e-01     3.29076e+00 
 4       913     1.42018e+08     4.30270e-01     8.91520e-01     6.65556e-01     8.74530e+00 
 4       914     1.42018e+10     1.52492e-01     1.31520e-01     8.08413e-01     1.41998e+01 
 4       915     4.49101e+07     3.19159e-01     3.31520e-01     9.51270e-01     1.96544e+01 
 4       916     4.49101e+09     4.85825e-01     5.31520e-01     1.14536e-01     2.51089e+01 
 4       917     4.49101e+08     1.05167e-02     7.31520e-01     2.57393e-01     3.05635e+01 
 4       918     4.49101e+10     1.77183e-01     9.31520e-01     4.00250e-01     3.60180e+01 
 4       919     2.52548e+07     3.43850e-01     1.71520e-01     5.43107e-01     4.14726e+01 
 4       920     2.52548e+09     6.60722e-02     3.71520e-01     6.85964e-01     4.69271e+01 
 4       921     2.52548e+08     2.32739e-01     5.71520e-01     8.28821e-01     5.23817e+01 
 4       922     2.52548e+10     3.99406e-01     7.71520e-01     9.71678e-01     5.78362e+01 
 4       923     7.98627e+07     1.21628e-01     9.71520e-01     1.34944e-01     3.78663e+00 
 4       924     7.98627e+09     2.88294e-01     1.95200e-02     2.77801e-01     9.24117e+00 
 4       925     7.98627e+08     4.54961e-01     2.19520e-01     4.20658e-01     1.46957e+01 
 4       926     7.98627e+10     2.90352e-02     4.19520e-01     5.63515e-01     2.01503e+01 
 4       927     1.22983e+07     1.95702e-01     6.19520e-01     7.06372e-01     2.56048e+01 
 4       928     1.22983e+09     3.62369e-01     8.19520e-01     8.49229e-01     3.10594e+01 
 4       929     1.22983e+08     8.45908e-02     5.95200e-02     9.92087e-01     3.65139e+01 
 4       930     1.22983e+10     2.51257e-01     2.59520e-01     1.54102e-02     4.19684e+01 
 4       931     3.88905e+07     4.17924e-01     4.59520e-01     1.58267e-01     4.74230e+01 
 4       932     3.88905e+09     1.40146e-01     6.59520e-01     3.01125e-01     5.28775e+01 
 4       933     3.88905e+08     3.06813e-01     8.59520e-01     4.43982e-01     5.83321e+01 
 4       934     3.88905e+10     4.73480e-01     9.95200e-02     5.86839e-01     4.28249e+00 
 4       935     2.18697e+07     4.75537e-02     2.99520e-01     7.29696e-01     9.73704e+00 
 4       936     2.18697e+09     2.14220e-01     4.99520e-01     8.72553e-01     1.51916e+01 
 4       937     2.18697e+08     3.80887e-01     6.99520e-01     3.58184e-02     2.06461e+01 
 4       938     2.18697e+10     1.03109e-01     8.99520e-01     1.78676e-01     2.61007e+01 
 4       939     6.91582e+07     2.69776e-01     1.39520e-01     3.21533e-01     3.15552e+01 
 4       940     6.91582e+09     4.36443e-01     3.39520e-01     4.64390e-01     3.70098e+01 
 4       941     6.91582e+08     1.58665e-01     5.39520e-01     6.07247e-01     4.24643e+01 
 4       942     6.91582e+10     3.25332e-01     7.39520e-01     7.50104e-01     4.79189e+01 
 4       943     1.64000e+07     4.91998e-01     9.39520e-01     8.92961e-01     5.33734e+01 
 4       944     1.64000e+09     1.66895e-02     1.79520e-01     5.62266e-02     5.88279e+01 
 4       945     1.64000e+08     1.83356e-01     3.79520e-01     1.99084e-01     4.77836e+00 
 4       946     1.64000e+10     3.50023e-01     5.79520e-01     3.41941e-01     1.02329e+01 
 4       947     5.18613e+07     7.22451e-02     7.79520e-01     4.84798e-01     1.56875e+01 
 4       948     5.18613e+09     2.38912e-01     9.79520e-01     6.27655e-01     2.11420e+01 
 4       949     5.18613e+08     4.05578e-01     2.75200e-02     7.70512e-01     2.65965e+01 
 4       950     5.18613e+10     1.27801e-01     2.27520e-01     9.13369e-01     3.20511e+01 
 4       951     2.91638e+07     2.94467e-01     4.27520e-01     7.66347e-02     3.75056e+01 
 4       952     2.91638e+09     4.61134e-01     6.27520e-01     2.19492e-01     4.29602e+01 
 4       953     2.91638e+08     3.52080e-02     8.27520e-01     3.62349e-01     4.84147e+01 
 4       954     2.91638e+10     2.01875e-01     6.75200e-02     5.05206e-01     5.38693e+01 
 4       955     9.22240e+07     3.68541e-01     2.67520e-01     6.48063e-01     5.93238e+01 
 4       956     9.22240e+09     9.07636e-02     4.67520e-01     7.90920e-01     5.27423e+00 
 4       957     9.22240e+08     2.57430e-01     6.67520e-01     9.33778e-01     1.07288e+01 
 4       958     9.22240e+10     4.24097e-01     8.67520e-01     9.70429e-02     1.61833e+01 
 4       959     1.14444e+07     1.46319e-01     1.07520e-01     2.39900e-01     2.16379e+01 
 4       960     1.14444e+09     3.12986e-01     3.07520e-01     3.82757e-01     2.70924e+01 
 4       961     1.14444e+08     4.79652e-01     5.07520e-01     5.25614e-01     3.25470e+01 
 4       962     1.14444e+10     5.37266e-02     7.07520e-01     6.68471e-01     3.80015e+01 
 4       963     3.61904e+07     2.20393e-01     9.07520e-01     8.11329e-01     4.34560e+01 
 4       964     3.61904e+09     3.87060e-01     1.47520e-01     9.54186e-01     4.89106e+01 
 4       965     3.61904e+08     1.09282e-01     3.47520e-01     1.17451e-01     5.43651e+01 
 4       966     3.61904e+10     2.75949e-01     5.47520e-01     2.60308e-01     5.98197e+01 
 4       967     2.03514e+07     4.42615e-01     7.47520e-01     4.03165e-01     3.60631e-01 
 4       968     2.03514e+09     1.64838e-01     9.47520e-01     5.46022e-01     5.81518e+00 
 4       969     2.03514e+08     3.31504e-01     1.87520e-01     6.88880e-01     1.12697e+01 
 4       970     2.03514e+10     4.98171e-01     3.87520e-01     8.31737e-01     1.67243e+01 
 4       971     6.43567e+07     9.14495e-04     5.87520e-01     9.74594e-01     2.21788e+01 
 4       972     6.43567e+09     1.67581e-01     7.87520e-01     1.37859e-01     2.76334e+01 
 4       973     6.43567e+08     3.34248e-01     9.87520e-01     2.80716e-01     3.30879e+01 
 4       974     6.43567e+10     5.64701e-02     3.55200e-02     4.23574e-01     3.85424e+01 
 4       975     1.52614e+07     2.23137e-01     2.35520e-01     5.66431e-01     4.39970e+01 
 4       976     1.52614e+09     3.89803e-01     4.35520e-01     7.09288e-01     4.94515e+01 
 4       977     1.52614e+08     1.12026e-01     6.35520e-01     8.52145e-01     5.49061e+01 
 4       978     1.52614e+10     2.78692e-01     8.35520e-01     9.95002e-01     8.56499e-01 
 4       979     4.82607e+07     4.45359e-01     7.55200e-02     1.83257e-02     6.31104e+00 
 4       980     4.82607e+09     1.94330e-02     2.75520e-01     1.61183e-01     1.17656e+01 
 4       981     4.82607e+08     1.86100e-01     4.75520e-01     3.04040e-01     1.72201e+01 
 4       982     4.82607e+10     3.52766e-01     6.75520e-01     4.46897e-01     2.26747e+01 
 4       983     2.71390e+07     7.49886e-02     8.75520e-01     5.89754e-01     2.81292e+01 
 4       984     2.71390e+09     2.41655e-01     1.15520e-01     7.32611e-01     3.35838e+01 
 4       985     2.71390e+08     4.08322e-01     3.15520e-01     8.75469e-01     3.90383e+01 
 4       986     2.71390e+10     1.30544e-01     5.15520e-01     3.87339e-02     4.44929e+01 
 4       987     8.58210e+07     2.97211e-01     7.15520e-01     1.81591e-01     4.99474e+01 
 4       988     8.58210e+09     4.63877e-01     9.15520e-01     3.24448e-01     5.54020e+01 
 4       989     8.58210e+08     3.79515e-02     1.55520e-01     4.67305e-01     1.35237e+00 
 4       990     8.58210e+10     2.04618e-01     3.55520e-01     6.10162e-01     6.80691e+00 
 4       991     1.32158e+07     3.71285e-01     5.55520e-01     7.53020e-01     1.22615e+01 
 4       992     1.32158e+09     9.35071e-02     7.55520e-01     8.95877e-01     1.77160e+01 
 4       993     1.32158e+08     2.60174e-01     9.55520e-01     5.91420e-02     2.31705e+01 
 4       994     1.32158e+10     4.26840e-01     1.95520e-01     2.01999e-01     2.86251e+01 
 4       995     4.17921e+07     1.49063e-01     3.95520e-01     3.44856e-01     3.40796e+01 
 4       996     4.17921e+09     3.15729e-01     5.95520e-01     4.87713e-01     3.95342e+01 
 4       997     4.17921e+08     4.82396e-01     7.95520e-01     6.30571e-01     4.49887e+01 
 4       998     4.17921e+10     7.08733e-03     9.95520e-01     7.73428e-01     5.04433e+01 
 4       999     2.35014e+07     1.73754e-01     5.12000e-03     9.16285e-01     5.58978e+01 
