!OMP_NUM_THREADS description key E nu 
 1 Iter2-Sample00         0     7.3999397467e+00     2.7577119200e-01 
 1 Iter2-Sample01         1     8.0538818925e+00     2.4276405425e-01 
 1 Iter2-Sample02         2     7.0304024272e+00     2.7727262846e-01 
 1 Iter2-Sample03         3     7.4636661009e+00     2.3538560700e-01 
 1 Iter2-Sample04         4     7.8646376109e+00     1.8632725336e-01 
 1 Iter2-Sample05         5     8.0640364610e+00     2.0079494179e-01 
 1 Iter2-Sample06         6     7.5786218611e+00     2.2701270101e-01 
 1 Iter2-Sample07         7     7.7100453120e+00     2.1234753117e-01 
 1 Iter2-Sample08         8     7.3156122967e+00     2.6131580945e-01 
 1 Iter2-Sample09         9     7.4458464007e+00     2.0309859634e-01 
 1 Iter2-Sample10        10     8.5315569401e+00     6.9556769901e-02 
 1 Iter2-Sample11        11     7.3373473164e+00     2.2979837439e-01 
 1 Iter2-Sample12        12     6.8117504296e+00     2.9534612716e-01 
