ID Probability CSE E_m nu 
 1 38.51 8.006     8.0000000000e+00     3.3333333333e-01 
11 25.09 45.716     7.7500000000e+00     7.4074074074e-02 
 3 14.65 68.064     7.5000000000e+00     2.2222222222e-01 
 9 11.22 76.781     8.2500000000e+00     1.8518518519e-01 
 7 10.52 78.725     7.2500000000e+00     4.4444444444e-01 
 5 0.00 207.378     8.5000000000e+00     1.1111111111e-01 
 0 0.00 887.437     9.0000000000e+00     1.6666666667e-01 
 8 0.00 1607.744     9.2500000000e+00     1.8518518519e-02 
 2 0.00 9529.771     1.0000000000e+01     5.5555555556e-02 
 4 0.00 3476.725     9.5000000000e+00     3.8888888889e-01 
 6 0.00 32796.195     1.0500000000e+01     2.7777777778e-01 
10 0.00 19383.577     1.0250000000e+01     3.5185185185e-01 
12 0.00 5630.620     9.7500000000e+00     2.4074074074e-01 
