# f		u
99106.84338004445	0.00019954692753731962
280316.4840640901	0.00039909385507463924
514974.26433602464	0.0005986407826119589
765979.7693278361	0.0007800470803731585
1077966.4784185041	0.0009795940079104781
1423589.0899411503	0.0011791409354477977
1799844.579585834	0.0013786878629851174
2166517.956573681	0.001560094160746317
2595208.275810888	0.0017596410882836366
3048949.627126026	0.0019591880158209563
3482071.038478376	0.002140594313582156
3980147.6341371024	0.0023401412411194755
4499939.444842774	0.002539688168656795
5040574.487953986	0.0027392350961941148
5549494.561142864	0.0029206413939553144
6127838.154622689	0.003120188321492634
6724983.926222788	0.0033197352490299536
7340357.481669307	0.0035192821765672733
7915163.078410339	0.003700688474328473
8563914.16803325	0.0039002354018657925
9229480.886759741	0.004099782329403112
9848784.175525373	0.004281188627164312
10545326.869289309	0.004480735554701631
11257557.528887754	0.004680282482238951
11985137.919218726	0.004879829409776271
12659627.321496608	0.00506123570753747
13415646.707976691	0.00526078263507479
14186143.852636525	0.0054603295626121096
14970851.65783716	0.005659876490149429
15696340.94536793	0.005841282787910629
16507487.090384765	0.0060408297154479484
17332143.652589448	0.006240376642985268
18093371.86262601	0.006421782940746468
18943224.784612242	0.006621329868283787
19805982.155909203	0.006820876795821107
20681453.771851573	0.007020423723358427
21488216.757426992	0.007201830021119626
22387461.947765358	0.007401376948656946
23298912.50677347	0.0076009238761942655
24222407.126863442	0.007800470803731585
25072268.54324168	0.007981877101492785
26018330.668631177	0.008181424029030104
26976001.642119084	0.008380970956567424
27856568.307827007	0.008562377254328624
28836019.608679768	0.008761924181865943
29826688.5564127	0.008961471109403263
30828449.539253335	0.009161018036940582
31748664.3604288	0.009342424334701782
32771266.993503578	0.009541971262239102
33804618.928214215	0.009741518189776421
34848609.48784665	0.009941065117313741
35806833.305298954	0.01012247141507494
36870838.61818907	0.01032201834261226
37945179.0448532	0.01052156527014958
38930737.72260468	0.01070297156791078
40024537.673503034	0.0109025184954481
41128393.805999964	0.011102065422985419
42242215.328696005	0.011301612350522738
43263353.591604866	0.011483018648283938
44395956.48914291	0.011682565575821258
45538274.016043216	0.011882112503358577
46585105.56879016	0.012063518801119777
47745743.43040869	0.012263065728657097
48915863.18588484	0.012462612656194416
50095388.61359518	0.012662159583731736
51175783.754370905	0.012843565881492935
52373060.296863556	0.013043112809030255
53579530.81096158	0.013242659736567575
54795125.760090984	0.013442206664104894
55908072.74159456	0.013623612961866094
57140899.550530545	0.013823159889403414
58382657.14007644	0.014022706816940733
59519223.83637792	0.014204113114701933
60777855.13913212	0.014403660042239252
62045235.39740403	0.014603206969776572
63321304.62728271	0.014802753897313892
64488858.10691942	0.014984160195075091
65781353.17715766	0.015183707122612411
67082369.49547469	0.01538325405014973
68391851.61158562	0.01558280097768705
69589590.47181424	0.01576420727544825
70915084.42662542	0.01596375420298557
72248888.8240524	0.01616330113052289
73468606.49674098	0.01634470742828409
74818134.18168265	0.01654425435582141
76175825.20463973	0.016743801283358728
77541630.77412073	0.016943348210896048
78790273.40420298	0.017124754508657247
80171438.00105406	0.017324301436194567
81560580.03090288	0.017523848363731886
82957653.94204961	0.017723395291269206
84234566.47576728	0.017904801589030406
85646659.35261394	0.018104348516567725
87066555.90630648	0.018303895444105045
88364106.83428946	0.018485301741866245
89798783.45149946	0.018684848669403564
91241141.56337537	0.018884395596940884
92691140.47672506	0.019083942524478203
94015918.03891616	0.019265348822239403
95480393.23954253	0.019464895749776723
96952394.44064596	0.019664442677314042
98431883.35843924	0.019863989604851362
99783339.1501728	0.02004539590261256
101277018.57197286	0.02024494283014988
102778077.57622683	0.0204444897576872
104149050.05103585	0.0206258960554484
105664097.53761429	0.02082544298298572
107186421.02599363	0.02102498991052304
108715985.9050219	0.02122453683806036
110112754.56099477	0.02140594313582156
111656049.56374949	0.02160549006335888
113206488.01116176	0.0218050369908962
114622148.78872693	0.021986443288657398
116186134.12163572	0.022185990216194718
117757168.82310218	0.022385537143732037
119335221.40277392	0.022585084071269357
120775878.39717571	0.022766490369030556
122367242.80598071	0.022966037296567876
123965535.83004789	0.023165584224105196
125570727.56294344	0.023365131151642515
127035954.40795548	0.023546537449403715
128654234.73976023	0.023746084376941035
130279328.93371652	0.023945631304478354
131762576.19993089	0.024127037602239554
133400599.96933849	0.024326584529776873
135045355.80974013	0.024526131457314193
136696816.27836314	0.024725678384851513
138203939.22443888	0.024907084682612712
139868124.4321574	0.025106631610150032
141538936.30339998	0.02530617853768735
143216348.65941864	0.02550572546522467
144746974.90100807	0.02568713176298587
146436916.5967116	0.02588667869052319
148133384.34961665	0.02608622561806051
149681269.81908318	0.02626763191582171
151390127.202558	0.02646717884335903
153105438.67795807	0.02666672577089635
154827180.0516351	0.02686627269843367
156397959.0099062	0.027047678996194868
158131909.43460914	0.027247225923732188
159872220.89363965	0.027446772851269507
161618870.22111797	0.027646319778806827
163212213.76254505	0.027827726076568027
164970899.2341418	0.028027273004105346
166735856.59503058	0.028226819931642666
168345787.14265132	0.028408226229403866
170122656.63665873	0.028607773156941185
171905734.05941594	0.028807320084478505
173694997.87228686	0.029006867012015825
175326951.75256753	0.029188273309777024
177127966.93926618	0.029387820237314344
178935107.1104643	0.029587367164851663
180748351.57652825	0.029786914092388983
182402035.51351914	0.029968320390150183
184226876.9319034	0.030167867317687502
186057763.6287817	0.030367414245224822
187727435.23849064	0.03054882054298602
189569807.84029102	0.03074836747052334
191418168.38349316	0.03094791439806066
193272497.53205848	0.03114746132559798
194963414.55412337	0.03132886762335918
196829085.29045838	0.0315284145508965
198700669.4294356	0.03172796147843382
200407225.34499615	0.03190936777619502
202290047.1350687	0.03210891470373234
204178728.62895945	0.03230846163126966
206073251.7028067	0.03250800855880698
207800599.43268636	0.03268941485656818
209706224.888962	0.0328889617841055
211617640.14237127	0.03308850871164282
213534827.7080835	0.033288055639180136
215282719.94294813	0.033469461936941336
217210879.3924923	0.033669008864478656
219144761.1762241	0.033868555792015975
220907786.9779677	0.034049962089777175
222852546.46261606	0.034249509017314494
224802979.5794313	0.034449055944851814
226759069.87208876	0.034648602872389134
228542229.16359922	0.03483000917015033
230509074.33578768	0.03502955609768765
232481529.6130278	0.03522910302522497
234459579.0840713	0.03542864995276229
236262647.0634786	0.03561005625052349
238251332.6612963	0.03580960317806081
240245566.92428428	0.03600915010559813
242063309.1633132	0.03619055640335933
244068093.68835887	0.03639010333089665
246078382.44376633	0.03658965025843397
248094160.39984736	0.03678919718597129
249931436.6240745	0.03697060348373249
251957652.66963464	0.03717015041126981
253989314.8834304	0.03736969733880713
256026408.70515397	0.03756924426634445
257883013.401676	0.03775065056410565
259930436.64383003	0.03795019749164297
261983249.79159886	0.03814974441918029
263854108.8737371	0.03833115071694149
265917172.7391851	0.038530697644478806
267985585.75395674	0.038730244572016126
270059334.12015486	0.038929791499553446
271949178.23484194	0.039111197797314645
274033074.340368	0.039310744724851965
276122266.25709105	0.039510291652389284
278216740.5947366	0.039709838579926604
280125380.90897334	0.039891244877687804
282229903.0500972	0.04009079180522512
284339669.2286814	0.04029033873276244
286262178.1500058	0.04047174503052364
288381919.6481824	0.04067129195806096
290506867.6250952	0.04087083888559828
292637009.355115	0.0410703858131356
294577998.18089837	0.0412517921108968
296718020.2555415	0.04145133903843412
298863199.58721536	0.04165088596597144
301013523.8069597	0.04185043289350876
302972818.2437314	0.04203183919126996
305132930.4952698	0.04223138611880728
307298152.1522685	0.0424309330463446
309270959.1350134	0.0426123393441058
311445901.7808374	0.04281188627164312
313625919.07366717	0.04301143319918044
315810999.2281141	0.04321098012671776
317801819.274614	0.04339238642447896
319996532.4607396	0.04359193335201628
322196274.68504965	0.043791480279553596
324200394.73072886	0.043972886577314796
326409706.0580248	0.044172433504852116
328624013.2690334	0.044371980432389435
330843305.1174496	0.044571527359926755
332865159.27199763	0.044752933657687954
335093936.28985363	0.044952480585225274
337327665.65546757	0.045152027512762594
339566336.4133526	0.04535157444029991
341605770.4736192	0.04553298073806111
343853844.63798493	0.04573252766559843
346106828.7328389	0.04593207459313575
348159247.7895548	0.04611348089089695
350421575.7979388	0.04631302781843427
352688782.86842823	0.04651257474597159
354960858.5237184	0.04671212167350891
357030597.89061683	0.04689352797127011
359311939.2654816	0.04709307489880743
361598119.1252799	0.04729262182634475
363889127.2514014	0.04749216875388207
365976043.1837435	0.04767357505164327
368276240.76628786	0.04787312197918059
370581237.25243556	0.04807266890671791
372680844.5503213	0.04825407520447911
374994974.9454311	0.04845362213201643
377313875.41069275	0.04865316905955375
379637536.15399116	0.04885271598709107
381754077.64092076	0.049034122284852266
384086799.2132236	0.049233669212389586
386424252.9166927	0.049433216139926905
388766429.19054013	0.049632763067464225
390899770.4491769	0.049814169365225425
393250936.19859993	0.050013716292762744
395606797.0312894	0.050213263220300064
397752555.0840862	0.050394669518061264
400117353.3727698	0.05059421644559858
402486819.7320444	0.0507937633731359
404860944.9834265	0.05099331030067322
407023275.8276742	0.05117471659843442
409406270.03496724	0.05137426352597174
411793896.7380658	0.05157381045350906
414186146.96633464	0.05177335738104638
416364924.5452202	0.05195476367880758
418765976.780594	0.0521543106063449
421171626.73811996	0.05235385753388222
423362563.6227481	0.05253526383164342
425776966.73743284	0.05273481075918074
428195942.19849116	0.05293435768671806
430619481.37955594	0.05313390461425538
432826651.850941	0.05331531091201658
435258879.809797	0.0535148578395539
437695646.668701	0.05371440476709122
439914820.88071126	0.05389581106485242
442360229.5185615	0.054095357992389737
444810152.6370998	0.054294904919927056
447264581.9327565	0.054494451847464376
449499784.6617527	0.054675858145225575
451962793.76617235	0.054875405072762895
454430285.1499371	0.055074952000300215
456902250.6855804	0.055274498927837534
459153367.8073008	0.055455905225598734
461633852.4958558	0.055655452153136054
464118787.94179505	0.05585499908067337
466381675.69602424	0.05603640537843457
468875085.9813558	0.05623595230597189
471372923.9927578	0.05643549923350921
473875181.8954073	0.05663504616104653
476153790.69102335	0.05681645245880773
478664464.9613297	0.05701599938634505
481179536.5650079	0.05721554631388237
483698997.82719076	0.05741509324141969
485993219.93898773	0.05759649953918089
488521040.29090226	0.05779604646671821
491053228.200883	0.05799559339425553
493359000.9108309	0.05817699969201673
495899506.0360285	0.05837654661955405
498444356.94933283	0.05857609354709137
500993546.2421669	0.05877564047462869
503314749.56028664	0.05895704677238989
505872200.77783304	0.05915659369992721
508433969.0362395	0.059356140627464526
511000047.0727367	0.059555687555001846
513336579.0964388	0.059737093852763046
515910864.8553554	0.059936640780300365
518489439.4709279	0.060136187707837685
520837313.95409405	0.060317594005598885
523424056.64076656	0.060517140933136204
526015067.5644159	0.060716687860673524
528610339.70541644	0.060916234788210843
530973369.88758075	0.06109764108597204
533576757.7120486	0.06129718801350936
536184386.5284021	0.06149673494104668
538796249.4503671	0.061696281868584
541174338.7452842	0.0618776881663452
543794265.9583253	0.06207723509388252
546418407.4333228	0.06227678202141984
548807641.9100598	0.06245818831918104
551439810.0580187	0.06265773524671836
554076172.9006884	0.06285728217425568
556716723.774514	0.063056829101793
559120853.2296498	0.0632382353995542
561769381.0462617	0.06343778232709152
564422077.6882344	0.06363732925462884
566837232.1609093	0.06381873555239004
569497869.3312654	0.06401828247992736
572162656.3830137	0.06421782940746468
574831586.863566	0.064417376335002
577261477.4328268	0.0645987826327632
579938300.2860918	0.06479832956030052
582619247.9667709	0.06499787648783784
585304314.1382626	0.06519742341537516
587748851.9739279	0.06537882971313635
590441763.2280967	0.06557837664067367
593138774.7040647	0.065777923568211
595594156.1243834	0.0659593298659722
598298978.036987	0.06615887679350951
601007882.1433553	0.06635842372104683
603720862.3010552	0.06655797064858415
606190739.8223486	0.06673937694634535
608911484.575772	0.06693892387388267
611636287.6680679	0.06713847080141999
614365143.0636984	0.06733801772895731
616849432.101004	0.06751942402671851
619586007.0492357	0.06771897095425583
622326616.8948172	0.06791851788179315
624821576.756137	0.06809992417955435
627569873.1380062	0.06829947110709167
630322187.2336239	0.06849901803462899
633078513.186637	0.06869856496216631
635587740.5099089	0.06887997125992751
638351709.2933758	0.06907951818746483
641119673.0420966	0.06927906511500215
643891625.9984909	0.06947861204253947
646415040.1162838	0.06966001834030067
649194592.9344586	0.06985956526783799
651978118.3514777	0.0700591121953753
654512038.5353268	0.0702405184931365
657303132.3036609	0.07044006542067383
660098182.267747	0.07063961234821114
662897182.8357755	0.07083915927574846
665445152.3308342	0.07102056557350966
668251679.5186787	0.07122011250104698
671062141.1772206	0.0714196594285843
673876531.8061383	0.07161920635612162
676438473.5691704	0.07180061265388282
679260349.7691967	0.07200015958142014
682086139.0688832	0.07219970650895746
684658429.5433382	0.07238111280671866
687491674.2984289	0.07258065973425598
690328816.4732485	0.0727802066617933
693169850.7211964	0.07297975358933062
695755982.0662817	0.07316115988709182
698604431.8681734	0.07336070681462914
701456758.3136761	0.07356025374216646
704312956.141123	0.07375980066970378
706912854.6743157	0.07394120696746498
709776428.7881217	0.0741407538950023
712643859.0981739	0.07434030082253962
715253955.8531432	0.07452170712030082
718128733.6286682	0.07472125404783814
721007352.5920511	0.07492080097537546
723889807.6244887	0.07512034790291278
726513545.8200485	0.07530175420067398
729403310.1165857	0.0755013011282113
732296895.7066742	0.07570084805574862
734930739.8186153	0.07588225435350981
737831606.6274486	0.07608180128104713
740736280.123759	0.07628134820858445
743644755.3252572	0.07648089513612177
746292118.5142125	0.07666230143388297
749207837.7519013	0.07686184836142029
752127344.3113292	0.07706139528895761
755050633.2857621	0.07726094221649493
757711446.8647814	0.07744234851425613
760641943.2567294	0.07764189544179345
763576207.8972604	0.07784144236933077
766246987.1073626	0.07802284866709197
769188432.2718632	0.07822239559462929
772133631.6765168	0.07842194252216661
775082580.5418859	0.07862148944970393
777766692.804234	0.07880289574746513
780722786.5249306	0.07900244267500245
783682615.9056364	0.07920198960253977
786646176.2374371	0.07940153653007709
789343555.6479956	0.07958294282783829
792314225.6927987	0.07978248975537561
795288613.0906308	0.07998203668291293
797995823.5314729	0.08016344298067413
800977294.8238335	0.08036298990821145
803962470.0187626	0.08056253683574877
806951344.5262746	0.08076208376328609
809671709.4684027	0.08094349006104729
812667633.6156965	0.0811430369885846
815667243.8192954	0.08134258391612192
818670535.5551605	0.08154213084365924
821403991.6944776	0.08172353714142044
824414299.3075458	0.08192308406895776
827428275.3861568	0.08212263099649508
830171433.2656407	0.08230403729425628
833192400.4082868	0.0825035842217936
836217023.0879034	0.08270313114933092
839245296.8917631	0.08290267807686824
842001437.7079666	0.08308408437462944
845036669.6440059	0.08328363130216676
848075539.957561	0.08348317822970408
851118044.297681	0.0836827251572414
853887107.179881	0.0838641314550026
856936537.1813673	0.08406367838253992
859989588.6403129	0.08426322531007724
862768228.9429625	0.08444463160783844
865828182.1918241	0.08464417853537576
868891744.4585632	0.08484372546291308
871958911.496588	0.0850432723904504
874750369.7137425	0.0852246786882116
877824406.8497094	0.08542422561574892
880902036.4879582	0.08562377254328624
883702995.5494027	0.08580517884104744
886787471.9821739	0.08600472576858476
889875528.7726507	0.08620427269612208
892967161.774494	0.0864038196236594
895780837.0774182	0.0865852259214206
898879285.9300047	0.08678477284895791
901981299.0133009	0.08698431977649523
905086872.2366807	0.08718386670403255
907913206.5687376	0.08736527300179375
911025565.1148723	0.08756481992933107
914141471.9806982	0.08776436685686839
916977190.3098154	0.08794577315462959
920099860.0442517	0.08814532008216691
923226066.3949481	0.08834486700970423
926355805.3655164	0.08854441393724155
929204084.7563367	0.08872582023500275
932340556.7708267	0.08892536716254007
935480549.8559159	0.08912491409007739
938624060.0676261	0.08932446101761471
941484845.3678789	0.08950586731537591
944635059.1899605	0.08970541424291323
947788778.7401936	0.08990496117045055
950658835.3980744	0.09008636746821175
953819236.9034489	0.09028591439574907
956983132.8486142	0.09048546132328639
960150519.3783077	0.0906850082508237
963032987.4640342	0.0908664145485849
966207027.1774057	0.09106596147612223
969384546.3321366	0.09126550840365955
972565541.1223389	0.09146505533119687
975460367.4229856	0.09164646162895806
978647986.9938877	0.09184600855649538
981839071.1991981	0.0920455554840327
984743060.1792066	0.0922269617817939
987940748.2626249	0.09242650870933122
991141890.0831933	0.09262605563686854
994346481.9186599	0.09282560256440586
997262737.9159143	0.09300700886216706
1000473905.8506886	0.09320655578970438
1003688513.0400422	0.0934061027172417
1006906555.808303	0.09360564964477902
1009835027.4381706	0.09378705594254022
1013059618.8745656	0.09398660287007754
1016287635.2636439	0.09418614979761486
1019225164.6289166	0.09436755609537606
1022459709.4935654	0.09456710302291338
1025697668.7826681	0.0947666499504507
