# C		CN		K0		e_x		e_y		e_z		n		overlap		p		q
3.41758727353	5.18999664317	0.735909128997	-0.0	-0.0	1.87240000048e-07	0.389235099811	0.000135868485497	5.5880963714	1.79110891329
3.46000883783	5.20872170439	0.645437852785	-0.0	-0.0	0.000531443826667	0.388910540731	0.000143821895452	6.1424629733	2.85203364247
3.50198851083	5.21614497529	0.560667512857	-0.0	-0.0	0.00134984762667	0.38841021809	0.000156498853088	7.0366582698	4.37191562112
3.50684931507	5.22185648453	0.514792305013	-0.0	-0.0	0.00212068413333	0.387938600613	0.000169548373475	7.90997679916	5.67305485737
3.53468846664	5.21920940869	0.486075702528	-0.0	-0.0	0.00286652962667	0.387481927093	0.000180804617685	8.78258811807	6.86598212032
3.5634114008	5.22737593253	0.465856924155	-0.0	-0.0	0.00361248325333	0.387024846556	0.000191776198313	9.68123728301	8.0309501299
3.59257622625	5.24838501292	0.451125954236	-0.0	-0.0	0.00433858268	0.386579604023	0.000202268913955	10.5837128817	9.16144483707
3.6053910738	5.25547680412	0.439839570336	-0.0	-0.0	0.00503626472	0.386151482301	0.000213131648092	11.4790866317	10.2625974198
3.6217410517	5.26930501931	0.430715809794	-0.0	-0.0	0.00572674384	0.385727486918	0.000223577234414	12.3900105214	11.3677618325
3.65134776845	5.27836369447	0.42309893147	-0.0	-0.0	0.00641326198667	0.385305632337	0.000233077603231	13.3221696593	12.488759844
3.65797613787	5.27887683472	0.416960621374	-0.0	-0.0	0.00707321445333	0.384899829382	0.000243585117807	14.2434154713	13.5847798351
3.67388422448	5.28498727735	0.411590370069	-0.0	-0.0	0.00772982676	0.384495814414	0.000253390863575	15.1839461769	14.7013073704
3.68979231109	5.28657378087	0.407188970879	-0.0	-0.0	0.00836371930667	0.384105527212	0.000262756990781	16.1125093898	15.7933025748
3.70349094123	5.28810350268	0.403338814987	-0.0	-0.0	0.00898968749333	0.383719876175	0.000272119920116	17.0501611883	16.8926141729
3.71763146266	5.29877087929	0.399982299244	-0.0	-0.0	0.00960245564	0.38334212362	0.000281173581581	17.9868471617	17.9877315701
3.72425983208	5.29820698333	0.397054027447	-0.0	-0.0	0.01020852716	0.382968271565	0.000290640870643	18.931185935	19.0866134579
3.73398144057	5.30735386549	0.394457529137	-0.0	-0.0	0.0108068733867	0.382598968489	0.000299751189744	19.8824269137	20.1904286026
3.74458683164	5.31273525721	0.392094518773	-0.0	-0.0	0.0114085767867	0.382227358392	0.000308799411913	20.856273419	21.318328937
3.75961113566	5.320925868	0.389368865137	-0.0	-0.0	0.0121410528933	0.381774688928	0.00031965313512	22.067345092	22.7268040942
3.76933274414	5.32542161149	0.387481557956	-0.0	-0.0	0.0127213886267	0.381415806563	0.000328388809703	23.0443007546	23.8569338197
3.78435704817	5.33665835411	0.385787321934	-0.0	-0.0	0.0132863232	0.381066249309	0.000336371271839	24.0105095206	24.9736460251
3.79717189571	5.338203295	0.384238531706	-0.0	-0.0	0.0138520024667	0.38071603188	0.00034452786592	24.9930360739	26.1067823412
3.80556783031	5.3426443203	0.382815298481	-0.0	-0.0	0.01442276032	0.380362469895	0.000353131516556	25.9988847525	27.2641071469
3.81087052585	5.34511627907	0.38140467482	-0.0	-0.0	0.0150851648267	0.379951882456	0.000363471418809	27.1822426067	28.6159275383
3.81617322139	5.34758364312	0.380289932166	-0.0	-0.0	0.0156255701333	0.379616714608	0.000371688573582	28.1594503606	29.7357056842
3.82280159081	5.35190343547	0.379318323883	-0.0	-0.0	0.0161585611733	0.379285967741	0.000379741098587	29.1375450013	30.8508416886
3.83384887318	5.35939431397	0.378369188528	-0.0	-0.0	0.01669558644	0.378952547768	0.000387426739212	30.1366390849	31.9920091473
3.84357048166	5.36450617284	0.377995175809	-0.0	-0.0	0.0169151308667	0.378816176623	0.000390020004216	30.5483513285	32.4624025637
3.83870967742	5.36349598518	0.378241941784	-0.0	-0.0	0.0169067821467	0.378821362691	0.000390345118488	30.5291021957	32.4199649275
3.83826778612	5.36360827927	0.378444520075	-0.0	-0.0	0.0168967420667	0.378827599343	0.000390204177644	30.5077494839	32.3792654605
3.83605832965	5.36279357231	0.378771085052	-0.0	-0.0	0.01688252576	0.378836421423	0.000390158404102	30.4768537522	32.3174654519
3.83826778612	5.36360827927	0.379004688987	-0.0	-0.0	0.0168722147467	0.378842834851	0.000389720589038	30.4536344729	32.2721217212
3.83561643836	5.36383307573	0.379402651253	-0.0	-0.0	0.0168547711067	0.378853669998	0.000389660720163	30.4159270045	32.1969298678
3.83252319929	5.36166924266	0.379797293491	-0.0	-0.0	0.01683766904	0.378864290795	0.000389650457558	30.3788574263	32.1228248868
3.83340698188	5.36197836167	0.380355858638	-0.0	-0.0	0.0168131410133	0.378879527839	0.000389095835885	30.3258482487	32.0175654222
3.83252319929	5.36105100464	0.382313974516	-0.0	-0.0	0.01672814476	0.378932311916	0.000387584655938	30.1426444816	31.6531713287
3.82103402563	5.35159393377	0.390827894004	-0.0	-0.0	0.01636665716	0.379156786201	0.000381923608809	29.3692880567	30.1252652351
3.7984975696	5.34982882042	0.39941087807	-0.0	-0.0	0.01601647492	0.379374156406	0.000377538104891	28.6294153213	28.67629661
3.790101635	5.35049937578	0.407582174873	-0.0	-0.0	0.0157008088667	0.379570035999	0.000372349343508	27.9662472672	27.3821542143
3.77596111357	5.34271419637	0.415884979963	-0.0	-0.0	0.0153861453067	0.379765227306	0.000367846670422	27.3177885249	26.1332988432
3.77242598321	5.34241001565	0.424716415993	-0.0	-0.0	0.0150615938533	0.379966497421	0.000362117787458	26.6558222701	24.8746373023
3.76756517897	5.33719474014	0.434045506934	-0.0	-0.0	0.0147288175867	0.380172794667	0.000356351673685	25.9846652647	23.6168440642
3.75828546178	5.32967721717	0.444098872915	-0.0	-0.0	0.01438135024	0.38038812783	0.000350710841244	25.2923277709	22.3388152203
3.7476800707	5.3216190775	0.455177198331	-0.0	-0.0	0.0140122525067	0.380616782967	0.00034479214087	24.5675502749	21.0195997051
3.73486522316	5.31175361408	0.467259682813	-0.0	-0.0	0.0136243910667	0.380856964399	0.000338719083292	23.8176945503	19.6772072302
3.72205037561	5.3024866226	0.48068750262	-0.0	-0.0	0.0132094509467	0.381113819244	0.000332147701914	23.0285905136	18.2918128641
3.7140963323	5.2925984252	0.495185791032	-0.0	-0.0	0.01277572772	0.381382192345	0.000324770642769	22.2174243328	16.9048909123
3.70216526734	5.28089533417	0.511134046137	-0.0	-0.0	0.01231776044	0.381665434198	0.000317274440291	21.3767106621	15.5029089687
3.6889085285	5.26893939394	0.528934119363	-0.0	-0.0	0.01182521716	0.381969915741	0.000309221207848	20.4915538643	14.0721427423
3.67476800707	5.25466034755	0.548584166313	-0.0	-0.0	0.0113024593733	0.382292911349	0.00030066787037	19.5737312136	12.6397467337
3.65178965974	5.24302030457	0.565247447684	-0.0	-0.0	0.0108728496533	0.382558227323	0.000294572924967	18.8367586933	11.5315867741
3.65311533363	5.2442893401	0.56462094077	-0.0	-0.0	0.0108816798667	0.382552780398	0.0002946323159	18.8519972859	11.5643482041
3.65399911622	5.24492385787	0.56437563877	-0.0	-0.0	0.0108864721867	0.382549820874	0.000294646924859	18.8598874916	11.5783744133
3.6557666814	5.24484617824	0.563763876893	-0.0	-0.0	0.0108968437467	0.38254341219	0.00029469425701	18.8773404841	11.6120381688
3.65620857269	5.24579765303	0.562928628014	-0.0	-0.0	0.0109103873067	0.382535049573	0.00029490973474	18.9003897498	11.6576302415
3.65444100751	5.2451633365	0.561878557911	-0.0	-0.0	0.0109278105333	0.382524295565	0.000295373054042	18.9299281298	11.715474452
3.65488289881	5.24651015228	0.559633903857	-0.0	-0.0	0.0109653968133	0.382501082196	0.000296030187424	18.9937406835	11.8402205783
3.66725585506	5.2603043754	0.539518673676	-0.0	-0.0	0.01131748792	0.382283628039	0.0003015110226	19.5976948724	13.0219486522
3.67388422448	5.26909667195	0.519609078802	-0.0	-0.0	0.0117002902933	0.382047119481	0.000308019383981	20.2657791979	14.322395524
3.68404772426	5.28344958782	0.502257872076	-0.0	-0.0	0.01206754608	0.381820131031	0.000313922615798	20.9171606221	15.5818462418
3.69863013699	5.29860671311	0.486645115453	-0.0	-0.0	0.0124285490533	0.381596925973	0.000319318424909	21.5675950411	16.8325420491
3.71056120194	5.31170886076	0.472239211128	-0.0	-0.0	0.01279275704	0.381371657615	0.000324992372249	22.2337074359	18.1036912134
3.72337604949	5.32101105845	0.458902347643	-0.0	-0.0	0.0131643214933	0.381141754604	0.000330685737769	22.9221843975	19.402090622
3.7392841361	5.33491012299	0.446784463607	-0.0	-0.0	0.0135363507067	0.38091147937	0.000336083338783	23.6207352203	20.7027441945
3.748121962	5.34352347936	0.436303666029	-0.0	-0.0	0.01388941736	0.380692860322	0.000341747810185	24.2916670319	21.936991409
3.75342465753	5.35034656585	0.426668829461	-0.0	-0.0	0.0142436939733	0.380473415416	0.000347743436791	24.9728039578	23.1760578368
3.75961113566	5.35610831234	0.418011326134	-0.0	-0.0	0.0145923324	0.380257393083	0.000353534455623	25.6500470894	24.3919161973
3.76579761379	5.35954702737	0.409893845018	-0.0	-0.0	0.0149523432267	0.380034233129	0.000359504933207	26.356063588	25.6395986678
3.76933274414	5.3650094399	0.402642107183	-0.0	-0.0	0.01531051036	0.379812141638	0.000365660101862	27.0636132879	26.8655697708
3.77728678745	5.36957888121	0.396490331764	-0.0	-0.0	0.0156541339733	0.379598993826	0.0003710671597	27.7446816433	28.0162256422
3.78435704817	5.37288135593	0.390973496673	-0.0	-0.0	0.0160203404533	0.379371757352	0.000376908059381	28.4709964721	29.1920996961
3.78789217852	5.376097867	0.386724307525	-0.0	-0.0	0.0163805580933	0.379148161418	0.000382885574921	29.181318362	30.2735468182
3.80291648255	5.38215962441	0.383755244272	-0.0	-0.0	0.0167494498533	0.378919096582	0.000387749271448	29.9021637381	31.2762810314
3.81087052585	5.38319800125	0.381778218857	-0.0	-0.0	0.0171536889067	0.378667970551	0.000393822385101	30.6853158467	32.2705815567
3.81175430844	5.38159126365	0.381550548302	-0.0	-0.0	0.0172135081733	0.378630801812	0.000394743279361	30.8010112604	32.4125517744
3.81131241715	5.38096723869	0.381695637379	-0.0	-0.0	0.0172105263333	0.378632654633	0.000394724412831	30.7935943043	32.3918133854
3.81042863456	5.38108614232	0.381882751111	-0.0	-0.0	0.0172006025333	0.378638820928	0.000394634087847	30.7725601621	32.3530257362
3.81042863456	5.38214174212	0.382144248865	-0.0	-0.0	0.01718904456	0.378645997693	0.000394419786678	30.7478376278	32.3037785562
3.80998674326	5.3846875	0.382285027511	-0.0	-0.0	0.0171828699867	0.378649839146	0.000394350416247	30.734528011	32.2772871569
3.80821917808	5.38206810372	0.382616109665	-0.0	-0.0	0.01716859528	0.378658708674	0.000394267501046	30.7038446066	32.215691778
3.80512593902	5.38125	0.383045695083	-0.0	-0.0	0.0171501267867	0.378670183806	0.000394243167508	30.6641436669	32.1360075938
3.80291648255	5.38011878712	0.385074468958	-0.0	-0.0	0.01706294408	0.37872435066	0.000392845199792	30.4771591139	31.7620447376
3.79231109147	5.37825133187	0.392707193348	-0.0	-0.0	0.01674356016	0.378922744428	0.000387969898641	29.7967378312	30.4052852067
3.78612461335	5.37296110414	0.40118266044	-0.0	-0.0	0.0164037507733	0.379133756456	0.000382261659183	29.0811429371	28.9857318768
3.77551922227	5.3665201005	0.409315364985	-0.0	-0.0	0.0160906825333	0.379328093462	0.000377497282783	28.4294969345	27.7013910691
3.77021652673	5.36035186931	0.417663513803	-0.0	-0.0	0.0157808553067	0.379520366708	0.000372254888884	27.7918447071	26.4544764201
3.76005302696	5.35399622404	0.42622352214	-0.0	-0.0	0.0154743623067	0.379710512182	0.000367550385232	27.1681068452	25.2451275796
3.75077330977	5.34919634415	0.435458960884	-0.0	-0.0	0.0151550994533	0.379908518106	0.000362514056381	26.5257097315	24.012039589
3.74370304905	5.34816919192	0.445110836385	-0.0	-0.0	0.0148316887067	0.38010902993	0.000357190618624	25.8827108585	22.7942087226
3.73751657092	5.3427037271	0.455455982531	-0.0	-0.0	0.0144959934	0.380317081173	0.000351551134679	25.2236156524	21.5635820806
3.72912063632	5.33312262958	0.466132761041	-0.0	-0.0	0.0141610572533	0.38052460837	0.000346128543367	24.5748073177	20.3693815069
3.71630578878	5.32383665717	0.478232277774	-0.0	-0.0	0.0137938848667	0.380752020884	0.000340502985052	23.8732785587	19.1002277149
3.70702607159	5.30864197531	0.491401059911	-0.0	-0.0	0.0134071160933	0.380991480922	0.000334185197222	23.1458627689	17.8110984763
3.69376933274	5.29857369255	0.506086370194	-0.0	-0.0	0.0129895113467	0.38124992785	0.000327657587128	22.3738761343	16.4758653457
3.68139637649	5.28385664447	0.521164531923	-0.0	-0.0	0.0125746587867	0.381506564664	0.00032110281411	21.6204807052	15.2071277569
3.6637207247	5.270820089	0.538478394147	-0.0	-0.0	0.0121117381733	0.381792811765	0.000314084066411	20.794119694	13.8620151862
3.64869642068	5.25891719745	0.558062747036	-0.0	-0.0	0.0115982158533	0.382110193456	0.000305872752185	19.8961951961	12.4655223058
3.63146266019	5.24584929757	0.578819642445	-0.0	-0.0	0.0110636225333	0.382440418372	0.000297390062836	18.9801254601	11.1150034443
3.61201944322	5.22744721689	0.604713028055	-0.0	-0.0	0.0104102220533	0.382843806865	0.000286854387296	17.8907823866	9.60248455805
3.56827220504	5.18932819029	0.63613374445	-0.0	-0.0	0.00965482125333	0.383309831107	0.000276361157927	16.6747349106	8.01055340161
3.53336279275	5.16144656119	0.667994813019	-0.0	-0.0	0.00892951114667	0.383756960546	0.000265716298786	15.5494083351	6.62993212492
