# C		CN		K0		e_x		e_y		e_z		n		overlap		p		q
3.35837384004	5.15196743555	0.736072021547	-0.0	-0.0	1.87240000048e-07	0.390611490831	0.000145675232143	5.5861537397	1.78914606692
3.41935483871	5.16098864395	0.65336381409	-0.0	-0.0	0.000531443826667	0.390287663161	0.000152655292702	6.10017742304	2.75005450509
3.45912505524	5.16402640264	0.570628593009	-0.0	-0.0	0.00134984762667	0.389788468024	0.000165398905698	6.93172148821	4.16990966013
3.48077772868	5.17757316672	0.521842978863	-0.0	-0.0	0.00212068413333	0.389317913362	0.000177861975778	7.75070889675	5.44025249637
3.50375607601	5.18905635649	0.490012186265	-0.0	-0.0	0.00286652962667	0.38886226898	0.000189589809645	8.5723338491	6.62383634106
3.51966416262	5.18495604038	0.467434753851	-0.0	-0.0	0.00361248325333	0.388406218498	0.000201503376622	9.42086350356	7.77916723179
3.53071144498	5.19109522262	0.450608958661	-0.0	-0.0	0.00433858268	0.387961979343	0.000213266295877	10.2750455376	8.90747649117
3.55855059655	5.19328815747	0.43774975679	-0.0	-0.0	0.00503626472	0.387534822416	0.000223436864465	11.1207632192	10.0015784266
3.57534246575	5.19537275064	0.427259921163	-0.0	-0.0	0.00572674384	0.387111781965	0.000234104573901	11.9828982094	11.1022043149
3.5885992046	5.2	0.418639042154	-0.0	-0.0	0.00641326198667	0.386690878619	0.000244857013619	12.8628868821	12.2104219862
3.60892620415	5.20574162679	0.411700474532	-0.0	-0.0	0.00707321445333	0.386285990163	0.000254581924106	13.7297431653	13.2892352498
3.622182943	5.21081081081	0.405798195013	-0.0	-0.0	0.00772982676	0.385882885664	0.000264746363358	14.6140970615	14.3802276821
3.63676535572	5.22261035249	0.400747916322	-0.0	-0.0	0.00836371930667	0.385493477994	0.000274416558798	15.4889241015	15.4567718785
3.65267344233	5.22760367205	0.396364878015	-0.0	-0.0	0.00898968749333	0.385108696043	0.00028378004976	16.3706796519	16.5366539637
3.66637207247	5.23484848485	0.392628670077	-0.0	-0.0	0.00960245564	0.384731794773	0.000293059630149	17.2508099057	17.6069529904
3.67565178966	5.24384858044	0.389461211075	-0.0	-0.0	0.01020852716	0.384358785213	0.000302532647863	18.1374701153	18.6747250478
3.69023420239	5.24740647595	0.386552168525	-0.0	-0.0	0.0108068733867	0.383990308388	0.000311409567932	19.0296623892	19.7512998233
3.69951391958	5.25298179535	0.383872762922	-0.0	-0.0	0.0114085767867	0.383619541728	0.000320749440029	19.9436818688	20.8534182562
3.71807335395	5.2641627543	0.381013540568	-0.0	-0.0	0.0121410528933	0.383167892378	0.000331454566303	21.0770274489	22.2125892427
3.73707467963	5.2673730134	0.379018132371	-0.0	-0.0	0.0127213886267	0.382809818773	0.000339485235264	21.9910466173	23.3033438617
3.75695978789	5.27914205782	0.377205488881	-0.0	-0.0	0.0132863232	0.382461048195	0.000347193003225	22.8974614716	24.3849591182
3.76182059213	5.28243327126	0.37539765686	-0.0	-0.0	0.0138520024667	0.382111628774	0.000356296677545	23.8211536178	25.4948392585
3.77198409191	5.2911627907	0.373727075105	-0.0	-0.0	0.01442276032	0.381758855083	0.000364976459307	24.7680690686	26.6300052411
3.7817057004	5.29384472626	0.371856653991	-0.0	-0.0	0.0150851648267	0.38134920187	0.000375266238193	25.8881400422	27.9772990782
3.79098541759	5.29904232314	0.370395233439	-0.0	-0.0	0.0156255701333	0.381014781167	0.000383504783174	26.817279759	29.0976211389
3.79982324348	5.30320789636	0.369081872956	-0.0	-0.0	0.0161585611733	0.380684779763	0.00039161984798	27.7455093558	30.2131686462
3.81175430844	5.31074838312	0.367859406105	-0.0	-0.0	0.01669558644	0.380352102414	0.000399473485703	28.6929102882	31.3494672453
3.81573133009	5.31465517241	0.367467775881	-0.0	-0.0	0.0169151308667	0.380216047237	0.00040274066346	29.0813328323	31.8078907047
3.81352187362	5.31311576355	0.367654035865	-0.0	-0.0	0.0169067821467	0.380221221618	0.000402814791411	29.0644576314	31.7732501491
3.81352187362	5.31311576355	0.367832531124	-0.0	-0.0	0.0168967420667	0.380227441484	0.000402626985933	29.0445242284	31.735967553
3.81352187362	5.31382814906	0.368114976397	-0.0	-0.0	0.01688252576	0.38023625503	0.000402357201723	29.0159933603	31.6803168034
3.81352187362	5.31382814906	0.36833448914	-0.0	-0.0	0.0168722147467	0.380242640249	0.000402161646288	28.9952532569	31.6386744223
3.81219619973	5.31321219587	0.368671976948	-0.0	-0.0	0.0168547711067	0.380253452633	0.00040197271421	28.9604514862	31.5715455351
3.81440565621	5.3157732594	0.369010278965	-0.0	-0.0	0.01683766904	0.380264054975	0.00040141686345	28.9262206466	31.5050609956
3.81307998232	5.31423290203	0.369504570979	-0.0	-0.0	0.0168131410133	0.380279248368	0.00040109302506	28.8772261611	31.4091950263
3.81042863456	5.31146025878	0.371228443594	-0.0	-0.0	0.01672814476	0.380331927391	0.000399763057501	28.7074568609	31.0775534194
3.79893946089	5.306884841	0.378723301772	-0.0	-0.0	0.01636665716	0.380555889233	0.000394113935635	27.9904328147	29.6847773002
3.78568272205	5.3010519802	0.386254047047	-0.0	-0.0	0.01601647492	0.380772763423	0.000388830594415	27.3036538528	28.3623647906
3.77640300486	5.29891472868	0.39331398896	-0.0	-0.0	0.0157008088667	0.380968207751	0.00038375987822	26.690975655	27.1903973592
3.76756517897	5.29698664181	0.400565561458	-0.0	-0.0	0.0153861453067	0.381162963768	0.000378679430748	26.087274699	26.0463172225
3.76005302696	5.29442888266	0.408228397349	-0.0	-0.0	0.0150615938533	0.381363775727	0.000373273018164	25.4716285334	24.8947067995
3.75121520106	5.29043315675	0.416320228934	-0.0	-0.0	0.0147288175867	0.381569605367	0.000367837703091	24.8479230512	23.7415309299
3.73619089704	5.27888819488	0.424960558342	-0.0	-0.0	0.01438135024	0.381784455968	0.000362741162251	24.205717825	22.5727070265
3.7229341582	5.26868939631	0.434456185933	-0.0	-0.0	0.0140122525067	0.382012595819	0.00035706336158	23.5331805091	21.3638341678
3.71011931065	5.26010654967	0.444718035784	-0.0	-0.0	0.0136243910667	0.382252242825	0.000350971329684	22.8372302296	20.1347411272
3.69553689792	5.24960753532	0.456189048693	-0.0	-0.0	0.0132094509467	0.382508517981	0.000344530535025	22.1043086149	18.8569903289
3.67830313743	5.23960957179	0.468508228344	-0.0	-0.0	0.01277572772	0.382776280307	0.000337986565416	21.3522192793	17.5763021749
3.65974370305	5.23089071383	0.48198649303	-0.0	-0.0	0.01231776044	0.383058883859	0.000331078075885	20.5719503649	16.2780469426
3.64030048608	5.21564281191	0.49705041465	-0.0	-0.0	0.01182521716	0.383362674909	0.000323609899433	19.7502813172	14.9441728118
3.62306672559	5.20686367969	0.513762446812	-0.0	-0.0	0.0113024593733	0.383684946957	0.000315357208461	18.8977282069	13.5960625979
3.60627485639	5.19414385742	0.528101698221	-0.0	-0.0	0.0108728496533	0.383949665028	0.000308795195297	18.2120937411	12.5390165046
3.60627485639	5.19547914677	0.527571784971	-0.0	-0.0	0.0108816798667	0.383944225148	0.000308964932904	18.2264443547	12.569467212
3.60671674768	5.19478039465	0.527381108995	-0.0	-0.0	0.0108864721867	0.383941272941	0.000309013622999	18.2338336588	12.5819729901
3.60583296509	5.19516077682	0.526890526722	-0.0	-0.0	0.0108968437467	0.383934887963	0.000309279801509	18.2500521731	12.61225858
3.60715863897	5.19611588666	0.526209267549	-0.0	-0.0	0.0109103873067	0.38392653951	0.00030942065266	18.2716369076	12.6537527587
3.60804242156	5.19738936644	0.525350058493	-0.0	-0.0	0.0109278105333	0.383915807059	0.000309669801538	18.2992432885	12.7064918238
3.61157755192	5.19961795606	0.523510240674	-0.0	-0.0	0.0109653968133	0.38389264868	0.000310067674777	18.3589484605	12.8203664983
3.61864781264	5.20642493639	0.507071084734	-0.0	-0.0	0.01131748792	0.383675684568	0.000316012038259	18.9230551646	13.8933405951
3.62836942112	5.22073791349	0.490660687951	-0.0	-0.0	0.0117002902933	0.383439708994	0.000322281508648	19.5460793797	15.0741622418
3.6389748122	5.23529411765	0.476228624125	-0.0	-0.0	0.01206754608	0.383213232074	0.000328158784842	20.1529967044	16.2188895373
3.65488289881	5.24833280406	0.463252704215	-0.0	-0.0	0.0124285490533	0.382990530022	0.000333413748867	20.7580979518	17.350358155
3.65885992046	5.25531914894	0.451235547916	-0.0	-0.0	0.01279275704	0.382765774398	0.000339799738636	21.3769240242	18.4984087671
3.6725585506	5.26569435637	0.440008989911	-0.0	-0.0	0.0131643214933	0.382536384405	0.000345403660558	22.0163674559	19.6736967132
3.68007070261	5.27336078556	0.42964517173	-0.0	-0.0	0.0135363507067	0.382306627166	0.000351597142094	22.6653193243	20.858400663
3.69244365886	5.28002528445	0.420574315163	-0.0	-0.0	0.01388941736	0.38208850173	0.000356966638302	23.2889003952	21.9876660227
3.70393283252	5.2858044164	0.412146473757	-0.0	-0.0	0.0142436939733	0.381869560025	0.000362436414914	23.9222344292	23.1258415223
3.71144498453	5.28985507246	0.404506526993	-0.0	-0.0	0.0145923324	0.381654015643	0.000368167568669	24.5524983771	24.2466783156
3.71365444101	5.2959344469	0.397323405967	-0.0	-0.0	0.0149523432267	0.38143135843	0.000374617615467	25.2097608536	25.3977540984
3.72072470172	5.30308758664	0.390749902865	-0.0	-0.0	0.01531051036	0.381209776257	0.000380525263757	25.8699241315	26.5415473063
3.72912063632	5.30462118831	0.385089984611	-0.0	-0.0	0.0156541339733	0.38099710893	0.000385987851616	26.507239251	27.6235758722
3.73751657092	5.31175361408	0.37981345346	-0.0	-0.0	0.0160203404533	0.380770375935	0.000391807004426	27.1891012896	28.7486763802
3.74591250552	5.31347962382	0.375646018144	-0.0	-0.0	0.0163805580933	0.380547278322	0.000397443284585	27.8587183916	29.7957760273
3.74944763588	5.31453634085	0.372650735109	-0.0	-0.0	0.0167494498533	0.380318725164	0.000403628787053	28.5379591727	30.7739402286
3.75563411401	5.32164108988	0.37059707646	-0.0	-0.0	0.0171536889067	0.380068175766	0.000410021044321	29.2750240317	31.7468083868
3.7565178966	5.32132790479	0.370406919912	-0.0	-0.0	0.0172135081733	0.380031090178	0.000410954153609	29.3831564293	31.8806609917
3.75563411401	5.3210147197	0.370466850172	-0.0	-0.0	0.0172105263333	0.380032938824	0.000410994289214	29.3771993581	31.8689692342
3.75386654883	5.32038834951	0.370675897905	-0.0	-0.0	0.0172006025333	0.380039090202	0.000410999781272	29.3572864646	31.8291478874
3.75430844012	5.3210147197	0.370890659635	-0.0	-0.0	0.01718904456	0.380046256673	0.000410735071742	29.334391014	31.7856309113
3.75386654883	5.32070153461	0.371017067201	-0.0	-0.0	0.0171828699867	0.380050079	0.000410666913897	29.3220493898	31.7612638984
3.75563411401	5.3210147197	0.371303471317	-0.0	-0.0	0.01716859528	0.380058934151	0.000410204508524	29.29355027	31.7055204768
3.75563411401	5.32132790479	0.371671634602	-0.0	-0.0	0.0171501267867	0.380070383393	0.000409856801743	29.2567473722	31.6337773139
3.75519222271	5.32142857143	0.373424867926	-0.0	-0.0	0.01706294408	0.380124428208	0.000408264121891	29.0833155269	31.2955634822
3.7476800707	5.31338138515	0.380030180604	-0.0	-0.0	0.01674356016	0.380322374886	0.000403059912146	28.4518410167	30.0659280648
3.74060980999	5.30856067733	0.387358312645	-0.0	-0.0	0.0164037507733	0.380532908447	0.000397411647523	27.7869364546	28.7765980101
3.73442333186	5.30757147345	0.394378517846	-0.0	-0.0	0.0160906825333	0.380726811079	0.000392158809372	27.181031651	27.6081374047
3.72425983208	5.30072349796	0.401580741117	-0.0	-0.0	0.0157808553067	0.380918647694	0.000387380954051	26.5880092937	26.4714674313
3.7229341582	5.30519685039	0.408926924539	-0.0	-0.0	0.0154743623067	0.381108369501	0.000381744292572	26.007730358	25.3691502915
3.71630578878	5.30170239596	0.416815140836	-0.0	-0.0	0.0151550994533	0.381305927071	0.000376411686094	25.4100213108	24.2449197873
3.70039770217	5.28900821226	0.424970911582	-0.0	-0.0	0.0148316887067	0.381505986281	0.000371935122761	24.8121164987	23.1375201425
3.69465311533	5.28255372946	0.433684471047	-0.0	-0.0	0.0144959934	0.381713577722	0.000366203944172	24.1992031459	22.0166206381
3.68846663721	5.27091885065	0.442648858213	-0.0	-0.0	0.0141610572533	0.381920629517	0.000360528587707	23.5960095199	20.927086581
3.67476800707	5.2596457938	0.452826065698	-0.0	-0.0	0.0137938848667	0.382147522289	0.000354982631356	22.9441510213	19.7640080947
3.65841802916	5.24960355217	0.46395109858	-0.0	-0.0	0.0134071160933	0.382386447955	0.000349309678789	22.267822229	18.5745547577
3.64162615996	5.23712650985	0.476350856888	-0.0	-0.0	0.0129895113467	0.382644311596	0.000343113515196	21.5495987305	17.336640046
3.63102076889	5.22685332485	0.489075110294	-0.0	-0.0	0.0125746587867	0.382900366652	0.000336386972176	20.8482882047	16.154348503
3.61820592134	5.21496815287	0.50368594467	-0.0	-0.0	0.0121117381733	0.383185974374	0.000328975229268	20.0796291996	14.8938055531
3.6049491825	5.20121173469	0.520488923865	-0.0	-0.0	0.0115982158533	0.383502640829	0.000320660812319	19.2444760052	13.5639973885
3.59301811754	5.19061302682	0.538287947251	-0.0	-0.0	0.0110636225333	0.38383212812	0.000311819323801	18.3930786025	12.2687151966
3.57092355281	5.16922584773	0.561231748773	-0.0	-0.0	0.0104102220533	0.38423460032	0.000301622436389	17.3781554564	10.7775463107
3.54573574901	5.15088282504	0.589725650973	-0.0	-0.0	0.00965482125333	0.384699575033	0.000289739061141	16.2402224148	9.17150111132
3.51833848873	5.12721417069	0.618786023234	-0.0	-0.0	0.00892951114667	0.385145696842	0.000278580417891	15.1854584954	7.76141581388
