# C		CN		K0		e_x		e_y		e_z		n		overlap		p		q
3.33981440566	5.13383152174	0.735864610866	-0.0	-0.0	1.87240000048e-07	0.390929830969	0.000135650313294	5.58504741034	1.79049791307
3.38267786125	5.13212608987	0.654109250314	-0.0	-0.0	0.000531443826667	0.390606172465	0.000143504587343	6.13574126702	2.75835603885
3.40609809987	5.14357262104	0.576488864477	-0.0	-0.0	0.00134984762667	0.390107238104	0.000156917163228	7.02383963882	4.14496758767
3.45072912064	5.15054473424	0.532492114588	-0.0	-0.0	0.00212068413333	0.389636929255	0.000168161621424	7.89619000827	5.36304012605
3.46752098984	5.1582757486	0.504423110826	-0.0	-0.0	0.00286652962667	0.389181522899	0.000180093196061	8.77283792846	6.49270563813
3.49359257623	5.16470588235	0.484215538486	-0.0	-0.0	0.00361248325333	0.388725710655	0.000191393904141	9.68130374475	7.61032392318
3.50552364118	5.16476717682	0.469298624167	-0.0	-0.0	0.00433858268	0.388281703567	0.000203024083005	10.5956149902	8.70181899503
3.52275740168	5.17771280052	0.457635839278	-0.0	-0.0	0.00503626472	0.387854769783	0.000213843166743	11.5045270945	9.77351138009
3.53115333628	5.18267358858	0.448289253186	-0.0	-0.0	0.00572674384	0.387431950326	0.000225021584012	12.4311553498	10.8485917859
3.55722492267	5.19141381536	0.440342452943	-0.0	-0.0	0.00641326198667	0.387011266857	0.00023497309731	13.3798178786	11.9447697441
3.56738842245	5.1961352657	0.433974650525	-0.0	-0.0	0.00707321445333	0.386606589911	0.000245443731583	14.3157054292	13.0138202852
3.58329650906	5.20089858793	0.428537532313	-0.0	-0.0	0.00772982676	0.386203695991	0.000255420674342	15.2695266725	14.0962983547
3.60583296509	5.21188878236	0.42393873001	-0.0	-0.0	0.00836371930667	0.385814491745	0.000264472632214	16.2127829147	15.1626228221
3.61776403005	5.21779336735	0.420022292607	-0.0	-0.0	0.00898968749333	0.385429910801	0.00027410931736	17.1644018514	16.2305367726
3.63455589925	5.22607313196	0.416669594761	-0.0	-0.0	0.00960245564	0.3850532114	0.00028310762278	18.1153021358	17.2917372785
3.6473707468	5.22813688213	0.413707094907	-0.0	-0.0	0.01020852716	0.38468039573	0.000292301134735	19.075502264	18.3600932412
3.65974370305	5.23529411765	0.411109323413	-0.0	-0.0	0.0108068733867	0.384312107384	0.000301353233591	20.041568268	19.4306419558
3.66593018118	5.2461246441	0.408695067919	-0.0	-0.0	0.0114085767867	0.38394153864	0.000310939675132	21.031360662	20.5282515448
3.6809544852	5.25299684543	0.406070072201	-0.0	-0.0	0.0121410528933	0.383490120998	0.000321967243005	22.2617688	21.8889208601
3.68625718073	5.26262626263	0.404100899415	-0.0	-0.0	0.0127213886267	0.383132241911	0.000331276491339	23.2570400579	22.9933118002
3.70172337605	5.2672332389	0.402371582427	-0.0	-0.0	0.0132863232	0.382783649583	0.000339361522373	24.2411235845	24.0818493348
3.71674768007	5.27858040201	0.400768217781	-0.0	-0.0	0.0138520024667	0.382434408132	0.000347481719759	25.2421572127	25.1883379459
3.72205037561	5.28082836523	0.399244988653	-0.0	-0.0	0.01442276032	0.382081820879	0.000356557709691	26.2675005154	26.3226363828
3.73265576668	5.27883713661	0.397673744615	-0.0	-0.0	0.0150851648267	0.381672372392	0.000366628253452	27.4754956519	27.6534974596
3.74944763588	5.29160162348	0.396361187363	-0.0	-0.0	0.0156255701333	0.381338134557	0.00037406244207	28.4782658932	28.7672874263
3.76005302696	5.29082426128	0.39522123905	-0.0	-0.0	0.0161585611733	0.381008305436	0.000381962462472	29.4797962062	29.8732098474
3.7733097658	5.30031055901	0.394065255067	-0.0	-0.0	0.01669558644	0.380675801982	0.000389617860177	30.5029976559	31.0091897648
3.77551922227	5.30248447205	0.393642002568	-0.0	-0.0	0.0169151308667	0.38053981788	0.000393056884697	30.9244813097	31.4745275592
3.77110030932	5.30410447761	0.393899840641	-0.0	-0.0	0.0169067821467	0.380544989558	0.000393347067471	30.9049051627	31.4321589945
3.77021652673	5.30317164179	0.394080045444	-0.0	-0.0	0.0168967420667	0.380551208904	0.000393252438613	30.8833807399	31.394599538
3.76933274414	5.30398257623	0.394394138376	-0.0	-0.0	0.01688252576	0.380560014742	0.000393074199979	30.8522159728	31.3356528775
3.76889085285	5.30501089325	0.394618772537	-0.0	-0.0	0.0168722147467	0.380566396988	0.000392924608186	30.8296416906	31.2932506591
3.76535572249	5.30632595824	0.394990746908	-0.0	-0.0	0.0168547711067	0.380577207219	0.000392961481934	30.7915232852	31.2223728045
3.76226248343	5.30507946401	0.395365686129	-0.0	-0.0	0.01683766904	0.380587800538	0.000392960340874	30.7541872477	31.1521379364
3.76049491825	5.3033042394	0.395900275587	-0.0	-0.0	0.0168131410133	0.380602993311	0.000392678004834	30.7005777127	31.0517995824
3.75784357048	5.3018397256	0.397774070694	-0.0	-0.0	0.01672814476	0.380655630683	0.000391341446998	30.5153159861	30.7044641759
3.74502872293	5.29665520475	0.405932268938	-0.0	-0.0	0.01636665716	0.380879481274	0.000385789011204	29.7328936969	29.2461478115
3.73442333186	5.29417293233	0.414136079433	-0.0	-0.0	0.01601647492	0.381096249398	0.000380213546052	28.9839376982	27.8634282499
3.7224922669	5.29082914573	0.421766439541	-0.0	-0.0	0.0157008088667	0.381291585471	0.000375410603987	28.3165493242	26.6448935977
3.71232876712	5.28571428571	0.429533089436	-0.0	-0.0	0.0153861453067	0.381486239836	0.000370447113821	27.6586201798	25.4616986481
3.70349094123	5.27811023622	0.437680420335	-0.0	-0.0	0.0150615938533	0.381686942915	0.000365151425342	26.988025079	24.2767598469
3.69244365886	5.27201009782	0.446253431017	-0.0	-0.0	0.0147288175867	0.381892672481	0.000359922488776	26.3092296866	23.0942026639
3.68537339814	5.26586675087	0.455467740836	-0.0	-0.0	0.01438135024	0.382107398506	0.000354023587385	25.6096751105	21.8928808086
3.67609368095	5.26202531646	0.465545616712	-0.0	-0.0	0.0140122525067	0.382335427957	0.000347919375664	24.8765022262	20.6546776645
3.66858152894	5.25847323408	0.476463185942	-0.0	-0.0	0.0136243910667	0.382574949774	0.000341314398624	24.1181630989	19.3966548635
3.65753424658	5.2526984127	0.488411265384	-0.0	-0.0	0.0132094509467	0.382831091053	0.000334502717721	23.3193462989	18.1046826604
3.64074237738	5.23379923761	0.501244112215	-0.0	-0.0	0.01277572772	0.383098711345	0.000327833377176	22.4982055736	16.8107542769
3.62660185594	5.22112631244	0.515188894988	-0.0	-0.0	0.01231776044	0.383381169424	0.000320491959836	21.6492466289	15.5081412425
3.6133451171	5.21364795918	0.53049715872	-0.0	-0.0	0.01182521716	0.383684806102	0.000312422466636	20.7556791947	14.184683003
3.5885992046	5.19878361076	0.547504181597	-0.0	-0.0	0.0113024593733	0.384006905472	0.000304800898689	19.8297547411	12.848943123
3.57445868316	5.18461538462	0.562100390468	-0.0	-0.0	0.0108728496533	0.384271485255	0.000297997551489	19.084476323	11.8026762889
3.57711003093	5.18717948718	0.561495990809	-0.0	-0.0	0.0108816798667	0.384266048217	0.000297946093913	19.1000394923	11.8353398867
3.57755192223	5.1875	0.561298397358	-0.0	-0.0	0.0108864721867	0.384263097416	0.000297995974207	19.1080531707	11.8478463318
3.57887759611	5.1867392697	0.560780450486	-0.0	-0.0	0.0108968437467	0.384256716247	0.000298075403281	19.1255872915	11.8785161866
3.57843570482	5.18846153846	0.560033490681	-0.0	-0.0	0.0109103873067	0.384248377431	0.000298365342465	19.1489760385	11.9216631626
3.57931948741	5.18840115348	0.559103107048	-0.0	-0.0	0.0109278105333	0.384237643344	0.000298616224387	19.1789374479	11.9760775055
3.5797613787	5.18936238385	0.557104595671	-0.0	-0.0	0.0109653968133	0.384214504208	0.000299279146914	19.2436414286	12.0937706441
3.58992487848	5.20307495195	0.53927199457	-0.0	-0.0	0.01131748792	0.383997647921	0.000304977118672	19.8556635341	13.2035602389
3.59743703049	5.21197566443	0.521588408291	-0.0	-0.0	0.0117002902933	0.383761798664	0.000311456702982	20.532056371	14.4227954572
3.60671674768	5.22375160051	0.506136971973	-0.0	-0.0	0.01206754608	0.383535437009	0.000317478734839	21.1916179835	15.6028804988
3.6133451171	5.23606662396	0.492261582986	-0.0	-0.0	0.0124285490533	0.383312851295	0.000323605145998	21.849612152	16.7706091971
3.62306672559	5.24512	0.479569457812	-0.0	-0.0	0.01279275704	0.383088208004	0.000329487034883	22.5223577755	17.9486856828
3.63323022536	5.25215723873	0.467675218046	-0.0	-0.0	0.0131643214933	0.382858946352	0.000335459378683	23.2182101017	19.158745206
3.64074237738	5.25462667518	0.45679950833	-0.0	-0.0	0.0135363507067	0.382629309325	0.000341665978445	23.9241162981	20.3735343027
3.64781263809	5.26211734694	0.447341351397	-0.0	-0.0	0.01388941736	0.382411294216	0.000347538014055	24.6021426027	21.5285443787
3.66062748564	5.26844783715	0.438650688434	-0.0	-0.0	0.0142436939733	0.382192458219	0.000352869421115	25.2902629897	22.6868289134
3.66725585506	5.2743165925	0.430903505371	-0.0	-0.0	0.0145923324	0.38197703675	0.000358674189545	25.9742088135	23.8185232431
3.6725585506	5.27963139498	0.423655334764	-0.0	-0.0	0.0149523432267	0.381754494203	0.000364805266215	26.6871067027	24.9784270167
3.68316394167	5.2860767523	0.417109922115	-0.0	-0.0	0.01531051036	0.381533019322	0.000370343372617	27.4019204255	26.1238709983
3.68758285462	5.28906497623	0.411539108847	-0.0	-0.0	0.0156541339733	0.381320462946	0.000376192711881	28.0916902429	27.2026634632
3.69818824569	5.29911280101	0.40646834843	-0.0	-0.0	0.0160203404533	0.381093863196	0.000381759278315	28.8290553413	28.3147616674
3.70746796288	5.30559949383	0.402577237121	-0.0	-0.0	0.0163805580933	0.380870875932	0.00038724947186	29.5517925531	29.3408356022
3.71188687583	5.30616113744	0.399707649714	-0.0	-0.0	0.0167494498533	0.380642446763	0.000393289317518	30.2866636232	30.311266934
3.71542200619	5.3083728278	0.397677960141	-0.0	-0.0	0.0171536889067	0.380392023045	0.000399912082348	31.086174533	31.2872024616
3.7145382236	5.30973451327	0.397487044996	-0.0	-0.0	0.0172135081733	0.380354957441	0.000401031359361	31.203473765	31.4218973233
3.7140963323	5.30910240202	0.397592787392	-0.0	-0.0	0.0172105263333	0.380356798825	0.000401020362018	31.1967489074	31.4059117047
3.71188687583	5.30847029077	0.397774823492	-0.0	-0.0	0.0172006025333	0.380362949821	0.000401073643443	31.1753350064	31.368508788
3.71011931065	5.30793550427	0.398019817535	-0.0	-0.0	0.01718904456	0.380370107696	0.000401047402979	31.1503220841	31.3220424637
3.71100309324	5.30825165982	0.398160245987	-0.0	-0.0	0.0171828699867	0.380373935321	0.000400835698882	31.1368382573	31.2962867616
3.70835174547	5.30981012658	0.398473849992	-0.0	-0.0	0.01716859528	0.38038278329	0.000400851674582	31.1057631297	31.2378539541
3.70835174547	5.30981012658	0.398874898117	-0.0	-0.0	0.0171501267867	0.380394230159	0.000400503467726	31.0656647492	31.1628752676
3.70746796288	5.30917721519	0.400813514091	-0.0	-0.0	0.01706294408	0.380448241339	0.000398954054385	30.8765215642	30.8068110054
3.70260715864	5.30525649145	0.408079670344	-0.0	-0.0	0.01674356016	0.380646089984	0.000393442682148	30.1879009816	29.5164062431
3.69155987627	5.30149158997	0.416089090501	-0.0	-0.0	0.0164037507733	0.380856516502	0.000388196309891	29.4635126175	28.1698580868
3.68802474591	5.30041282947	0.423752738925	-0.0	-0.0	0.0160906825333	0.381050311716	0.000382655757139	28.8035832487	26.9519947116
3.6809544852	5.29329520178	0.431582504971	-0.0	-0.0	0.0157808553067	0.381242050532	0.000377543052277	28.1579563852	25.7714291781
3.67300044189	5.28930617441	0.439502536463	-0.0	-0.0	0.0154743623067	0.381431671635	0.000372579242643	27.526588902	24.6331159214
3.66725585506	5.2847133758	0.447912187932	-0.0	-0.0	0.0151550994533	0.381629128368	0.000367170382378	26.8772751024	23.4809978095
3.66106937693	5.27979604844	0.456653997087	-0.0	-0.0	0.0148316887067	0.381829083818	0.000361724239907	26.2275590106	22.3445039659
3.65311533363	5.27472878111	0.466031199082	-0.0	-0.0	0.0144959934	0.382036566066	0.000356223182725	25.5620040558	21.1939003642
3.64471939903	5.26692209451	0.475686133079	-0.0	-0.0	0.0141610572533	0.382243509699	0.000350773213574	24.9069810531	20.0767569198
3.63543968184	5.26295585413	0.486560861316	-0.0	-0.0	0.0137938848667	0.382470291187	0.000344808944887	24.1993536421	18.891224725
3.622182943	5.25152194809	0.498376941562	-0.0	-0.0	0.0134071160933	0.382709086213	0.000338839333169	23.4643453072	17.684087293
3.61290322581	5.23774431272	0.511249950086	-0.0	-0.0	0.0129895113467	0.38296681601	0.00033191814779	22.6844548068	16.4455312232
3.60362350862	5.22642719692	0.524354560301	-0.0	-0.0	0.0125746587867	0.383222740717	0.000325054942029	21.923229407	15.2696407499
3.58992487848	5.20936197499	0.539339645679	-0.0	-0.0	0.0121117381733	0.383508193548	0.000317698859785	21.089112129	14.0208033621
3.58108705259	5.1978832585	0.556293713036	-0.0	-0.0	0.0115982158533	0.383824694579	0.000308949318105	20.1813814423	12.7160737327
3.5713654441	5.18645699615	0.574405423297	-0.0	-0.0	0.0110636225333	0.384154009748	0.000299872167615	19.2556564635	11.4413555405
3.5545735749	5.17073954984	0.597484386278	-0.0	-0.0	0.0104102220533	0.38455627238	0.000289141062442	18.1526448271	9.98655160558
3.52850198851	5.14368556701	0.625698017189	-0.0	-0.0	0.00965482125333	0.385021003513	0.000277303229877	16.9219268777	8.43997771151
3.49315068493	5.10827407886	0.654599784872	-0.0	-0.0	0.00892951114667	0.385466892271	0.000266668327532	15.7832204617	7.08236024419
