# C		CN		K0		e_x		e_y		e_z		n		overlap		p		q
3.38046840477	5.15896051299	0.735758905268	-0.0	-0.0	1.87240000048e-07	0.390683019488	0.000143700363371	5.58942265849	1.79277101209
3.42951833849	5.17105701901	0.652644459529	-0.0	-0.0	0.000531443826667	0.390359229828	0.000151214719111	6.1074980692	2.76079055672
3.46310207689	5.18747929778	0.571021602063	-0.0	-0.0	0.00134984762667	0.389860093285	0.000164177330091	6.94355289518	4.17167243578
3.48033583738	5.19057039235	0.523854079036	-0.0	-0.0	0.00212068413333	0.389389593855	0.000176722158471	7.76384590065	5.41589416736
3.50596553248	5.1943625041	0.493730112014	-0.0	-0.0	0.00286652962667	0.388934002957	0.000188177257105	8.58489849674	6.56054729716
3.52010605391	5.19993466188	0.472132171719	-0.0	-0.0	0.00361248325333	0.388478006005	0.00020006637995	9.43295483264	7.68314257047
3.53159522757	5.2005861283	0.456035095702	-0.0	-0.0	0.00433858268	0.388033818993	0.000211674031518	10.2855310828	8.77839310963
3.5545735749	5.20531088083	0.443723070498	-0.0	-0.0	0.00503626472	0.387606712964	0.000222026198587	11.1296087933	9.84051063222
3.56827220504	5.20483870968	0.433858945949	-0.0	-0.0	0.00572674384	0.38718372141	0.000232780111106	11.9887467667	10.9020560771
3.58904109589	5.21258831085	0.425768307193	-0.0	-0.0	0.00641326198667	0.386762870452	0.000242938470591	12.8650933671	11.9698594425
3.60804242156	5.2124600639	0.419107991969	-0.0	-0.0	0.00707321445333	0.386358030309	0.000252703324517	13.7295888286	13.0160032778
3.6217410517	5.21995537137	0.413412209424	-0.0	-0.0	0.00772982676	0.385954970507	0.000262736816706	14.6111019766	14.0747418382
3.6305788776	5.22621699014	0.408702107824	-0.0	-0.0	0.00836371930667	0.385565607392	0.000272705818889	15.480812081	15.110185407
3.64118426867	5.23054938076	0.404432997735	-0.0	-0.0	0.00898968749333	0.385180870605	0.000282432066472	16.3605369249	16.1600626407
3.65488289881	5.24421186172	0.400820351765	-0.0	-0.0	0.00960245564	0.384804013576	0.000291635876907	17.2384210496	17.1991746863
3.664162616	5.2499208109	0.397547691926	-0.0	-0.0	0.01020852716	0.384431047799	0.000301056610786	18.1244171134	18.2482173717
3.66902342024	5.25451092118	0.394731708371	-0.0	-0.0	0.0108068733867	0.384062614224	0.00031069059795	19.0146525178	19.2945541178
3.68272205038	5.26390644753	0.392268752878	-0.0	-0.0	0.0114085767867	0.383691891084	0.000319600497528	19.925738018	20.3573647118
3.70393283252	5.27061044682	0.389434647611	-0.0	-0.0	0.0121410528933	0.383240300761	0.000330056385625	21.0594349308	21.6848331873
3.72602739726	5.27913533835	0.387369682732	-0.0	-0.0	0.0127213886267	0.382882263173	0.000337852573477	21.9760294654	22.7580153441
3.73177198409	5.27727414817	0.385493198225	-0.0	-0.0	0.0132863232	0.382533536731	0.000346870837912	22.884241382	23.8215076257
3.74591250552	5.28870162297	0.383727479123	-0.0	-0.0	0.0138520024667	0.382184146743	0.000355095943026	23.8088179444	24.9048274502
3.74547061423	5.294375	0.382122657878	-0.0	-0.0	0.01442276032	0.381831426543	0.000364759545386	24.7557071546	26.0099722002
3.75740167919	5.29791212216	0.380386627698	-0.0	-0.0	0.0150851648267	0.381421816719	0.000374780609513	25.8730959271	27.3141067486
3.76137870084	5.31095847643	0.379267494124	-0.0	-0.0	0.0156255701333	0.381087445278	0.000383390445217	26.7925464973	28.371919758
3.77021652673	5.30790784558	0.3780217787	-0.0	-0.0	0.0161585611733	0.38075747459	0.000391474523334	27.7180318581	29.4525931553
3.78303137428	5.31758856433	0.376860567416	-0.0	-0.0	0.01669558644	0.380424841155	0.000399165348428	28.6616506722	30.5525280766
3.78700839593	5.32287134866	0.376413410944	-0.0	-0.0	0.0169151308667	0.380288796088	0.000402433697479	29.0507814963	31.0053637641
3.78479893946	5.32369402985	0.376623113322	-0.0	-0.0	0.0169067821467	0.380293969861	0.000402502252352	29.0332491769	30.9688215044
3.78435704817	5.32276119403	0.3768360068	-0.0	-0.0	0.0168967420667	0.380300191728	0.000402358943233	29.013093459	30.9292416736
3.7812638091	5.32327317984	0.377140487828	-0.0	-0.0	0.01688252576	0.380308999726	0.000402418954571	28.9845386911	30.8729830857
3.78082191781	5.32368502957	0.377354583798	-0.0	-0.0	0.0168722147467	0.380315391117	0.000402271226763	28.9638710586	30.8328386547
3.77861246133	5.32181761594	0.377734853344	-0.0	-0.0	0.0168547711067	0.380326192454	0.000402171572476	28.9285289278	30.7630747952
3.77640300486	5.32139520399	0.378099648496	-0.0	-0.0	0.01683766904	0.38033679819	0.000402081417384	28.894199304	30.6957975688
3.77507733098	5.32387780549	0.378618044249	-0.0	-0.0	0.0168131410133	0.380351997119	0.000401759191351	28.8450434718	30.5999682858
3.77198409191	5.32210788899	0.38044893091	-0.0	-0.0	0.01672814476	0.380404658734	0.000400481125273	28.6749023162	30.2667748731
3.76093680954	5.31283172026	0.388412482964	-0.0	-0.0	0.01636665716	0.380628598194	0.000394792795597	27.955959992	28.8675302616
3.75430844012	5.3060587133	0.396413254929	-0.0	-0.0	0.01601647492	0.380845451002	0.000388846729803	27.267584341	27.5403432309
3.74988952718	5.30384495155	0.403889518179	-0.0	-0.0	0.0157008088667	0.381040863139	0.000383314368498	26.6535845252	26.3668525755
3.74105170128	5.29953051643	0.411572988141	-0.0	-0.0	0.0153861453067	0.381235601559	0.000378228883878	26.0478461794	25.2211120098
3.73530711445	5.29408080175	0.419704011264	-0.0	-0.0	0.0150615938533	0.381436385565	0.000372642829673	25.4304123716	24.0683406461
3.72823685373	5.28620689655	0.428250212563	-0.0	-0.0	0.0147288175867	0.381642198902	0.000367021833062	24.8046572684	22.9174052352
3.71011931065	5.27758566489	0.437409822362	-0.0	-0.0	0.01438135024	0.381857019157	0.000362219296875	24.1608307224	21.7503258293
3.70216526734	5.27186910006	0.44748236458	-0.0	-0.0	0.0140122525067	0.382085133795	0.000356025006491	23.4865808765	20.5440501297
3.69376933274	5.2629093199	0.458438865247	-0.0	-0.0	0.0136243910667	0.382324752672	0.000349489115673	22.78803194	19.3143969068
3.67918692002	5.24850204983	0.470584879761	-0.0	-0.0	0.0132094509467	0.382580997746	0.000343022160968	22.0526778206	18.0432767758
3.66725585506	5.24533670566	0.483528379624	-0.0	-0.0	0.01277572772	0.382848720858	0.00033597183438	21.2980233023	16.7760658975
3.6557666814	5.24350031706	0.49756573102	-0.0	-0.0	0.01231776044	0.383131299024	0.000328423527094	20.5159489747	15.4996039433
3.63720724702	5.22673864719	0.513248030955	-0.0	-0.0	0.01182521716	0.383435058743	0.000320859536336	19.6924221367	14.1899983382
3.61599646487	5.21012416428	0.530704856345	-0.0	-0.0	0.0113024593733	0.383757287456	0.000312930872064	18.8375885389	12.8655484134
3.60008837826	5.19451530612	0.545653949029	-0.0	-0.0	0.0108728496533	0.384021975634	0.000306296491742	18.1503883073	11.8297605895
3.60008837826	5.19483418367	0.545073261939	-0.0	-0.0	0.0108816798667	0.384016536393	0.000306466057219	18.1647290473	11.8608253137
3.60097216085	5.19547193878	0.544865829929	-0.0	-0.0	0.0108864721867	0.384013584396	0.000306477217729	18.1721157184	11.8734155655
3.60141405214	5.19579081633	0.544344876853	-0.0	-0.0	0.0108968437467	0.384007195623	0.000306630566007	18.1883701911	11.9035735842
3.60362350862	5.19636595473	0.54360950817	-0.0	-0.0	0.0109103873067	0.383998852831	0.000306695751496	18.209936805	11.945332928
3.60406539991	5.19636595473	0.542696949713	-0.0	-0.0	0.0109278105333	0.38398812001	0.000306982239823	18.2375752876	11.9978755253
3.60273972603	5.19802295918	0.540728131301	-0.0	-0.0	0.0109653968133	0.38396496598	0.000307794113228	18.2973152287	12.1118694275
3.61290322581	5.21039209436	0.523119932849	-0.0	-0.0	0.01131748792	0.383748028109	0.000313475943644	18.8620757679	13.187527195
3.6217410517	5.22147864882	0.505561015579	-0.0	-0.0	0.0117002902933	0.383512079458	0.000319824678501	19.4861051717	14.3721115409
3.63764913831	5.23742838956	0.49017036714	-0.0	-0.0	0.01206754608	0.383285629122	0.000325244874218	20.0944187161	15.519647613
3.6469288555	5.24539097266	0.476313973624	-0.0	-0.0	0.0124285490533	0.38306295321	0.000331121676971	20.7011722975	16.6558836932
3.65930181175	5.2589768033	0.463495021792	-0.0	-0.0	0.01279275704	0.382838218887	0.000336755066324	21.3219523181	17.8091219545
3.66548828988	5.26412698413	0.451583662109	-0.0	-0.0	0.0131643214933	0.3826088609	0.00034305693665	21.9631505927	18.9866920212
3.67432611578	5.2727561053	0.440667491042	-0.0	-0.0	0.0135363507067	0.382379130629	0.000349112089544	22.6133583798	20.169273307
3.67918692002	5.27805960685	0.431130512594	-0.0	-0.0	0.01388941736	0.382161030796	0.000355175346539	23.2379138144	21.2956292505
3.68581528944	5.28652931854	0.422313379516	-0.0	-0.0	0.0142436939733	0.381942106121	0.000361083093471	23.8717278951	22.427915694
3.69509500663	5.29490022173	0.414383834403	-0.0	-0.0	0.0145923324	0.381726589823	0.000366605181442	24.5016807872	23.5381135582
3.70039770217	5.29841772152	0.406906516874	-0.0	-0.0	0.0149523432267	0.381503972144	0.00037271524427	25.15867496	24.6796872972
3.71011931065	5.30603857098	0.400177167317	-0.0	-0.0	0.01531051036	0.381282405432	0.000378321913224	25.8182100336	25.8055065816
3.71144498453	5.3087863464	0.394467989832	-0.0	-0.0	0.0156541339733	0.381069764066	0.000384475314874	26.4543675524	26.8633979257
3.72205037561	5.31670350489	0.389098730586	-0.0	-0.0	0.0160203404533	0.380843066414	0.000390043490955	27.1355853291	27.9673611382
3.73044631021	5.31852551985	0.384886824523	-0.0	-0.0	0.0163805580933	0.380619988294	0.000395634638861	27.8039605936	28.9911353932
3.73884224481	5.3211701793	0.381866481873	-0.0	-0.0	0.0167494498533	0.380391466743	0.000401248934439	28.4811456129	29.9452656948
3.74149359258	5.3233721296	0.379884039262	-0.0	-0.0	0.0171536889067	0.380140941362	0.00040795929741	29.2154317757	30.8852440814
3.74635439682	5.3253693807	0.379613673374	-0.0	-0.0	0.0172135081733	0.380103862177	0.000408463308791	29.3244456623	31.0235373929
3.74193548387	5.32191134863	0.379710384997	-0.0	-0.0	0.0172105263333	0.380105709167	0.00040888453087	29.317972707	31.008444904
3.74016791869	5.32201257862	0.379934496996	-0.0	-0.0	0.0172006025333	0.380111854069	0.000408889934313	29.2980097062	30.9682456833
3.7392841361	5.3213836478	0.380165364312	-0.0	-0.0	0.01718904456	0.380119025453	0.000408770793877	29.2750537297	30.9243461496
3.7392841361	5.3213836478	0.380300389823	-0.0	-0.0	0.0171828699867	0.380122852942	0.000408654146216	29.2626639853	30.8997843363
3.73884224481	5.32211387229	0.380607567123	-0.0	-0.0	0.01716859528	0.380131691032	0.000408433980271	29.2341289998	30.8435884954
3.73795846222	5.32252989301	0.381001936771	-0.0	-0.0	0.0171501267867	0.380143149371	0.000408183248369	29.1972033969	30.7712360213
3.73574900574	5.32105760151	0.382884918544	-0.0	-0.0	0.01706294408	0.380197187813	0.000406784529123	29.0232949297	30.4298657251
3.73530711445	5.31916902738	0.389953898746	-0.0	-0.0	0.01674356016	0.380395111256	0.000400825695465	28.3901992465	29.191394726
3.72470172338	5.31441185746	0.397784294112	-0.0	-0.0	0.0164037507733	0.380605617995	0.00039556344963	27.7238508094	27.894904981
3.71763146266	5.31038838017	0.405282512225	-0.0	-0.0	0.0160906825333	0.380799505401	0.000390414275248	27.1166343653	26.7210563258
3.71321254971	5.30847029077	0.412901729204	-0.0	-0.0	0.0157808553067	0.380991320857	0.000385046569975	26.5222922905	25.5852159819
3.70746796288	5.30718127175	0.420698168134	-0.0	-0.0	0.0154743623067	0.381181013613	0.000379874587726	25.9408542854	24.4829167601
3.69553689792	5.29639012033	0.429083566011	-0.0	-0.0	0.0151550994533	0.381378546963	0.000375091253561	25.3426307096	23.3593482038
3.69023420239	5.28847371754	0.437746180866	-0.0	-0.0	0.0148316887067	0.381578584471	0.000369551993659	24.7441637971	22.2541571697
3.6809544852	5.27892234548	0.447021663407	-0.0	-0.0	0.0144959934	0.381786148042	0.00036418399135	24.1310669307	21.1356684337
3.67741935484	5.27122940431	0.45656583	-0.0	-0.0	0.0141610572533	0.381993178288	0.000358284368502	23.5277018704	20.0494676952
3.66239505082	5.25960012694	0.467465041845	-0.0	-0.0	0.0137938848667	0.382220050494	0.000352909659631	22.8753286714	18.8873680235
3.65267344233	5.25063532402	0.47933548474	-0.0	-0.0	0.0134071160933	0.382458943466	0.000346656191703	22.1984305283	17.7027207489
3.6473707468	5.24245312997	0.492487547826	-0.0	-0.0	0.0129895113467	0.382716777702	0.00033942008734	21.4799217384	16.4757650277
3.63543968184	5.23417117404	0.50587867557	-0.0	-0.0	0.0125746587867	0.382972806117	0.00033284237405	20.7777589738	15.3100975777
3.61997348652	5.22084130019	0.521209933701	-0.0	-0.0	0.0121117381733	0.383258374621	0.000325680331307	20.0082770653	14.0711972923
3.6049491825	5.20485003191	0.538570293971	-0.0	-0.0	0.0115982158533	0.383575003906	0.000317501048788	19.1706934665	12.7761127513
3.59213433495	5.19163206643	0.55716977468	-0.0	-0.0	0.0110636225333	0.383904452523	0.000308699191735	18.3163037417	11.5085766363
3.56738842245	5.17270105735	0.58074056628	-0.0	-0.0	0.0104102220533	0.384306878163	0.000298698232005	17.2993844624	10.066611303
3.54794520548	5.15879138541	0.60973985652	-0.0	-0.0	0.00965482125333	0.384771797617	0.000286352336108	16.1601684266	8.52452438978
3.52143172779	5.13797549968	0.639281853286	-0.0	-0.0	0.00892951114667	0.385217867061	0.00027513420647	15.1046265135	7.17361494045
