# C		CN		K0		e_x		e_y		e_z		n		overlap		p		q
3.40167918692	5.19062078273	0.735835969229	-0.0	-0.0	1.87240000048e-07	0.389640921916	0.000136333725139	5.58699752646	1.79135883311
3.46531153336	5.19774386198	0.645709791058	-0.0	-0.0	0.000531443826667	0.389316578489	0.000143378211302	6.13639211611	2.84635384362
3.49668581529	5.21200131883	0.562743295271	-0.0	-0.0	0.00134984762667	0.388816588287	0.00015637651978	7.01871903927	4.33168852562
3.50729120636	5.21506083525	0.518215455904	-0.0	-0.0	0.00212068413333	0.388345284175	0.000169080440407	7.88032667911	5.59304944904
3.53468846664	5.22004570682	0.490154658069	-0.0	-0.0	0.00286652962667	0.387888914092	0.00018029226238	8.74157585968	6.75175089599
3.56208572691	5.22204213938	0.470114160452	-0.0	-0.0	0.00361248325333	0.387432137261	0.000191298054849	9.62973735281	7.88978504259
3.58418029165	5.23514211886	0.455260250049	-0.0	-0.0	0.00433858268	0.386987190569	0.00020212535607	10.5233315528	9.00143756387
3.60053026955	5.24452319588	0.444024335113	-0.0	-0.0	0.00503626472	0.386559353312	0.000212718849521	11.4077080393	10.0777191213
3.60848431286	5.24357326478	0.434892181772	-0.0	-0.0	0.00572674384	0.386135640718	0.000223645225072	12.3087342477	11.1602633301
3.62262483429	5.24519846351	0.427440188013	-0.0	-0.0	0.00641326198667	0.385714065372	0.000234050435199	13.2279225466	12.2494856447
3.6385329209	5.26359564939	0.421381234713	-0.0	-0.0	0.00707321445333	0.385308532284	0.000243863026155	14.1340379714	13.3140647293
3.65355722492	5.27522349936	0.416249198185	-0.0	-0.0	0.00772982676	0.384904785532	0.00025359299694	15.0571681517	14.3895907342
3.66902342024	5.28334925183	0.411607652257	-0.0	-0.0	0.00836371930667	0.384514757655	0.000262965488687	15.9743649317	15.4658543003
3.68139637649	5.28939008895	0.407747346917	-0.0	-0.0	0.00898968749333	0.384129362865	0.000272356675412	16.8990385424	16.5384681849
3.68625718073	5.29133608378	0.404290431441	-0.0	-0.0	0.00960245564	0.383751867002	0.000282082830699	17.8241922013	17.6127737455
3.70039770217	5.2891908976	0.4013325675	-0.0	-0.0	0.01020852716	0.383378257657	0.000290941545771	18.7557085051	18.6863854592
3.7140963323	5.30009466709	0.398920766758	-0.0	-0.0	0.0108068733867	0.383009193961	0.0002996025696	19.6904176547	19.7495178392
3.72735307114	5.30824937028	0.396454698192	-0.0	-0.0	0.0114085767867	0.382637836783	0.000308395674457	20.65146403	20.8556452142
3.74414494034	5.30566865017	0.393807414354	-0.0	-0.0	0.0121410528933	0.382185475543	0.000318986634152	21.844466002	22.2228297424
3.76270437472	5.31314392757	0.391933085623	-0.0	-0.0	0.0127213886267	0.381826825967	0.000326909709857	22.8074597403	23.3231537644
3.77905435263	5.32057267351	0.390254908613	-0.0	-0.0	0.0132863232	0.381477498126	0.000334746489747	23.7606405676	24.4108745947
3.79054352629	5.33146766169	0.388706794143	-0.0	-0.0	0.0138520024667	0.38112751379	0.000342996057254	24.7300860201	25.5157274547
3.80247459125	5.33964607265	0.38725977201	-0.0	-0.0	0.01442276032	0.380774186636	0.000351272075005	25.7239795989	26.6474108623
3.80733539549	5.34035957843	0.385754820007	-0.0	-0.0	0.0150851648267	0.380363880215	0.000361680023445	26.8952717232	27.9766318751
3.81705700398	5.34654691855	0.384642271744	-0.0	-0.0	0.0156255701333	0.380028927639	0.000369591525223	27.8645218954	29.0738687944
3.84357048166	5.3561306223	0.383522016635	-0.0	-0.0	0.0161585611733	0.379698400536	0.000375764715716	28.8349408253	30.1793942353
3.84312859037	5.36108541474	0.382545860072	-0.0	-0.0	0.01669558644	0.379365193442	0.000384587688427	29.8242776955	31.2988671183
3.8488731772	5.3615645211	0.382089152903	-0.0	-0.0	0.0169151308667	0.37922892157	0.000387616912964	30.2337190129	31.7684604748
3.84798939461	5.3615645211	0.382336088263	-0.0	-0.0	0.0169067821467	0.379234104193	0.000387540493645	30.2148840852	31.7270999311
3.84533804684	5.35879273175	0.382585868889	-0.0	-0.0	0.0168967420667	0.379240336701	0.000387618729312	30.1932759408	31.6826201634
3.84268669907	5.3613937712	0.382916942414	-0.0	-0.0	0.01688252576	0.37924916127	0.000387620236409	30.1628705359	31.6218810882
3.84224480778	5.36223387843	0.383161286084	-0.0	-0.0	0.0168722147467	0.379255562085	0.000387471312798	30.1407301487	31.577418838
3.8400353513	5.36161678494	0.383580578904	-0.0	-0.0	0.0168547711067	0.379266386279	0.000387367499897	30.1033576203	31.5018710015
3.84224480778	5.36315951867	0.383994749895	-0.0	-0.0	0.01683766904	0.379276995874	0.000386823721375	30.0666549354	31.4275915589
3.8400353513	5.36161678494	0.384581206856	-0.0	-0.0	0.0168131410133	0.379292225106	0.000386584981459	30.0140899498	31.321999955
3.83694211224	5.36391720729	0.386637897723	-0.0	-0.0	0.01672814476	0.379344980513	0.00038530015632	29.8322669421	30.956237063
3.82766239505	5.35922029703	0.395604935721	-0.0	-0.0	0.01636665716	0.379569301546	0.000379427546264	29.0642560025	29.4208286057
3.82103402563	5.35501858736	0.404588929286	-0.0	-0.0	0.01601647492	0.379786530605	0.000373490867513	28.3292349349	27.969953355
3.81042863456	5.35102420857	0.412974626385	-0.0	-0.0	0.0157008088667	0.379982280046	0.000368589513508	27.6746830281	26.6914446602
3.79540433053	5.34276827372	0.421667589392	-0.0	-0.0	0.0153861453067	0.380177346337	0.000364122226643	27.0294017036	25.440808418
3.77949624392	5.34030596316	0.430988989792	-0.0	-0.0	0.0150615938533	0.380378472846	0.000359525921449	26.3713262375	24.1768299316
3.76844896156	5.33907326237	0.440887935995	-0.0	-0.0	0.0147288175867	0.380584639071	0.000354312785021	25.7048356314	22.9122138062
3.75563411401	5.33333333333	0.451586673702	-0.0	-0.0	0.01438135024	0.380799824234	0.000348986255461	25.0181275921	21.6274695985
3.7397260274	5.32305756527	0.463360677586	-0.0	-0.0	0.0140122525067	0.381028329076	0.000343528366492	24.2990504517	20.3036509686
3.72691117985	5.31610463284	0.47613101514	-0.0	-0.0	0.0136243910667	0.381268360194	0.000337425964353	23.5545939965	18.9618827612
3.72072470172	5.31072555205	0.490282139014	-0.0	-0.0	0.0132094509467	0.381525043517	0.000330220444312	22.7714240559	17.5813555109
3.70172337605	5.29832331541	0.50549280199	-0.0	-0.0	0.01277572772	0.381793226934	0.000323780291306	21.9671252115	16.2053395835
3.68316394167	5.28376664553	0.522125578935	-0.0	-0.0	0.01231776044	0.382076285959	0.000316823435548	21.1333462875	14.8207116088
3.67344233319	5.27650793651	0.54053449212	-0.0	-0.0	0.01182521716	0.38238056519	0.000308471012465	20.2566119207	13.4169715967
3.65709235528	5.2596948506	0.560806162992	-0.0	-0.0	0.0113024593733	0.382703346183	0.000300108071284	19.3487539489	12.0161257324
3.63764913831	5.24299363057	0.577993555057	-0.0	-0.0	0.0108728496533	0.382968485869	0.000293705261313	18.6194832517	10.9335652753
3.6389748122	5.24426751592	0.577388768944	-0.0	-0.0	0.0108816798667	0.382963037325	0.000293763833777	18.6344292617	10.9641746564
3.64030048608	5.24522292994	0.577106169833	-0.0	-0.0	0.0108864721867	0.382960080279	0.000293744387731	18.6423354173	10.9790411317
3.64250994255	5.24617834395	0.576450056558	-0.0	-0.0	0.0108968437467	0.382953680579	0.000293757911609	18.6596389838	11.0129898569
3.64295183385	5.24609996816	0.575574001965	-0.0	-0.0	0.0109103873067	0.382945323519	0.000293973355361	18.6823989279	11.0582290891
3.64206805126	5.24578159822	0.574465622075	-0.0	-0.0	0.0109278105333	0.382934572342	0.000294367392774	18.7116185387	11.1159028143
3.64206805126	5.2474522293	0.572088475774	-0.0	-0.0	0.0109653968133	0.382911383912	0.000295062886614	18.7747305876	11.2405698282
3.65488289881	5.26592356688	0.550887861358	-0.0	-0.0	0.01131748792	0.382694075461	0.000300547308911	19.3721264638	12.4184379696
3.66195315952	5.27843262185	0.5298565525	-0.0	-0.0	0.0117002902933	0.382457720659	0.000307071366027	20.0338955413	13.7186164817
3.66725585506	5.28535031847	0.511507587871	-0.0	-0.0	0.01206754608	0.382230880004	0.000313443520385	20.6798636391	14.9805447721
3.67609368095	5.29681528662	0.495078787308	-0.0	-0.0	0.0124285490533	0.382007824039	0.000319380990297	21.3245962711	16.2307364201
3.69155987627	5.30896376351	0.479969515506	-0.0	-0.0	0.01279275704	0.381782704576	0.000324775756763	21.9845259065	17.4994581121
3.70790985418	5.32243732149	0.46593638445	-0.0	-0.0	0.0131643214933	0.381552954324	0.000330205997714	22.6673159748	18.7990465819
3.71542200619	5.33153553299	0.453176210506	-0.0	-0.0	0.0135363507067	0.381322837485	0.000336398493707	23.3603436782	20.1022510526
3.72514361467	5.34030418251	0.442195858619	-0.0	-0.0	0.01388941736	0.381104358309	0.000342015841727	24.0259428012	21.3359625907
3.73221387539	5.34938232499	0.432144348726	-0.0	-0.0	0.0142436939733	0.380885059213	0.000347875382701	24.7010854276	22.5715861045
3.74237737517	5.35294117647	0.423155411841	-0.0	-0.0	0.0145923324	0.380669176672	0.000353315249585	25.3723282848	23.7812995608
3.74414494034	5.355042681	0.41478023249	-0.0	-0.0	0.0149523432267	0.380446168381	0.000359717437099	26.0709848321	25.0179034379
3.75298276624	5.36165508528	0.407364864171	-0.0	-0.0	0.01531051036	0.380224226919	0.000365370521955	26.7708254188	26.2275944079
3.76403004861	5.37235721048	0.401089254236	-0.0	-0.0	0.0156541339733	0.380011218631	0.000370486723307	27.4452310369	27.3622902127
3.77021652673	5.37598487236	0.395377455756	-0.0	-0.0	0.0160203404533	0.379784138456	0.000376435359276	28.1654275167	28.528950001
3.7817057004	5.37354696827	0.391021937763	-0.0	-0.0	0.0163805580933	0.379560687821	0.000381610742683	28.8682801252	29.5954822418
3.79628811312	5.3786407767	0.387935097524	-0.0	-0.0	0.0167494498533	0.379331765574	0.000386503963668	29.5818894895	30.5867563225
3.80468404772	5.38572323106	0.385848945024	-0.0	-0.0	0.0171536889067	0.379080815022	0.000392496664794	30.3561718828	31.5684887784
3.80468404772	5.3808630394	0.385685216539	-0.0	-0.0	0.0172135081733	0.379043669932	0.000393494808192	30.4694170394	31.7005629899
3.80512593902	5.38117573483	0.385789169931	-0.0	-0.0	0.0172105263333	0.379045521522	0.000393390744596	30.4627825425	31.6845784304
3.80424215643	5.38360450563	0.385999900297	-0.0	-0.0	0.0172006025333	0.379051680542	0.000393299679437	30.4418212842	31.6443850006
3.80291648255	5.38372456964	0.386277956116	-0.0	-0.0	0.01718904456	0.379058860582	0.00039322117615	30.4171506229	31.594505517
3.80335837384	5.38403755869	0.386430265086	-0.0	-0.0	0.0171828699867	0.379062694616	0.000393060119832	30.4039378771	31.5675189098
3.80203269996	5.3827856025	0.386775533684	-0.0	-0.0	0.01716859528	0.379071558251	0.000392930431962	30.3734727926	31.5058703176
3.80159080866	5.3827856025	0.387224301128	-0.0	-0.0	0.0171501267867	0.379083025758	0.000392631494916	30.3340977309	31.4260969516
3.79628811312	5.38369905956	0.389355252575	-0.0	-0.0	0.01706294408	0.379137156621	0.000391549369879	30.1484177696	31.0505384111
3.7817057004	5.37774984287	0.397377064369	-0.0	-0.0	0.01674356016	0.379335418567	0.000387076771248	29.4730635847	29.688429989
3.76844896156	5.37271581601	0.406286466937	-0.0	-0.0	0.0164037507733	0.379546290388	0.000382080518707	28.7628807141	28.2640955473
3.76005302696	5.36983275481	0.414830371809	-0.0	-0.0	0.0160906825333	0.379740504336	0.000377084890747	28.116211988	26.9767278538
3.75695978789	5.36446828653	0.423602678661	-0.0	-0.0	0.0157808553067	0.379932643953	0.000371614925704	27.4835511052	25.7276948258
3.74502872293	5.35651074589	0.432606139553	-0.0	-0.0	0.0154743623067	0.38012266503	0.000367073387862	26.8646316578	24.5165023358
3.73795846222	5.35052198671	0.442346232438	-0.0	-0.0	0.0151550994533	0.380320534097	0.000361809784708	26.2274547242	23.2809955149
3.73177198409	5.34705509816	0.452590999561	-0.0	-0.0	0.0148316887067	0.380520912683	0.000356373395639	25.5897703396	22.057846352
3.72337604949	5.33967649857	0.463600925405	-0.0	-0.0	0.0144959934	0.380728832452	0.000350915382497	24.9365206456	20.8217835495
3.7145382236	5.32604562738	0.474925497144	-0.0	-0.0	0.0141610572533	0.380936218727	0.000345510159374	24.2933842403	19.6258637558
3.70437472382	5.31852791878	0.487782919693	-0.0	-0.0	0.0137938848667	0.381163480129	0.00033962580786	23.5987802466	18.3558017795
3.69244365886	5.30307838781	0.501792688073	-0.0	-0.0	0.0134071160933	0.381402773037	0.000333524746712	22.8783313001	17.0666327586
3.67786124613	5.29220985692	0.517328445086	-0.0	-0.0	0.0129895113467	0.381661055693	0.000327086491808	22.1134463919	15.7375893784
3.66327883341	5.28298279159	0.533233099292	-0.0	-0.0	0.0125746587867	0.381917521986	0.000320672611142	21.3660783886	14.4783082296
3.65223155104	5.26872808416	0.551264730901	-0.0	-0.0	0.0121117381733	0.38220357889	0.000313045924963	20.5478554747	13.1563637371
3.63411400795	5.24864347271	0.571680096304	-0.0	-0.0	0.0115982158533	0.382520749697	0.000305085862902	19.659963066	11.7862879736
3.62085726911	5.23418530351	0.593065586288	-0.0	-0.0	0.0110636225333	0.382850761761	0.00029630709036	18.7554675114	10.4736329705
3.5881573133	5.20416666667	0.620115225318	-0.0	-0.0	0.0104102220533	0.383253875657	0.000286892888896	17.6805595171	8.99448808917
3.5545735749	5.18035426731	0.652523398568	-0.0	-0.0	0.00965482125333	0.38371959025	0.000275617700989	16.47802067	7.45198747529
3.52231551038	5.15932642487	0.685045274028	-0.0	-0.0	0.00892951114667	0.384166422594	0.000264743636547	15.3642701406	6.12514508679
