# C		CN		K0		e_x		e_y		e_z		n		overlap		p		q
3.30755634114	5.10054533061	0.735786803732	-0.0	-0.0	1.87240000048e-07	0.39105294145	0.000147424780597	5.58651214449	1.79160785489
3.34025629695	5.10855596889	0.667415776053	-0.0	-0.0	0.000531443826667	0.390729348366	0.000155496573329	6.09005097668	2.60248523203
3.38091029607	5.11170568562	0.596257914847	-0.0	-0.0	0.00134984762667	0.390230514854	0.000168095334449	6.9059012454	3.81507343881
3.40919133893	5.11450381679	0.552141377823	-0.0	-0.0	0.00212068413333	0.389760301068	0.000180164425839	7.71284086219	4.92461710149
3.43570481662	5.1165623971	0.522698198171	-0.0	-0.0	0.00286652962667	0.389304986763	0.000191731319101	8.52550925531	5.96838970141
3.47414935926	5.12430668842	0.500405667477	-0.0	-0.0	0.00361248325333	0.388849266651	0.000202560797601	9.3705040344	7.0193285494
3.49491825011	5.13112625771	0.48354325417	-0.0	-0.0	0.00433858268	0.388405349309	0.00021393214112	10.2230515338	8.05215821246
3.50463985859	5.13378684807	0.47059536966	-0.0	-0.0	0.00503626472	0.387978501821	0.000225434351199	11.0700512718	9.05712604536
3.51657092355	5.14124111183	0.460101156536	-0.0	-0.0	0.00572674384	0.387555767828	0.000236616366337	11.9330593057	10.0655720613
3.53601414052	5.13721079692	0.451382014171	-0.0	-0.0	0.00641326198667	0.387135169391	0.000247161215855	12.8155861618	11.0852333173
3.55103844454	5.14249119436	0.443969122735	-0.0	-0.0	0.00707321445333	0.386730574242	0.000257517557852	13.6882043604	12.0942477281
3.55766681396	5.13925263494	0.437739862545	-0.0	-0.0	0.00772982676	0.386327761759	0.000268404802634	14.5779486706	13.1112045313
3.57578435705	5.14440203562	0.432475524438	-0.0	-0.0	0.00836371930667	0.385938638072	0.000278013983239	15.4574567661	14.1116063877
3.5969951392	5.15530903328	0.427940174122	-0.0	-0.0	0.00898968749333	0.385554137568	0.000287174484751	16.3448388393	15.1144856983
3.60583296509	5.15292259084	0.423895960273	-0.0	-0.0	0.00960245564	0.385177504737	0.000297093465486	17.2337135446	16.11936693
3.61555457357	5.15767896563	0.420228336398	-0.0	-0.0	0.01020852716	0.38480476539	0.000306862344129	18.1326710106	17.136196129
3.62395050817	5.16640403404	0.416774694569	-0.0	-0.0	0.0108068733867	0.38443655996	0.000316605251675	19.0390493702	18.1681313574
3.6305788776	5.16509433962	0.413680540014	-0.0	-0.0	0.0114085767867	0.384066057424	0.00032653411598	19.9675596257	19.2201238797
3.64604507291	5.17283563363	0.410454113116	-0.0	-0.0	0.0121410528933	0.383614735257	0.000337889036511	21.1183153908	20.5120979693
3.65974370305	5.17834793492	0.408087637513	-0.0	-0.0	0.0127213886267	0.383256921046	0.000346715930095	22.0467346791	21.5558514453
3.66946531153	5.18071161049	0.405982596667	-0.0	-0.0	0.0132863232	0.382908409515	0.000355643479905	22.964781146	22.5856650801
3.67344233319	5.18204488778	0.404072517099	-0.0	-0.0	0.0138520024667	0.382559228949	0.000365112888189	23.8977741866	23.6286472853
3.68404772426	5.18829754124	0.402255204095	-0.0	-0.0	0.01442276032	0.382206718691	0.000374002722175	24.8539952636	24.6986876753
3.70437472382	5.1926889715	0.400241455458	-0.0	-0.0	0.0150851648267	0.381797354069	0.000383492296474	25.9843202914	25.9668970326
3.7140963323	5.1989480198	0.398676352246	-0.0	-0.0	0.0156255701333	0.38146318762	0.000391907962426	26.9217813052	27.0209130874
3.72558550597	5.20413835701	0.397253991106	-0.0	-0.0	0.0161585611733	0.38113342134	0.000399976210613	27.8592729432	28.0724283374
3.73177198409	5.213712168	0.39579635118	-0.0	-0.0	0.01669558644	0.380800986073	0.000408671608285	28.8181222564	29.1562048616
3.73619089704	5.21865348981	0.395225642967	-0.0	-0.0	0.0169151308667	0.380665028479	0.000412027926042	29.2139374636	29.603441967
3.73442333186	5.21741815936	0.39548359165	-0.0	-0.0	0.0169067821467	0.380670199111	0.000412052410697	29.196229145	29.5643601034
3.73309765798	5.21618282891	0.395602912073	-0.0	-0.0	0.0168967420667	0.380676417201	0.000412009441044	29.176543598	29.5346594155
3.73309765798	5.21618282891	0.395873434836	-0.0	-0.0	0.01688252576	0.380685220998	0.00041173688076	29.1481986173	29.4838541249
3.73265576668	5.21525633107	0.396040543183	-0.0	-0.0	0.0168722147467	0.380691607362	0.000411589693042	29.1278512893	29.4496293334
3.73000441891	5.21309450278	0.396361317694	-0.0	-0.0	0.0168547711067	0.380702410261	0.000411547385354	29.0930959023	29.3883466321
3.7308882015	5.21402100062	0.396663819511	-0.0	-0.0	0.01683766904	0.380713001439	0.000411122891863	29.0591413695	29.3294392737
3.73000441891	5.21439604572	0.397108262106	-0.0	-0.0	0.0168131410133	0.380728189206	0.000410750936562	29.010465369	29.2442461332
3.73000441891	5.21316033364	0.398650671613	-0.0	-0.0	0.01672814476	0.380780824687	0.000409122216795	28.8418384628	28.9501038672
3.71984091913	5.20569130838	0.40538962418	-0.0	-0.0	0.01636665716	0.381004617806	0.000403311851263	28.1299254489	27.7112942808
3.71100309324	5.2	0.412145171896	-0.0	-0.0	0.01601647492	0.381221341634	0.000397560828884	27.448059475	26.5343852848
3.70393283252	5.19851116625	0.418417532721	-0.0	-0.0	0.0157008088667	0.381416644116	0.000392281004451	26.8402712169	25.4946643558
3.69818824569	5.19590189382	0.4247974727	-0.0	-0.0	0.0153861453067	0.381611259136	0.000386872111246	26.2407866384	24.4817388212
3.69111798498	5.18949984467	0.431520804914	-0.0	-0.0	0.0150615938533	0.381811925536	0.00038141771581	25.6292777087	23.4611686915
3.67830313743	5.18244084682	0.438564612829	-0.0	-0.0	0.0147288175867	0.38201760963	0.000376386371802	25.0092905703	22.440278286
3.67830313743	5.18244084682	0.446102642848	-0.0	-0.0	0.01438135024	0.382232299784	0.000369753568071	24.3692326461	21.4005113407
3.66813963765	5.17362842893	0.45433362733	-0.0	-0.0	0.0140122525067	0.382460275612	0.000363718558493	23.6981172791	20.3250707998
3.65753424658	5.17286652079	0.46321688339	-0.0	-0.0	0.0136243910667	0.382699749015	0.000357350449942	23.0027907615	19.2285505922
3.64516129032	5.16306729264	0.473106569911	-0.0	-0.0	0.0132094509467	0.382955837886	0.000350620224807	22.2697938033	18.0871372271
3.62306672559	5.14985862394	0.483895273139	-0.0	-0.0	0.01277572772	0.383223406876	0.000344455859227	21.5172783579	16.9304132861
3.60406539991	5.13507556675	0.49578561211	-0.0	-0.0	0.01231776044	0.383505801354	0.000337529619757	20.7369353472	15.7501690659
3.5885992046	5.13310148593	0.509010091581	-0.0	-0.0	0.01182521716	0.383809381009	0.00032959908444	19.9142368625	14.5355672083
3.56959787892	5.12404822335	0.523747893473	-0.0	-0.0	0.0113024593733	0.384131415273	0.000321451630951	19.0596100906	13.2999240044
3.55368979231	5.11517658288	0.536325051397	-0.0	-0.0	0.0108728496533	0.384395941578	0.000314755986077	18.3705751252	12.329107743
3.55236411843	5.11422208081	0.535779101203	-0.0	-0.0	0.0108816798667	0.384390505639	0.000315042147562	18.3849005465	12.359761429
3.55236411843	5.11422208081	0.535643051688	-0.0	-0.0	0.0108864721867	0.384387555434	0.000315128770358	18.3923729601	12.3700335256
3.55413168361	5.11747851003	0.5352965609	-0.0	-0.0	0.0108968437467	0.384381170539	0.000315160356444	18.4083781474	12.3941829179
3.5545735749	5.11779687997	0.534686450678	-0.0	-0.0	0.0109103873067	0.384372832812	0.000315376431889	18.4299938268	12.4323545107
3.55545735749	5.11875198981	0.534021787618	-0.0	-0.0	0.0109278105333	0.384362106507	0.000315620175112	18.4572816265	12.4765617138
3.55192222713	5.11620503025	0.532483583127	-0.0	-0.0	0.0109653968133	0.384338966534	0.00031663471117	18.5167913517	12.5768158732
3.55943437914	5.12539783577	0.518653890333	-0.0	-0.0	0.01131748792	0.384122159594	0.000322540359924	19.078971086	13.5231238929
3.57224922669	5.13373570521	0.50485789139	-0.0	-0.0	0.0117002902933	0.383886354964	0.000328519740194	19.699514034	14.5603557493
3.58329650906	5.1417697431	0.492668168184	-0.0	-0.0	0.01206754608	0.383660042108	0.000334367424179	20.303983765	15.565408875
3.59876270437	5.15131370687	0.481651114773	-0.0	-0.0	0.0124285490533	0.383437501384	0.00033965468078	20.9060834836	16.5588031813
3.60450729121	5.15491621878	0.471377204206	-0.0	-0.0	0.01279275704	0.3832129035	0.000345906004419	21.5217735301	17.5682011756
3.61025187804	5.15982312066	0.461637393853	-0.0	-0.0	0.0131643214933	0.382983684758	0.000352293101196	22.1582420604	18.6075890239
3.622182943	5.17108585859	0.452566270797	-0.0	-0.0	0.0135363507067	0.382754093959	0.000358088827978	22.804135959	19.6580861175
3.62925320371	5.18176080783	0.444550928106	-0.0	-0.0	0.01388941736	0.382536126536	0.000364007029912	23.4252598595	20.6630555229
3.63234644278	5.1832807571	0.437098227365	-0.0	-0.0	0.0142436939733	0.382317334772	0.000370335813431	24.0556282842	21.6748181902
3.63720724702	5.18720453829	0.43031237269	-0.0	-0.0	0.0145923324	0.38210195467	0.000376361400489	24.6824160735	22.6718478577
3.65178965974	5.1959735766	0.423869574485	-0.0	-0.0	0.0149523432267	0.381879461726	0.000381578453761	25.336372823	23.6998635825
3.65090587715	5.19918187539	0.41802767907	-0.0	-0.0	0.01531051036	0.381658033354	0.000388348101527	25.9926727533	24.7166013088
3.664162616	5.20930232558	0.412981887602	-0.0	-0.0	0.0156541339733	0.381445515754	0.000393309975932	26.6264241652	25.6799069055
3.67344233319	5.21726844584	0.408324410822	-0.0	-0.0	0.0160203404533	0.381218955613	0.00039907897992	27.3055590801	26.6799491967
3.68139637649	5.22654534045	0.404573892451	-0.0	-0.0	0.0163805580933	0.380996019615	0.000404836072413	27.9750105278	27.6213780315
3.69244365886	5.23573667712	0.401726254956	-0.0	-0.0	0.0167494498533	0.380767632024	0.000410321363581	28.6587767731	28.5216166451
3.6977463544	5.23825923607	0.399431214906	-0.0	-0.0	0.0171536889067	0.380517271527	0.000416997000093	29.4066560666	29.453146747
3.69597878922	5.23739430003	0.399211362778	-0.0	-0.0	0.0172135081733	0.380480205406	0.000418260464337	29.5166673979	29.5813850593
3.69597878922	5.23739430003	0.399313971516	-0.0	-0.0	0.0172105263333	0.380482043602	0.000418201630218	29.5105641424	29.5668433959
3.69509500663	5.23676792985	0.399463238259	-0.0	-0.0	0.0172006025333	0.380488200654	0.000418113968943	29.4909654949	29.5349629072
3.69597878922	5.23770748512	0.399649961349	-0.0	-0.0	0.01718904456	0.380495360913	0.000417795930347	29.4682379002	29.4969018881
3.69686257181	5.2386470404	0.399764410013	-0.0	-0.0	0.0171828699867	0.380499186078	0.000417578624923	29.4560081017	29.4752896505
3.69642068051	5.23833385531	0.400027871066	-0.0	-0.0	0.01716859528	0.380508029208	0.000417356363565	29.427676199	29.4253979898
3.6977463544	5.23989978077	0.400363286897	-0.0	-0.0	0.0171501267867	0.380519470185	0.000416856808082	29.3911856545	29.3615380867
3.69818824569	5.24052615096	0.401956066824	-0.0	-0.0	0.01706294408	0.38057347582	0.000415151447298	29.2190246821	29.0606068641
3.6893504198	5.23284236916	0.407903364756	-0.0	-0.0	0.01674356016	0.380771275654	0.000410068573188	28.5923320602	27.9700862402
3.67962881131	5.22857142857	0.414423183515	-0.0	-0.0	0.0164037507733	0.380981655884	0.000404684831473	27.9324375278	26.8309927051
3.67079098542	5.21897580899	0.42062879868	-0.0	-0.0	0.0160906825333	0.381175427736	0.000399710139101	27.3310623543	25.8000245902
3.66725585506	5.21628418736	0.426927003361	-0.0	-0.0	0.0157808553067	0.381367126739	0.000394214237098	26.7420534408	24.7999281164
3.65488289881	5.20616934215	0.433331996601	-0.0	-0.0	0.0154743623067	0.38155670433	0.000389729619377	26.1656710125	23.8295407276
3.65002209456	5.20415879017	0.44018347214	-0.0	-0.0	0.0151550994533	0.381754118786	0.000384225355894	25.5723715387	22.8399615631
3.64604507291	5.20081967213	0.44732207283	-0.0	-0.0	0.0148316887067	0.381954033819	0.000378548824394	24.9781127987	21.8587511082
3.64162615996	5.19741406496	0.454981405186	-0.0	-0.0	0.0144959934	0.382161472808	0.000372679360087	24.3681446263	20.8607600164
3.6305788776	5.18623737374	0.462787920464	-0.0	-0.0	0.0141610572533	0.382368375933	0.00036749476986	23.7669967225	19.892103124
3.62395050817	5.17582070707	0.47158581708	-0.0	-0.0	0.0137938848667	0.382595111582	0.000361256763441	23.1171510236	18.8590090368
3.6133451171	5.16814159292	0.481141885076	-0.0	-0.0	0.0134071160933	0.382833851707	0.000355043680882	22.443139877	17.8029377199
3.59920459567	5.15637860082	0.491817014641	-0.0	-0.0	0.0129895113467	0.383091530071	0.000348614571268	21.7270011518	16.6985827203
3.58329650906	5.14208690136	0.502830779571	-0.0	-0.0	0.0125746587867	0.383347409021	0.00034240385053	21.0266649114	15.6364525529
3.57357490057	5.13174603175	0.515626558068	-0.0	-0.0	0.0121117381733	0.383632804154	0.000334709914603	20.2582305954	14.492357653
3.5634114008	5.12392755005	0.530273283716	-0.0	-0.0	0.0115982158533	0.38394924121	0.000326114742175	19.4212043074	13.2819010302
3.55678303137	5.11963092587	0.545926655156	-0.0	-0.0	0.0110636225333	0.384278489816	0.000316749595381	18.5653323996	12.0897902438
3.54087494476	5.10321758522	0.566044816758	-0.0	-0.0	0.0104102220533	0.384680671139	0.000305918808551	17.5408859699	10.7105605679
3.53115333628	5.09958506224	0.590643980258	-0.0	-0.0	0.00965482125333	0.385145308337	0.000292638383739	16.3920649228	9.22875462608
3.50331418471	5.08402822322	0.615285098779	-0.0	-0.0	0.00892951114667	0.385591106968	0.000281435971008	15.3285168747	7.93130231246
