# C		CN		K0		e_x		e_y		e_z		n		overlap		p		q
3.35041979673	5.11546252532	0.735929102967	-0.0	-0.0	1.87240000048e-07	0.391035214807	0.000145715366629	5.58792451544	1.79088942375
3.39195757844	5.12261944537	0.662102253895	-0.0	-0.0	0.000531443826667	0.390711612304	0.000153488273903	6.09698505204	2.65917758125
3.43482103403	5.14035087719	0.58753448049	-0.0	-0.0	0.00134984762667	0.39021276427	0.00016600136922	6.91960546566	3.93656299786
3.47326557667	5.15518372703	0.543311126512	-0.0	-0.0	0.00212068413333	0.389742536797	0.000177591524995	7.73076082149	5.07598217021
3.49094122846	5.16247139588	0.51327011071	-0.0	-0.0	0.00286652962667	0.389287209237	0.000189595660734	8.5477895133	6.15896679401
3.49977905435	5.16508972268	0.491679610744	-0.0	-0.0	0.00361248325333	0.388831476603	0.000201951142445	9.39326000029	7.22227047122
3.51701281485	5.1676958076	0.475635011882	-0.0	-0.0	0.00433858268	0.388387545595	0.00021336401344	10.2428620097	8.25769598863
3.53380468405	5.16542810985	0.463490667375	-0.0	-0.0	0.00503626472	0.387960685681	0.000224241569634	11.0841771415	9.25815581137
3.55678303137	5.17626246381	0.453437781323	-0.0	-0.0	0.00572674384	0.387537939382	0.000234537313506	11.9420032328	10.2687053789
3.57048166151	5.18388960205	0.445031575695	-0.0	-0.0	0.00641326198667	0.387117328701	0.00024529282318	12.8192689623	11.2921457013
3.58373840035	5.19090326714	0.438367039017	-0.0	-0.0	0.00707321445333	0.386712723747	0.000255585617244	13.6835551766	12.2848554313
3.5885992046	5.19385796545	0.432718674713	-0.0	-0.0	0.00772982676	0.386309897565	0.000266398638807	14.5646229267	13.2873482972
3.6049491825	5.19955371374	0.427651382931	-0.0	-0.0	0.00836371930667	0.385920760661	0.000276025387123	15.4375077374	14.2871067199
3.61864781264	5.2048346056	0.423344259099	-0.0	-0.0	0.00898968749333	0.385536246258	0.000285647045945	16.3173794908	15.2860276117
3.62836942112	5.21378653113	0.419656828661	-0.0	-0.0	0.00960245564	0.385159607058	0.000295319473348	17.1959924383	16.2771206742
3.6389748122	5.21310956301	0.416278637546	-0.0	-0.0	0.01020852716	0.384786856862	0.000304774937509	18.0829165883	17.2797623051
3.65311533363	5.2206068268	0.413404407091	-0.0	-0.0	0.0108068733867	0.384418636248	0.000313716566786	18.972539473	18.2764741796
3.67034909412	5.23486759142	0.410796870111	-0.0	-0.0	0.0114085767867	0.384048127391	0.000322429236222	19.8833606584	19.2941017648
3.67874502872	5.24424834541	0.407959870113	-0.0	-0.0	0.0121410528933	0.383596792086	0.000334095263241	21.0135056075	20.5529544842
3.68979231109	5.24410933082	0.405760976846	-0.0	-0.0	0.0127213886267	0.383238967459	0.000342942175329	21.9278056261	21.5791331184
3.69995581087	5.24929444967	0.403866165273	-0.0	-0.0	0.0132863232	0.38289043939	0.00035155910305	22.8308766667	22.5867366991
3.71718957137	5.25726789622	0.40213433333	-0.0	-0.0	0.0138520024667	0.382541254552	0.000359484554074	23.7486228737	23.6081574367
3.72558550597	5.25826575172	0.40049065981	-0.0	-0.0	0.01442276032	0.382188741382	0.000368336360321	24.6896770309	24.6560447213
3.73044631021	5.26255067041	0.398727183801	-0.0	-0.0	0.0150851648267	0.381779357994	0.000379082887934	25.7988080583	25.8901515199
3.74193548387	5.27148194271	0.397421469535	-0.0	-0.0	0.0156255701333	0.38144517799	0.000387070887021	26.7167723063	26.9086832803
3.75165709236	5.27665526888	0.396076158375	-0.0	-0.0	0.0161585611733	0.381115405937	0.000395129201801	27.6369643404	27.9395141573
3.75916924437	5.27808814401	0.394876561839	-0.0	-0.0	0.01669558644	0.380782960015	0.000403444062577	28.5753860275	28.9843927818
3.76093680954	5.27822580645	0.394415039436	-0.0	-0.0	0.0169151308667	0.380646999441	0.00040698269053	28.9625446302	29.4146688188
3.76093680954	5.27822580645	0.394674987519	-0.0	-0.0	0.0169067821467	0.380652170224	0.000406812638236	28.9447607515	29.3754512659
3.75961113566	5.27769159168	0.394834425939	-0.0	-0.0	0.0168967420667	0.380658388495	0.000406769832842	28.9252161176	29.3426546452
3.76005302696	5.27698511166	0.395115074701	-0.0	-0.0	0.01688252576	0.380667193182	0.000406452553483	28.8970655384	29.2913165417
3.75740167919	5.27614024201	0.395346447162	-0.0	-0.0	0.0168722147467	0.380673579098	0.000406542516459	28.8764868457	29.2516998645
3.75828546178	5.27676078188	0.395675832163	-0.0	-0.0	0.0168547711067	0.380684379716	0.000406119059286	28.8421558902	29.1902682272
3.75695978789	5.27582997208	0.396024275928	-0.0	-0.0	0.01683766904	0.380694973798	0.000405936881437	28.8082155462	29.1277758503
3.75916924437	5.27769159168	0.396521536485	-0.0	-0.0	0.0168131410133	0.380710163941	0.000405234434656	28.759700675	29.0386665598
3.75695978789	5.27560521415	0.398252526256	-0.0	-0.0	0.01672814476	0.38076279902	0.000403861327495	28.5918100438	28.7308673687
3.74679628811	5.27504667082	0.405819415583	-0.0	-0.0	0.01636665716	0.380986605136	0.0003980930319	27.8824943248	27.4346682483
3.74237737517	5.27414330218	0.41338294398	-0.0	-0.0	0.01601647492	0.381203334684	0.000391883623192	27.2021161802	26.2056984143
3.72912063632	5.26489859594	0.42040126071	-0.0	-0.0	0.0157008088667	0.381398636958	0.000387243239311	26.5953783777	25.1216210309
3.71630578878	5.25766103815	0.427582658473	-0.0	-0.0	0.0153861453067	0.381593257643	0.000382597454505	25.9978535868	24.0651689092
3.70790985418	5.25360050094	0.435183803152	-0.0	-0.0	0.0150615938533	0.381793928616	0.000377313687869	25.3883669736	23.0004425278
3.70304904993	5.25031328321	0.443140934238	-0.0	-0.0	0.0147288175867	0.381999619966	0.000371509340907	24.7709254975	21.9382606509
3.68758285462	5.24285265473	0.451558115105	-0.0	-0.0	0.01438135024	0.382214317616	0.000366485551638	24.135018847	20.8657595658
3.67874502872	5.23992443325	0.460755714017	-0.0	-0.0	0.0140122525067	0.382442293164	0.000360387664124	23.4686075201	19.7583719574
3.664162616	5.23492263972	0.470785056052	-0.0	-0.0	0.0136243910667	0.382681775894	0.00035450178096	22.7786538055	18.6263744817
3.65178965974	5.22643896268	0.481919209385	-0.0	-0.0	0.0132094509467	0.382937870595	0.000347895832573	22.0510652222	17.4518939976
3.63720724702	5.2111427667	0.494089655431	-0.0	-0.0	0.01277572772	0.38320544692	0.000341118127103	21.3021783663	16.2616002568
3.63234644278	5.20189873418	0.507358485893	-0.0	-0.0	0.01231776044	0.383487859363	0.000333008661271	20.5266023456	15.0575836715
3.61599646487	5.19358933672	0.522062264377	-0.0	-0.0	0.01182521716	0.383791443505	0.000325260218435	19.7083816856	13.8240784988
3.6049491825	5.18074968234	0.537825269827	-0.0	-0.0	0.0113024593733	0.384113487143	0.000316437887701	18.8584061405	12.5973210851
3.58771542201	5.17139216311	0.551316352506	-0.0	-0.0	0.0108728496533	0.384378021148	0.000309898107093	18.1744444949	11.6348081541
3.5881573133	5.1717107359	0.550745485079	-0.0	-0.0	0.0108816798667	0.384372585051	0.000310029588207	18.1887327512	11.6651040978
3.58948298719	5.17266645428	0.550581835517	-0.0	-0.0	0.0108864721867	0.384369636217	0.00031000291348	18.1961076913	11.675903356
3.58904109589	5.17335882728	0.550136067585	-0.0	-0.0	0.0108968437467	0.38436324968	0.000310228531156	18.2121568396	11.7027584517
3.59080866107	5.17495219885	0.549455082786	-0.0	-0.0	0.0109103873067	0.38435491171	0.000310329687556	18.2336267436	11.7419048987
3.59036676977	5.17463352454	0.548657930139	-0.0	-0.0	0.0109278105333	0.384344185093	0.000310689067081	18.2608668769	11.7892077342
3.58904109589	5.17431485022	0.546878297392	-0.0	-0.0	0.0109653968133	0.384321044446	0.000311502639764	18.3201446652	11.8942982628
3.60450729121	5.18670483461	0.530918386102	-0.0	-0.0	0.01131748792	0.384104233573	0.00031670690026	18.8802212284	12.8861286655
3.61290322581	5.19478868764	0.514946320637	-0.0	-0.0	0.0117002902933	0.383868421507	0.00032309822277	19.4993090765	13.9783918917
3.62660185594	5.20857142857	0.500871518832	-0.0	-0.0	0.01206754608	0.383642100256	0.000328714352102	20.1029574914	15.0378322055
3.62836942112	5.20939086294	0.488199150331	-0.0	-0.0	0.0124285490533	0.383419553054	0.000335274467196	20.704802965	16.0849193396
3.63676535572	5.21890862944	0.476436247662	-0.0	-0.0	0.01279275704	0.383194948632	0.000341259791058	21.3198703641	17.1475270719
3.64560318162	5.23089121472	0.465403677154	-0.0	-0.0	0.0131643214933	0.382965723217	0.000347323458066	21.9556842027	18.2370778952
3.6553247901	5.23583412472	0.455243424953	-0.0	-0.0	0.0135363507067	0.382736126096	0.000353302165615	22.6008062277	19.3331942502
3.66106937693	5.2414556962	0.4463876363	-0.0	-0.0	0.01388941736	0.382518151967	0.000359295456736	23.2205457156	20.3751307185
3.66990720283	5.24218503315	0.438209125221	-0.0	-0.0	0.0142436939733	0.382299353834	0.000364974969846	23.8486425385	21.4205171222
3.67830313743	5.25252525253	0.430805434577	-0.0	-0.0	0.0145923324	0.382083963325	0.00037057297863	24.472874776	22.4480221193
3.69465311533	5.26156751653	0.423806703937	-0.0	-0.0	0.0149523432267	0.381861469913	0.0003755622431	25.1237113526	23.5051022989
3.70790985418	5.26861451461	0.417529577612	-0.0	-0.0	0.01531051036	0.381640038115	0.000380802648287	25.7774828091	24.5462734929
3.7140963323	5.27195734003	0.412181731521	-0.0	-0.0	0.0156541339733	0.38142751528	0.000386463066055	26.4086023594	25.5269181163
3.72116659302	5.27711598746	0.407219182934	-0.0	-0.0	0.0160203404533	0.3812009427	0.00039241996124	27.0846656938	26.5458511493
3.72558550597	5.28298339079	0.403240414083	-0.0	-0.0	0.0163805580933	0.380978000212	0.000398472486253	27.7490820866	27.5002045038
3.72735307114	5.28289473684	0.40025723826	-0.0	-0.0	0.0167494498533	0.380749605973	0.000404851830127	28.4238152475	28.4035107933
3.73398144057	5.28432905849	0.398100402476	-0.0	-0.0	0.0171536889067	0.380499231938	0.000411186849596	29.1559099088	29.3100811298
3.73619089704	5.2861163227	0.39784930383	-0.0	-0.0	0.0172135081733	0.380462180342	0.000411982290666	29.2639969146	29.4392433781
3.73574900574	5.28683140444	0.397945706517	-0.0	-0.0	0.0172105263333	0.380464018348	0.000411969988858	29.2576175361	29.4249543043
3.73309765798	5.28432905849	0.398168763244	-0.0	-0.0	0.0172006025333	0.380470166468	0.000412073409845	29.2378140539	29.3868432841
3.73265576668	5.28504380476	0.398378343741	-0.0	-0.0	0.01718904456	0.380477326936	0.000411905714633	29.2151133472	29.3469533224
3.73309765798	5.28638497653	0.398506836988	-0.0	-0.0	0.0171828699867	0.380481152213	0.000411740341033	29.2028742313	29.3241995509
3.73265576668	5.28513302034	0.398802707007	-0.0	-0.0	0.01716859528	0.380489994793	0.000411519140923	29.1745764008	29.271734864
3.73177198409	5.28450704225	0.399173959356	-0.0	-0.0	0.0171501267867	0.380501429865	0.000411269646293	29.1381696055	29.2050902278
3.72956252762	5.28365685661	0.400956492882	-0.0	-0.0	0.01706294408	0.380555434489	0.000409869402952	28.9661147802	28.8892357
3.72558550597	5.2796742875	0.407660515777	-0.0	-0.0	0.01674356016	0.380753249782	0.000404288206091	28.3401752814	27.7422084312
3.72116659302	5.28105395232	0.415059311676	-0.0	-0.0	0.0164037507733	0.380963643267	0.00039836166977	27.6813376403	26.5424445494
3.7145382236	5.27486664575	0.42211369815	-0.0	-0.0	0.0160906825333	0.381157410079	0.000393173185606	27.0808296958	25.4572303101
3.70349094123	5.26878340145	0.429289302073	-0.0	-0.0	0.0157808553067	0.381349111713	0.000388491746603	26.4926670626	24.4051800804
3.69642068051	5.26803149606	0.436604538261	-0.0	-0.0	0.0154743623067	0.381538701249	0.000383474619818	25.9174342767	23.385160313
3.68360583297	5.26073232323	0.444401797843	-0.0	-0.0	0.0151550994533	0.381736121452	0.000378812113601	25.3251157444	22.3484148523
3.67388422448	5.25608599431	0.452440497864	-0.0	-0.0	0.0148316887067	0.381936042305	0.00037374451665	24.7324081947	21.328049072
3.66769774635	5.2495256167	0.460991141281	-0.0	-0.0	0.0144959934	0.382143488653	0.000368089060335	24.1249542259	20.2971132906
3.65885992046	5.23821575451	0.469772376552	-0.0	-0.0	0.0141610572533	0.38235038825	0.000362711667728	23.5265930107	19.2949136336
3.64825452939	5.23264659271	0.479671231669	-0.0	-0.0	0.0137938848667	0.38257713873	0.00035691312033	22.8799054219	18.2281656686
3.63941670349	5.22461928934	0.490529677785	-0.0	-0.0	0.0134071160933	0.382815892438	0.000350573947935	22.2085773215	17.1341827979
3.63234644278	5.21777777778	0.502678273772	-0.0	-0.0	0.0129895113467	0.383073577642	0.00034350722112	21.4950571765	15.9921071694
3.62483429076	5.20634920635	0.515055273479	-0.0	-0.0	0.0125746587867	0.383329458068	0.000336506883749	20.7970838906	14.9037738485
3.61157755192	5.19618441971	0.529003114222	-0.0	-0.0	0.0121117381733	0.383614861508	0.000329106540475	20.0312575201	13.7531069339
3.59522757402	5.1821656051	0.544731090551	-0.0	-0.0	0.0115982158533	0.383931307777	0.000321034178036	19.1983167608	12.549253316
3.57578435705	5.16570881226	0.561519444246	-0.0	-0.0	0.0110636225333	0.384260565967	0.000312832374462	18.3488390089	11.368999178
3.55987627044	5.14632587859	0.582825912205	-0.0	-0.0	0.0104102220533	0.384662758998	0.000302111224694	17.337254763	10.0191360759
3.53159522757	5.12243589744	0.60895217473	-0.0	-0.0	0.00965482125333	0.385127409721	0.000290453860238	16.204157502	8.57106468957
3.50684931507	5.11050257732	0.635981111796	-0.0	-0.0	0.00892951114667	0.38557322133	0.00027911662112	15.1547613309	7.28438965236
