# C		CN		K0		e_x		e_y		e_z		n		overlap		p		q
3.36058329651	5.13995943205	0.736000842675	-0.0	-0.0	1.87240000048e-07	0.390880343513	0.000140773527265	5.58513564219	1.78940545853
3.40035351304	5.14481605351	0.657181585965	-0.0	-0.0	0.000531443826667	0.390556658711	0.000148702471936	6.11213890118	2.71610841791
3.43482103403	5.15593895156	0.577712620044	-0.0	-0.0	0.00134984762667	0.390057683811	0.000161718333259	6.96639645759	4.09453492485
3.46486964207	5.16112026359	0.53035516947	-0.0	-0.0	0.00212068413333	0.38958733675	0.000173763249968	7.8102533158	5.33997189065
3.48387096774	5.16530009839	0.49919967211	-0.0	-0.0	0.00286652962667	0.389131893392	0.000185683726523	8.65877787631	6.50968808431
3.50596553248	5.1654723127	0.4767610026	-0.0	-0.0	0.00361248325333	0.388676044112	0.000197260462002	9.53735741767	7.66356967535
3.51657092355	5.1676958076	0.460412052853	-0.0	-0.0	0.00433858268	0.388232000948	0.000209049328111	10.4206930472	8.7819811598
3.53733981441	5.17097608274	0.447689741731	-0.0	-0.0	0.00503626472	0.387805032476	0.000219740154408	11.2984694353	9.87706255072
3.56031816173	5.18082368082	0.437116502958	-0.0	-0.0	0.00572674384	0.387382178664	0.000230145480274	12.1956910232	10.9880999699
3.58683163942	5.18771985929	0.428256082266	-0.0	-0.0	0.00641326198667	0.386961461014	0.000240199496381	13.1159762476	12.1178516166
3.59478568272	5.18596491228	0.421113318513	-0.0	-0.0	0.00707321445333	0.386556751189	0.000250924504101	14.0236046665	13.2199987852
3.6137870084	5.18686548223	0.415038807416	-0.0	-0.0	0.00772982676	0.386153824533	0.000260800094448	14.9492250485	14.3349928578
3.62969509501	5.19323213156	0.409808351799	-0.0	-0.0	0.00836371930667	0.385764588664	0.000270501379605	15.8659167245	15.4383033361
3.63411400795	5.19494470774	0.405414687114	-0.0	-0.0	0.00898968749333	0.385379976472	0.000280857331875	16.7905905988	16.5395570231
3.64958020327	5.2072555205	0.401531761688	-0.0	-0.0	0.00960245564	0.385003241486	0.000290105010934	17.7147642457	17.6395178752
3.65885992046	5.21298046629	0.398251398881	-0.0	-0.0	0.01020852716	0.384630396492	0.00029967930281	18.6460478163	18.7367921784
3.67300044189	5.22155876807	0.395328259698	-0.0	-0.0	0.0108068733867	0.384262082233	0.000308728893879	19.5833992979	19.8388602273
3.68448961555	5.22281416484	0.392616458773	-0.0	-0.0	0.0114085767867	0.383891479149	0.000318038943645	20.5439971072	20.9688364884
3.69995581087	5.23389618512	0.389614392539	-0.0	-0.0	0.0121410528933	0.38344002906	0.000329229065207	21.7374681165	22.3718913367
3.70525850641	5.2421019706	0.387507131493	-0.0	-0.0	0.0127213886267	0.383082113432	0.000338690395214	22.7011223029	23.4999951396
3.71542200619	5.24570714955	0.385552949738	-0.0	-0.0	0.0132863232	0.382733496725	0.000347418033604	23.6548136145	24.6195844996
3.7313300928	5.24813432836	0.383747769986	-0.0	-0.0	0.0138520024667	0.382384223083	0.000355608756662	24.6257942136	25.7579726627
3.74149359258	5.25488978578	0.382029005195	-0.0	-0.0	0.01442276032	0.38203161382	0.000364412477642	25.6214013727	26.9264663656
3.75342465753	5.26247288503	0.380128939282	-0.0	-0.0	0.0150851648267	0.38162213276	0.000374615176175	26.797189239	28.3097192521
3.76049491825	5.26330445545	0.378720328882	-0.0	-0.0	0.0156255701333	0.381287874278	0.000383180779116	27.7716391591	29.4529799917
3.77551922227	5.26348228043	0.377480032508	-0.0	-0.0	0.0161585611733	0.380958011848	0.000390760580156	28.7440856342	30.5883323694
3.79363676536	5.27035330261	0.376310102597	-0.0	-0.0	0.01669558644	0.380625481378	0.000398080706142	29.7385247447	31.7483800402
3.79186920018	5.26873464373	0.375833385048	-0.0	-0.0	0.0169151308667	0.380489486227	0.000402036691708	30.1491538779	32.2288958852
3.790101635	5.26951444376	0.376069199776	-0.0	-0.0	0.0169067821467	0.38049464863	0.000402054668439	30.1305543258	32.1881779598
3.78877596111	5.26998769988	0.376218614997	-0.0	-0.0	0.0168967420667	0.380500878177	0.000402006335887	30.1098771302	32.1529020334
3.78656650464	5.26875768758	0.376492980827	-0.0	-0.0	0.01688252576	0.380509675848	0.000401970398037	30.0801664084	32.096996731
3.78745028723	5.2696801968	0.376680593239	-0.0	-0.0	0.0168722147467	0.380516072644	0.000401680453071	30.0586785742	32.0575552397
3.78656650464	5.26906519065	0.377018804961	-0.0	-0.0	0.0168547711067	0.380526878604	0.000401441440469	30.022179986	31.9889153908
3.78700839593	5.2696801968	0.377342163076	-0.0	-0.0	0.01683766904	0.380537468036	0.000401068962066	29.98648487	31.9225279348
3.78612461335	5.26906519065	0.377810426436	-0.0	-0.0	0.0168131410133	0.380552666791	0.000400694739276	29.9353088316	31.8270946816
3.78700839593	5.27015384615	0.379432496869	-0.0	-0.0	0.01672814476	0.380605315256	0.000398976616165	29.7581058938	31.4980061656
3.76844896156	5.26195618636	0.386522098144	-0.0	-0.0	0.01636665716	0.38082917829	0.000394017845034	29.0102771299	30.1128939423
3.7644719399	5.26065472514	0.393661873998	-0.0	-0.0	0.01601647492	0.381045962956	0.000387744697333	28.2941872517	28.7958650371
3.75519222271	5.26239157373	0.400291588049	-0.0	-0.0	0.0157008088667	0.381241314899	0.000382693960828	27.6562676985	27.6338742949
3.74723817941	5.26288019863	0.407110725375	-0.0	-0.0	0.0153861453067	0.381435985081	0.000377515823641	27.0267086321	26.4970613203
3.73398144057	5.25731176105	0.414344850637	-0.0	-0.0	0.0150615938533	0.381636708356	0.000372652313405	26.384299094	25.3494629777
3.72470172338	5.25140186916	0.421940000072	-0.0	-0.0	0.0147288175867	0.381842446839	0.000367248470752	25.7336503011	24.2026496681
3.71718957137	5.24454148472	0.430108132398	-0.0	-0.0	0.01438135024	0.382057203001	0.00036138276231	25.0627805787	23.0345392118
3.70216526734	5.23242736645	0.43897769701	-0.0	-0.0	0.0140122525067	0.382285242199	0.000355821008102	24.3598384134	21.8318486541
3.69465311533	5.23028785982	0.448606318705	-0.0	-0.0	0.0136243910667	0.382524783477	0.000349179303683	23.6316187481	20.6044251438
3.67918692002	5.2197492163	0.459307293779	-0.0	-0.0	0.0132094509467	0.382780945568	0.000342742225018	22.8642058534	19.3303690361
3.66106937693	5.21012897137	0.470984651604	-0.0	-0.0	0.01277572772	0.383048589762	0.000336134567986	22.0739150373	18.0395846133
3.65178965974	5.20176266918	0.483684985234	-0.0	-0.0	0.01231776044	0.38333106676	0.000328318381947	21.2574208673	16.7363420207
3.62836942112	5.19196710942	0.497846953276	-0.0	-0.0	0.01182521716	0.383634728796	0.000321107685058	20.3976016147	15.3972276456
3.61290322581	5.18129952456	0.513311368558	-0.0	-0.0	0.0113024593733	0.383956855522	0.000312642574814	19.5062644403	14.0531490708
3.60185594344	5.17333333333	0.52667424556	-0.0	-0.0	0.0108728496533	0.384221456803	0.000305569353007	18.7899572684	12.9940495806
3.60362350862	5.17258883249	0.5261476183	-0.0	-0.0	0.0108816798667	0.384216019324	0.000305589734291	18.804995445	13.0255994175
3.60318161732	5.1722715736	0.525988565394	-0.0	-0.0	0.0108864721867	0.384213068283	0.000305713019976	18.8126862088	13.037321291
3.60627485639	5.17449238579	0.525549138076	-0.0	-0.0	0.0108968437467	0.384206681578	0.000305641861339	18.8295873589	13.066727308
3.60583296509	5.17380272756	0.524905733454	-0.0	-0.0	0.0109103873067	0.384198344065	0.000305932969957	18.8521104242	13.1083219888
3.60627485639	5.17279644895	0.524135300253	-0.0	-0.0	0.0109278105333	0.384187618004	0.000306217904148	18.8807601549	13.159424238
3.6049491825	5.17449238579	0.522430738542	-0.0	-0.0	0.0109653968133	0.384164468246	0.000307030911133	18.9430605808	13.2722292723
3.61599646487	5.18839200761	0.507218384611	-0.0	-0.0	0.01131748792	0.38394759722	0.000312638104559	19.5311159316	14.3333983069
3.63146266019	5.20132953466	0.492041222661	-0.0	-0.0	0.0117002902933	0.383711725755	0.000318419233831	20.180860698	15.4999284682
3.63632346443	5.20632911392	0.478622708129	-0.0	-0.0	0.01206754608	0.383485348753	0.000324842141944	20.8145146503	16.633910888
3.64383561644	5.21354001898	0.466478351479	-0.0	-0.0	0.0124285490533	0.383262746655	0.000330900277445	21.4464705657	17.7585296872
3.65311533363	5.224786595	0.455191495449	-0.0	-0.0	0.01279275704	0.38303808341	0.000336855850802	22.0930723145	18.9016973234
3.65753424658	5.22812006319	0.444610062114	-0.0	-0.0	0.0131643214933	0.382808806691	0.00034337845891	22.7618513234	20.0744789301
3.66902342024	5.23195713835	0.434881214369	-0.0	-0.0	0.0135363507067	0.382579152114	0.00034922945444	23.4397985772	21.2534014543
3.67962881131	5.23718150362	0.42635287745	-0.0	-0.0	0.01388941736	0.382361114622	0.000354793359075	24.0913003357	22.3779276545
3.69200176757	5.24560301508	0.418430840285	-0.0	-0.0	0.0142436939733	0.382142260845	0.000360198884355	24.7528587642	23.5110233247
3.69951391958	5.25266792216	0.411238681843	-0.0	-0.0	0.0145923324	0.38192681434	0.00036595074142	25.4109051148	24.6273972271
3.70835174547	5.25964252117	0.404392427702	-0.0	-0.0	0.0149523432267	0.381704261243	0.0003717667426	26.0973543802	25.7804821386
3.71188687583	5.26764982742	0.398215277187	-0.0	-0.0	0.01531051036	0.381482768368	0.000378058760104	26.7866301481	26.9196904265
3.71498011489	5.2679410843	0.392896344792	-0.0	-0.0	0.0156541339733	0.381270194721	0.000384101994269	27.4527648527	27.998782812
3.72205037561	5.27309740056	0.388027837078	-0.0	-0.0	0.0160203404533	0.381043570364	0.000390111753717	28.1657983854	29.1151085112
3.73265576668	5.27954971857	0.384079203313	-0.0	-0.0	0.0163805580933	0.380820573052	0.000395571006035	28.8670890005	30.1667097053
3.7397260274	5.28388507183	0.381180037138	-0.0	-0.0	0.0167494498533	0.380592129145	0.000401451444674	29.5796866353	31.1590704743
3.74944763588	5.28945726762	0.37908598183	-0.0	-0.0	0.0171536889067	0.380341679383	0.000407540389307	30.3546977114	32.1600919294
3.75121520106	5.29123791706	0.378884677323	-0.0	-0.0	0.0172135081733	0.380304610768	0.000408391011806	30.4684545871	32.2984763939
3.75033141847	5.29061428126	0.378981521165	-0.0	-0.0	0.0172105263333	0.380306457233	0.000408428072259	30.4619902581	32.2830316625
3.7476800707	5.28914535246	0.37913747949	-0.0	-0.0	0.0172006025333	0.380312608282	0.000408530236337	30.4414485001	32.2474383439
3.7476800707	5.29017160686	0.379347912483	-0.0	-0.0	0.01718904456	0.380319770571	0.000408311617569	30.4174580278	32.2033950736
3.7476800707	5.29048361934	0.379466857795	-0.0	-0.0	0.0171828699867	0.38032359682	0.000408194117606	30.4045561341	32.1792138976
3.74547061423	5.28901373283	0.379747162836	-0.0	-0.0	0.01716859528	0.380332435054	0.00040816323231	30.3747493683	32.1229074723
3.74458683164	5.28807740325	0.380098562825	-0.0	-0.0	0.0171501267867	0.380343884367	0.000407908650318	30.336302876	32.0512699583
3.73795846222	5.28821506721	0.381779683532	-0.0	-0.0	0.01706294408	0.3803979052	0.000406973101227	30.1549785863	31.7127181873
3.73574900574	5.2851782364	0.388086873615	-0.0	-0.0	0.01674356016	0.380595765464	0.00040114907514	29.495272799	30.4844240945
3.73177198409	5.28347934919	0.395008334156	-0.0	-0.0	0.0164037507733	0.380806210581	0.000395126687655	28.8013480042	29.2029272398
3.72028281043	5.27215784529	0.401621419986	-0.0	-0.0	0.0160906825333	0.381000024947	0.000390409338507	28.1693680372	28.0427229306
3.71674768007	5.27115987461	0.408374697091	-0.0	-0.0	0.0157808553067	0.381191783487	0.000384921631729	27.5505733214	26.915571854
3.71011931065	5.26733605271	0.415275524827	-0.0	-0.0	0.0154743623067	0.381381414812	0.00037981345125	26.9448541949	25.8206113357
3.70304904993	5.26020087884	0.422685053519	-0.0	-0.0	0.0151550994533	0.381578884505	0.000374504886637	26.3209970957	24.7031828005
3.69863013699	5.25832809554	0.430329370504	-0.0	-0.0	0.0148316887067	0.381778856919	0.000368853452319	25.696937133	23.6025930442
3.68537339814	5.25196850394	0.438578406326	-0.0	-0.0	0.0144959934	0.381986356025	0.000363849782471	25.0569781792	22.4821845365
3.67741935484	5.24495586381	0.447014784523	-0.0	-0.0	0.0141610572533	0.38219331094	0.000358326881389	24.4266779668	21.3950067088
3.66327883341	5.23365961478	0.456552540536	-0.0	-0.0	0.0137938848667	0.382420108768	0.000352810599258	23.7452102072	20.235596501
3.6553247901	5.22127525253	0.467017639237	-0.0	-0.0	0.0134071160933	0.382658929734	0.000346321338095	23.0379790628	19.0464516414
3.64250994255	5.21613924051	0.478719734396	-0.0	-0.0	0.0129895113467	0.382916681553	0.000339691424012	22.286744509	17.8053629995
3.62969509501	5.21027592769	0.490558816994	-0.0	-0.0	0.0125746587867	0.383172627054	0.000333121531136	21.5532572296	16.6271553072
3.61069376933	5.20286624204	0.504175284443	-0.0	-0.0	0.0121117381733	0.383458103078	0.000326213018903	20.7494096356	15.3679396764
3.60097216085	5.18751989812	0.51956976226	-0.0	-0.0	0.0115982158533	0.383774629825	0.000317522296388	19.8763705273	14.0488808682
3.58373840035	5.16958877909	0.536160481031	-0.0	-0.0	0.0110636225333	0.384103971751	0.00030908604221	18.9865619464	12.7490643409
3.56164383562	5.15414134954	0.557465221623	-0.0	-0.0	0.0104102220533	0.384506267067	0.000298797004144	17.924434023	11.2516969008
3.53203711887	5.12279576787	0.583719983461	-0.0	-0.0	0.00965482125333	0.38497103343	0.000287186223881	16.7337557086	9.64169002527
3.50861688025	5.10910846476	0.610723219673	-0.0	-0.0	0.00892951114667	0.385416956473	0.000275604889786	15.6297716292	8.21668315197
