# C		CN		K0		e_x		e_y		e_z		n		overlap		p		q
3.4790101635	5.23445294313	0.735783569503	-0.0	-0.0	1.87240000048e-07	0.387631884263	0.000131009361404	5.58787875432	1.79207275645
3.51878038003	5.24357284113	0.646473593351	-0.0	-0.0	0.000531443826667	0.387306473237	0.000139004798427	6.15582492966	2.84731372789
3.54529385771	5.25163826999	0.565744829695	-0.0	-0.0	0.00134984762667	0.386804837284	0.000152129031919	7.06783672097	4.31985859105
3.58683163942	5.26290165531	0.522683145371	-0.0	-0.0	0.00212068413333	0.386331981843	0.000163298039064	7.95731393757	5.57087511977
3.61157755192	5.28349514563	0.4952745577	-0.0	-0.0	0.00286652962667	0.385874109588	0.000174525895401	8.84775954223	6.73033784562
3.63146266019	5.29049919485	0.475761795607	-0.0	-0.0	0.00361248325333	0.385415829246	0.000185824350318	9.76839220813	7.87225593489
3.64516129032	5.29406099518	0.461343637955	-0.0	-0.0	0.00433858268	0.384969417982	0.000196997317522	10.6937272837	8.98780208438
3.66283694211	5.30144	0.450392042771	-0.0	-0.0	0.00503626472	0.38454017247	0.000207386001128	11.6101988983	10.0711981146
3.67520989837	5.30651340996	0.441810083562	-0.0	-0.0	0.00572674384	0.384115063562	0.000217861882928	12.5417483436	11.1498234868
3.6977463544	5.30898697999	0.434369480833	-0.0	-0.0	0.00641326198667	0.383692102208	0.000227727355323	13.4980517193	12.2567841069
3.71144498453	5.31129389434	0.428138769352	-0.0	-0.0	0.00707321445333	0.383285235925	0.000237707186311	14.4444780961	13.3496799609
3.72779496244	5.31494325347	0.422828955479	-0.0	-0.0	0.00772982676	0.382880159009	0.000247391186396	15.4095129494	14.4565110876
3.74193548387	5.32274300094	0.418410451776	-0.0	-0.0	0.00836371930667	0.38248884689	0.000256800667387	16.3626610832	15.5426465075
3.75254087494	5.32131661442	0.414583520093	-0.0	-0.0	0.00898968749333	0.382102183546	0.000266295165352	17.3256174003	16.6349519665
3.76579761379	5.33051643192	0.411286300981	-0.0	-0.0	0.00960245564	0.381723443607	0.000275350295186	18.2882131073	17.7219632983
3.78479893946	5.33561857276	0.408307829827	-0.0	-0.0	0.01020852716	0.381348606026	0.000283875575301	19.2610490289	18.8206214768
3.79231109147	5.34090909091	0.405731560089	-0.0	-0.0	0.0108068733867	0.380978327533	0.000293061776359	20.238247602	19.918073454
3.8064516129	5.34897451833	0.403296493318	-0.0	-0.0	0.0114085767867	0.380605748008	0.000301770324396	21.2402423759	21.0464568427
3.81926646045	5.35326929036	0.400728668047	-0.0	-0.0	0.0121410528933	0.380151895729	0.000312689966421	22.4843854427	22.4389121114
3.83031374282	5.35837971552	0.398929110445	-0.0	-0.0	0.0127213886267	0.379792070006	0.000321229025079	23.4878316668	23.5577839949
3.84224480778	5.35954363244	0.397343014065	-0.0	-0.0	0.0132863232	0.379441590018	0.000329411075135	24.4804405299	24.6616538038
3.86124613345	5.36981248079	0.395908755667	-0.0	-0.0	0.0138520024667	0.379090460192	0.000336982281472	25.4896184005	25.7806197334
3.86831639417	5.37346437346	0.394558093189	-0.0	-0.0	0.01442276032	0.37873596925	0.000345666192466	26.5243591623	26.9277513285
3.88113124171	5.38185718664	0.393109610987	-0.0	-0.0	0.0150851648267	0.378324299105	0.000355318894319	27.7447872242	28.2799185639
3.8904109589	5.3864749082	0.39206723238	-0.0	-0.0	0.0156255701333	0.377988258575	0.000363279347831	28.7555398942	29.394816306
3.89969067609	5.39706332212	0.391225430073	-0.0	-0.0	0.0161585611733	0.377656636409	0.000371061594237	29.7637572769	30.4963557887
3.91515687141	5.39804937519	0.390403231197	-0.0	-0.0	0.01669558644	0.377322332542	0.000378355156505	30.7960382766	31.6258377681
3.92134334954	5.40268047518	0.389937433954	-0.0	-0.0	0.0169151308667	0.377185622183	0.000381364663117	31.2244487446	32.1070896634
3.91869200177	5.40219378428	0.390200554892	-0.0	-0.0	0.0169067821467	0.377190811804	0.000381455199971	31.2044306707	32.0631868908
3.91692443659	5.40201158183	0.390419649604	-0.0	-0.0	0.0168967420667	0.377197064827	0.000381442569566	31.1823225795	32.0210775884
3.91515687141	5.4004876562	0.390767035728	-0.0	-0.0	0.01688252576	0.377205910969	0.000381348533715	31.1504395425	31.9576396403
3.91515687141	5.4004876562	0.391016830449	-0.0	-0.0	0.0168722147467	0.377212332514	0.000381155132656	31.1272789594	31.911836599
3.91648254529	5.39975624619	0.391438771751	-0.0	-0.0	0.0168547711067	0.377223203915	0.000380699295939	31.0881583563	31.8345719855
3.91692443659	5.40109722646	0.391850866698	-0.0	-0.0	0.01683766904	0.377233854594	0.000380335940399	31.0498370049	31.7591183159
3.91471498011	5.3992685157	0.392448440298	-0.0	-0.0	0.0168131410133	0.377249129632	0.000380090335934	30.9948912704	31.6505587614
3.91383119753	5.40012198841	0.394535577262	-0.0	-0.0	0.01672814476	0.377302048612	0.000378580465403	30.8048247217	31.2752660013
3.90057445868	5.39736922606	0.403612937359	-0.0	-0.0	0.01636665716	0.377527115777	0.000373063206908	30.0018562453	29.7019633852
3.88775961114	5.39166411278	0.412694659991	-0.0	-0.0	0.01601647492	0.377745056564	0.000367687809379	29.2338384629	28.2173056185
3.874060981	5.38648233487	0.421175488819	-0.0	-0.0	0.0157008088667	0.377941447224	0.000363036341692	28.5493751144	26.9086807493
3.86168802475	5.3812750231	0.429898289351	-0.0	-0.0	0.0153861453067	0.378137158692	0.000358245082766	27.8742791473	25.6337296352
3.85240830756	5.37692782233	0.439191441956	-0.0	-0.0	0.0150615938533	0.378338948384	0.000353001890556	27.1870214099	24.3508089937
3.83694211224	5.36588380717	0.448985259666	-0.0	-0.0	0.0147288175867	0.378545792058	0.000348147111082	26.4906533082	23.0721293696
3.81970835175	5.35636814379	0.459542968687	-0.0	-0.0	0.01438135024	0.378761687161	0.000343166599797	25.7732071005	21.7749149098
3.80335837384	5.34337162372	0.471032646502	-0.0	-0.0	0.0140122525067	0.378990944933	0.00033764860792	25.0211740535	20.4453232363
3.78391515687	5.33790523691	0.48344532756	-0.0	-0.0	0.0136243910667	0.379231758122	0.0003320557442	24.2438619072	19.101133223
3.77065841803	5.32750546363	0.497132257471	-0.0	-0.0	0.0132094509467	0.379489291908	0.000325421222358	23.4264293937	17.7214139495
3.75740167919	5.31541106596	0.511928740838	-0.0	-0.0	0.01277572772	0.37975835642	0.000318427024595	22.5869074068	16.3411017402
3.73751657092	5.30520702635	0.528049797115	-0.0	-0.0	0.01231776044	0.380042348801	0.000311522183909	21.7178212987	14.9551075204
3.72470172338	5.29833385728	0.545899258043	-0.0	-0.0	0.01182521716	0.380347629588	0.000303378370981	20.8022387002	13.5476413557
3.71056120194	5.28526448363	0.565298690751	-0.0	-0.0	0.0113024593733	0.380671473036	0.000294757554767	19.8516571504	12.1508757529
3.69509500663	5.2711223203	0.582017431842	-0.0	-0.0	0.0108728496533	0.38093748303	0.000287964604175	19.0875701931	11.0602722855
3.69863013699	5.27292782855	0.581413113512	-0.0	-0.0	0.0108816798667	0.380932018968	0.000287848505352	19.102843984	11.0913210036
3.69995581087	5.27418846517	0.581031849318	-0.0	-0.0	0.0108864721867	0.380929054438	0.00028783667672	19.1114445249	11.1103385731
3.70172337605	5.2754491018	0.580435300524	-0.0	-0.0	0.0108968437467	0.380922631424	0.000287888123111	19.12932618	11.1427171798
3.6977463544	5.27292782855	0.579578850215	-0.0	-0.0	0.0109103873067	0.380914246856	0.00028844655564	19.1529062091	11.188094573
3.70172337605	5.27670973842	0.578466583826	-0.0	-0.0	0.0109278105333	0.380903460291	0.000288458362842	19.183348036	11.2471109711
3.70128148475	5.27504725898	0.576086152894	-0.0	-0.0	0.0109653968133	0.380880190317	0.000289185787624	19.2491223355	11.3745114377
3.70835174547	5.28638941399	0.554993992211	-0.0	-0.0	0.01131748792	0.380662165358	0.000295114175234	19.870833511	12.5725459445
3.72116659302	5.29631959736	0.53418434719	-0.0	-0.0	0.0117002902933	0.380425035982	0.000301144601528	20.5590344023	13.890250888
3.73398144057	5.31267694243	0.516063014149	-0.0	-0.0	0.01206754608	0.380197454848	0.000306866104931	21.2309198105	15.1679972554
3.74149359258	5.32065388243	0.499871650885	-0.0	-0.0	0.0124285490533	0.379973660747	0.00031289825204	21.9018950308	16.4327470349
3.75342465753	5.3289391086	0.485024988197	-0.0	-0.0	0.01279275704	0.379747801075	0.000318584721603	22.5885093634	17.7140448447
3.76535572249	5.34410288582	0.47127222757	-0.0	-0.0	0.0131643214933	0.379517294585	0.000324398948544	23.2995354162	19.0252193611
3.77463543968	5.3537158984	0.458776412267	-0.0	-0.0	0.0135363507067	0.379286419285	0.000330435620363	24.0213764351	20.339886396
3.78391515687	5.36226888123	0.448014571868	-0.0	-0.0	0.01388941736	0.379067222075	0.000336095413736	24.7147682001	21.5854148938
3.79628811312	5.3703472005	0.438309631404	-0.0	-0.0	0.0142436939733	0.378847201053	0.00034148074254	25.4177852149	22.8233698159
3.80335837384	5.37582005623	0.429661081419	-0.0	-0.0	0.0145923324	0.378630605564	0.000347208423314	26.116662963	24.0335154536
3.82147591692	5.38231631382	0.421561511203	-0.0	-0.0	0.0149523432267	0.378406865583	0.000352101376245	26.8445617469	25.2743754061
3.83694211224	5.39049394222	0.414438483698	-0.0	-0.0	0.01531051036	0.378184191477	0.000357143867436	27.5732761205	26.4848587341
3.84577993814	5.39336639802	0.408455696781	-0.0	-0.0	0.0156541339733	0.377970491672	0.000362473954689	28.2749874802	27.6170447718
3.85594343791	5.40167234438	0.403154467086	-0.0	-0.0	0.0160203404533	0.377742651212	0.000368020371512	29.022555541	28.7691362768
3.86301369863	5.40185471406	0.399114575085	-0.0	-0.0	0.0163805580933	0.377518462763	0.000373646802935	29.7539916666	29.8272440814
3.86875828546	5.40444581661	0.396237893253	-0.0	-0.0	0.0167494498533	0.377288792094	0.000379442944111	30.4975229265	30.8175689144
3.88024745913	5.41016949153	0.394217715986	-0.0	-0.0	0.0171536889067	0.377037027265	0.00038517497331	31.3069975572	31.8130990028
3.88378258948	5.41176470588	0.393976143369	-0.0	-0.0	0.0172135081733	0.376999750716	0.000385835641273	31.4268620845	31.9562691412
3.88334069819	5.41219963031	0.394130832248	-0.0	-0.0	0.0172105263333	0.3770016084	0.000385815574504	31.4191947157	31.9347918682
3.88068935042	5.41653810552	0.394322943015	-0.0	-0.0	0.0172006025333	0.377007790881	0.0003858970451	31.3975119891	31.8957812837
3.87847989395	5.41468682505	0.394613631123	-0.0	-0.0	0.01718904456	0.377014991253	0.000385900265713	31.3716617476	31.8438749372
3.87759611136	5.41406973156	0.394757917813	-0.0	-0.0	0.0171828699867	0.377018836989	0.000385873857795	31.3580275881	31.8173176222
3.87759611136	5.41481481481	0.395108363569	-0.0	-0.0	0.01716859528	0.377027730831	0.000385607335243	31.3262040793	31.7541869006
3.87671232877	5.41358024691	0.395565268073	-0.0	-0.0	0.0171501267867	0.377039236084	0.000385350411191	31.2850696571	31.6723694503
3.87273530711	5.41123803643	0.397734036304	-0.0	-0.0	0.01706294408	0.377093536885	0.000384116978773	31.0912561197	31.2874491312
3.87008395935	5.41025641026	0.405879932876	-0.0	-0.0	0.01674356016	0.377292457954	0.000378414905058	30.3861596183	29.8930794307
3.85947856827	5.40712074303	0.414834901731	-0.0	-0.0	0.0164037507733	0.37750402558	0.000373115629756	29.645061939	28.4432560726
3.84798939461	5.39906976744	0.42341085528	-0.0	-0.0	0.0160906825333	0.377698871069	0.000368404030844	28.9705687076	27.1343714517
3.83694211224	5.39192546584	0.43224087334	-0.0	-0.0	0.0157808553067	0.377891654762	0.000363701382674	28.310572664	25.8628211935
3.82677861246	5.38234379857	0.441290306146	-0.0	-0.0	0.0154743623067	0.378082294899	0.000358972030441	27.6653528975	24.6314565445
3.81573133009	5.37651821862	0.45100684275	-0.0	-0.0	0.0151550994533	0.378280820926	0.000354087132793	27.0012672894	23.3807639114
3.80512593902	5.36783042394	0.461204174125	-0.0	-0.0	0.0148316887067	0.37848185908	0.000349073883634	26.3368087825	22.144352398
3.79231109147	5.36386370741	0.472139235873	-0.0	-0.0	0.0144959934	0.378690464787	0.000344027635556	25.6561343228	20.8964922437
3.77817057004	5.35515189477	0.483314373131	-0.0	-0.0	0.0141610572533	0.378898528962	0.000339109021765	24.9859646048	19.6934304087
3.7728678745	5.35004700721	0.495861399943	-0.0	-0.0	0.0137938848667	0.37912653165	0.000332803509908	24.2617921025	18.423205136
3.76314626602	5.34096612296	0.509489828566	-0.0	-0.0	0.0134071160933	0.379366626444	0.000326510266561	23.5105616662	17.1356401626
3.74723817941	5.32610744581	0.524706303181	-0.0	-0.0	0.0129895113467	0.379625751777	0.000320156733838	22.7130987598	15.8026636153
3.73398144057	5.31456432841	0.540112672361	-0.0	-0.0	0.0125746587867	0.379883060656	0.000313607488009	21.9348728889	14.5478038241
3.71763146266	5.29867674858	0.557550939867	-0.0	-0.0	0.0121117381733	0.380170060725	0.000306396800481	21.0824048727	13.2304126491
3.69421122404	5.28517230477	0.577095815546	-0.0	-0.0	0.0115982158533	0.380488275521	0.000298798256907	20.1551765423	11.8704042507
3.67653557225	5.26955970858	0.597733229982	-0.0	-0.0	0.0110636225333	0.380819373842	0.000290326297046	19.2107927121	10.5597562177
3.65223155104	5.25333757152	0.623629480081	-0.0	-0.0	0.0104102220533	0.381223814615	0.000280118600853	18.0860079643	9.0871239249
3.61953159523	5.22725821896	0.654631296764	-0.0	-0.0	0.00965482125333	0.381691062138	0.000268695398053	16.8332578589	7.55264531748
3.5881573133	5.20949631056	0.685740769813	-0.0	-0.0	0.00892951114667	0.382139365261	0.000257772132905	15.6758207982	6.23189085931
