# C		CN		K0		e_x		e_y		e_z		n		overlap		p		q
3.37339814406	5.14927389395	0.735669223197	-0.0	-0.0	1.87240000048e-07	0.390829893649	0.000140383095605	5.590425725	1.7938314884
3.43216968626	5.1537184595	0.650949223545	-0.0	-0.0	0.000531443826667	0.390506182039	0.000147558327152	6.12082961255	2.78441518327
3.461776403	5.16463213461	0.567112877941	-0.0	-0.0	0.00134984762667	0.390007165811	0.000160789862194	6.97973112897	4.24711731573
3.48166151127	5.16901870692	0.518577381015	-0.0	-0.0	0.00212068413333	0.389536779794	0.000173250925709	7.82436580114	5.54718779263
3.50198851083	5.17374265186	0.487049920825	-0.0	-0.0	0.00286652962667	0.389081298714	0.000185054076809	8.67216844048	6.76012843065
3.53247901016	5.1846802986	0.464611755483	-0.0	-0.0	0.00361248325333	0.388625412895	0.000196147356928	9.54896849077	7.94994273318
3.54927087936	5.19010669253	0.447931917018	-0.0	-0.0	0.00433858268	0.388181331738	0.000207590041636	10.4337914119	9.11483691961
3.55943437914	5.1875	0.435090692329	-0.0	-0.0	0.00503626472	0.387754327902	0.000218866031295	11.3116031253	10.250390592
3.57445868316	5.19010918433	0.424824521626	-0.0	-0.0	0.00572674384	0.387331440252	0.000229647020793	12.2052575793	11.386211172
3.5885992046	5.19193857965	0.416378821297	-0.0	-0.0	0.00641326198667	0.386910686572	0.000240356116451	13.1181636694	12.5319976279
3.59478568272	5.19590923618	0.40964954699	-0.0	-0.0	0.00707321445333	0.386505943227	0.000251082444744	14.0174105605	13.6456694259
3.61069376933	5.20656678355	0.403753318311	-0.0	-0.0	0.00772982676	0.386102983199	0.00026105732685	14.9355272336	14.7804578504
3.63632346443	5.21095977194	0.39885846844	-0.0	-0.0	0.00836371930667	0.385713719804	0.000269904365125	15.842739441	15.893039315
3.64250994255	5.21354001898	0.394591455006	-0.0	-0.0	0.00898968749333	0.385329071045	0.000280053342784	16.7591746155	17.0124822832
3.64958020327	5.22074636306	0.390970611227	-0.0	-0.0	0.00960245564	0.384952304856	0.000289845628576	17.6727473469	18.1205009105
3.67034909412	5.22827455919	0.387698845873	-0.0	-0.0	0.01020852716	0.384579433225	0.000298415223033	18.5948283894	19.2390160298
3.68714096332	5.24072910119	0.384865093559	-0.0	-0.0	0.0108068733867	0.384211084216	0.000307135551586	19.52273882	20.3575407227
3.70039770217	5.24373433584	0.382174541333	-0.0	-0.0	0.0114085767867	0.383840450437	0.000316183007663	20.4746124158	21.5089013809
3.71718957137	5.24976584452	0.379334075216	-0.0	-0.0	0.0121410528933	0.383388963652	0.000327075212117	21.6554215788	22.9277745051
3.73574900574	5.25957049486	0.377279985856	-0.0	-0.0	0.0127213886267	0.383031017685	0.000335225518404	22.6102740296	24.0741902081
3.74370304905	5.26320696085	0.375445821956	-0.0	-0.0	0.0132863232	0.382682372105	0.000344057530919	23.5556726173	25.2073744271
3.75165709236	5.26948152748	0.373706065654	-0.0	-0.0	0.0138520024667	0.382333071984	0.000352878511352	24.5179623084	26.3626149799
3.75695978789	5.27591558038	0.372055209948	-0.0	-0.0	0.01442276032	0.381980430657	0.000362039273276	25.5052954317	27.548572388
3.76403004861	5.28398510242	0.37028807598	-0.0	-0.0	0.0150851648267	0.381570916092	0.000372575216755	26.6713931394	28.9478186942
3.77949624392	5.28858645221	0.368972276096	-0.0	-0.0	0.0156255701333	0.381236623415	0.000380189247447	27.6379082243	30.1050219898
3.79452054795	5.29293863706	0.367655867567	-0.0	-0.0	0.0161585611733	0.380906740174	0.000387709609276	28.6058611799	31.2717561417
3.80203269996	5.29842931937	0.366504174698	-0.0	-0.0	0.01669558644	0.380574182163	0.000396035218855	29.5930659016	32.4529602752
3.80866106938	5.30387931034	0.366030953223	-0.0	-0.0	0.0169151308667	0.380438175748	0.000399063587034	30.0006816509	32.9425353876
3.80335837384	5.3042540074	0.366230190108	-0.0	-0.0	0.0169067821467	0.380443348275	0.000399453574249	29.9825304439	32.9046877547
3.80424215643	5.3045622688	0.366431224664	-0.0	-0.0	0.0168967420667	0.380449568642	0.000399171183541	29.9615755331	32.863633334
3.80159080866	5.30240443896	0.366718259353	-0.0	-0.0	0.01688252576	0.380458371633	0.000399180399658	29.9318874093	32.8053278355
3.80247459125	5.30434782609	0.36692202326	-0.0	-0.0	0.0168722147467	0.380464764367	0.000398892389227	29.9103800533	32.763505332
3.80159080866	5.30342275671	0.367276133634	-0.0	-0.0	0.0168547711067	0.380475571223	0.000398654440468	29.8739208033	32.6919108133
3.79982324348	5.30218933087	0.367619446667	-0.0	-0.0	0.01683766904	0.38048616628	0.000398515286068	29.8382227418	32.6222145211
3.7984975696	5.30095590503	0.368115604626	-0.0	-0.0	0.0168131410133	0.380501361546	0.000398189339198	29.7870912327	32.5221630044
3.79893946089	5.30166563849	0.369838034156	-0.0	-0.0	0.01672814476	0.380554014371	0.000396530035064	29.6100919965	32.1769451012
3.78524083076	5.29397217929	0.377374402302	-0.0	-0.0	0.01636665716	0.380777895946	0.000391067136995	28.8623736473	30.7231199064
3.76977463544	5.2896124031	0.384952064739	-0.0	-0.0	0.01601647492	0.380994694638	0.000385999513122	28.1467132675	29.3432467746
3.75828546178	5.28824626866	0.39204738539	-0.0	-0.0	0.0157008088667	0.381190057827	0.000381164950013	27.5087562952	28.1218586393
3.74900574459	5.28215509187	0.399327325137	-0.0	-0.0	0.0153861453067	0.381384752995	0.000376101067261	26.8793562363	26.9296189904
3.73398144057	5.27176287051	0.407037702981	-0.0	-0.0	0.0150615938533	0.381585489402	0.00037142381557	26.2374475112	25.7285068079
3.72205037561	5.2628125	0.415152237421	-0.0	-0.0	0.0147288175867	0.381791252329	0.000366268995733	25.5872943628	24.5281679593
3.70923552806	5.25720551378	0.423911089635	-0.0	-0.0	0.01438135024	0.382006022367	0.000360871034255	24.9168382589	23.3047005767
3.69863013699	5.24569100595	0.43351412969	-0.0	-0.0	0.0140122525067	0.382234080453	0.000354886279602	24.2151135298	22.0417440288
3.68669907203	5.23610675039	0.443955334948	-0.0	-0.0	0.0136243910667	0.382473641571	0.000348650352296	23.4886732654	20.7542946813
3.67300044189	5.22735849057	0.455533549825	-0.0	-0.0	0.0132094509467	0.382729820872	0.000342093250512	22.7254348037	19.4235516144
3.66018559434	5.21973518285	0.467955579524	-0.0	-0.0	0.01277572772	0.382997491239	0.000335092744247	21.9411226163	18.090166709
3.64516129032	5.21765264157	0.481558541236	-0.0	-0.0	0.01231776044	0.38327998954	0.000327837095663	21.1276912217	16.7388962509
3.63234644278	5.20354542577	0.496785337051	-0.0	-0.0	0.01182521716	0.383583680006	0.000319716958373	20.2708900743	15.3502595853
3.61599646487	5.18700475436	0.51363490157	-0.0	-0.0	0.0113024593733	0.383905832226	0.000311344852437	19.3830447021	13.950639076
3.59964648696	5.1750317662	0.528162196815	-0.0	-0.0	0.0108728496533	0.384170455422	0.000304721787512	18.6693502995	12.8514332556
3.60097216085	5.17566709022	0.527624852142	-0.0	-0.0	0.0108816798667	0.384165017492	0.000304778614997	18.684251602	12.8830712317
3.60141405214	5.17598475222	0.527432218294	-0.0	-0.0	0.0108864721867	0.384162066207	0.000304827939272	18.6919343797	12.8960419115
3.60273972603	5.17624642744	0.526932274973	-0.0	-0.0	0.0108968437467	0.384155684246	0.000304906305399	18.7088315244	12.9276456435
3.60318161732	5.17719911083	0.526238190211	-0.0	-0.0	0.0109103873067	0.384147338193	0.000305122173461	18.7312823129	12.9709159524
3.60185594344	5.17725540025	0.525368657474	-0.0	-0.0	0.0109278105333	0.384136612425	0.000305559355525	18.7600072711	13.0256869643
3.6049491825	5.18011435832	0.523509635807	-0.0	-0.0	0.0109653968133	0.38411345951	0.000305998091928	18.8220910715	13.1438113269
3.61422889969	5.19250317662	0.506790560753	-0.0	-0.0	0.01131748792	0.383896573156	0.000311764233325	19.4091297408	14.2622999791
3.622182943	5.20546205144	0.490166583231	-0.0	-0.0	0.0117002902933	0.383660682156	0.000318224469369	20.0580931292	15.4917662247
3.6301369863	5.21791613723	0.475548291612	-0.0	-0.0	0.01206754608	0.383434286404	0.000324376700311	20.6906004578	16.6848030758
3.63499779054	5.22822631914	0.462353354517	-0.0	-0.0	0.0124285490533	0.38321166689	0.000330676181297	21.3214612489	17.8677801612
3.63941670349	5.23260247855	0.450174670946	-0.0	-0.0	0.01279275704	0.382986984017	0.000337055878856	21.9662480488	19.0663884191
3.64958020327	5.24087591241	0.438786820092	-0.0	-0.0	0.0131643214933	0.382757681315	0.000343023946231	22.6323857357	20.2946924091
3.66195315952	5.25142675967	0.428341688228	-0.0	-0.0	0.0135363507067	0.38252800642	0.000348772988924	23.3078904245	21.5289523135
3.67388422448	5.26354133671	0.419224643409	-0.0	-0.0	0.01388941736	0.382309966931	0.000354191209948	23.9570231173	22.7044315178
3.6809544852	5.2735908803	0.410784723064	-0.0	-0.0	0.0142436939733	0.382091087256	0.000360085896591	24.6161156256	23.8874088763
3.69111798498	5.27862112587	0.403129045912	-0.0	-0.0	0.0145923324	0.38187562887	0.000365552282382	25.2716800951	25.0527848894
3.69376933274	5.28137843819	0.395913393296	-0.0	-0.0	0.0149523432267	0.381653051378	0.000371946896329	25.9551966972	26.2511758666
3.6977463544	5.28666245259	0.389420405389	-0.0	-0.0	0.01531051036	0.381431540157	0.000378161864693	26.6412958611	27.4335368205
3.70260715864	5.28923271235	0.383816204208	-0.0	-0.0	0.0156541339733	0.381218948904	0.000383976543321	27.3036215923	28.5535314551
3.71365444101	5.29093198992	0.378630804161	-0.0	-0.0	0.0160203404533	0.380992315242	0.000389519189588	28.0115911976	29.7147672507
3.72779496244	5.30283018868	0.374495669783	-0.0	-0.0	0.0163805580933	0.380769288121	0.000394542305112	28.7071612486	30.800244569
3.73442333186	5.30788564248	0.371465586688	-0.0	-0.0	0.0167494498533	0.380540816876	0.000400402803116	29.4136077505	31.8213334638
3.74414494034	5.30742713883	0.369399278076	-0.0	-0.0	0.0171536889067	0.380290363357	0.000406411399911	30.180351365	32.8360372017
3.74635439682	5.30786094582	0.369162272806	-0.0	-0.0	0.0172135081733	0.380253284978	0.000407207388859	30.2936574238	32.9806917457
3.74591250552	5.3085839599	0.369299700532	-0.0	-0.0	0.0172105263333	0.380255130333	0.000407190807336	30.2865594263	32.9605694474
3.74414494034	5.30764411028	0.369456536156	-0.0	-0.0	0.0172006025333	0.380261283154	0.000407197886021	30.266199478	32.9242810813
3.74237737517	5.3078369906	0.369680094342	-0.0	-0.0	0.01718904456	0.380268445176	0.000407173337223	30.2423538199	32.8782233788
3.74237737517	5.3078369906	0.36980774593	-0.0	-0.0	0.0171828699867	0.380272272602	0.000407055746414	30.2294201263	32.8526846843
3.74149359258	5.30626959248	0.370096517549	-0.0	-0.0	0.01716859528	0.380281118971	0.000406882869161	30.1997677196	32.7945322251
3.74016791869	5.30532915361	0.370465908863	-0.0	-0.0	0.0171501267867	0.380292557644	0.000406678307276	30.1614264629	32.7197986774
3.73530711445	5.30810301508	0.372234981345	-0.0	-0.0	0.01706294408	0.380346589555	0.000405560110259	29.980630085	32.3664916115
3.73177198409	5.3033919598	0.378900975158	-0.0	-0.0	0.01674356016	0.38054446529	0.000399904470623	29.3224726526	31.0822715276
3.72116659302	5.29393272556	0.386270212136	-0.0	-0.0	0.0164037507733	0.380754926335	0.000394609663431	28.6298630583	29.738672598
3.71763146266	5.29326620516	0.393326448322	-0.0	-0.0	0.0160906825333	0.380948761957	0.000389073594733	27.9991844321	28.5221007875
3.7057003977	5.2876064333	0.40055071137	-0.0	-0.0	0.0157808553067	0.381140531176	0.000384481766897	27.3821157894	27.3402535091
3.69553689792	5.28205938092	0.407927165706	-0.0	-0.0	0.0154743623067	0.381330174063	0.000379761243917	26.778263843	26.1937573352
3.69155987627	5.27970922882	0.415829232729	-0.0	-0.0	0.0151550994533	0.381527656813	0.000374157210675	26.1562684953	25.0260532583
3.68625718073	5.2771274913	0.424061634873	-0.0	-0.0	0.0148316887067	0.381727653231	0.000368608692887	25.5339966662	23.8717977353
3.67697746354	5.26748971193	0.432877504487	-0.0	-0.0	0.0144959934	0.381935169523	0.000363228639262	24.8963129817	22.7027542405
3.66946531153	5.26045627376	0.442017311905	-0.0	-0.0	0.0141610572533	0.382142140453	0.000357685827537	24.2684157089	21.5622722564
3.65753424658	5.24793912492	0.452357717327	-0.0	-0.0	0.0137938848667	0.382368965811	0.000351969702911	23.5898006312	20.3475627337
3.64471939903	5.23563035884	0.46359810071	-0.0	-0.0	0.0134071160933	0.382607800019	0.000345967112947	22.8860674011	19.1098291064
3.63190455148	5.22306959009	0.476121967098	-0.0	-0.0	0.0129895113467	0.382865572105	0.000339385640815	22.1386049092	17.8224584355
3.62262483429	5.2163538021	0.488927817544	-0.0	-0.0	0.0125746587867	0.383121535444	0.000332521557753	21.4084307438	16.5956299779
3.6137870084	5.20496499045	0.503667237461	-0.0	-0.0	0.0121117381733	0.383407038473	0.000324710022724	20.6078850969	15.2864936084
3.6053910738	5.19191597708	0.520434725431	-0.0	-0.0	0.0115982158533	0.383723591435	0.000315914995023	19.7382279034	13.9143177629
3.58285461776	5.1732610083	0.538432622788	-0.0	-0.0	0.0110636225333	0.38405296064	0.000307933231788	18.8520225433	12.5691524074
3.56606274856	5.15659955257	0.561546819066	-0.0	-0.0	0.0104102220533	0.384455289276	0.000297245966118	17.7963369706	11.0256944116
3.53292090146	5.125	0.590247142505	-0.0	-0.0	0.00965482125333	0.384920096663	0.000286027385129	16.6147147582	9.3665829286
3.51436146708	5.10925449871	0.619671416107	-0.0	-0.0	0.00892951114667	0.385366058583	0.000274186523325	15.5204691459	7.90796027305
