# C		CN		K0		e_x		e_y		e_z		n		overlap		p		q
3.39770216527	5.1844856661	0.737023348362	-0.0	-0.0	1.87240000048e-07	0.388813741328	0.000131120735939	5.58807186966	1.78193778397
3.41802916483	5.19455645161	0.663057708942	-0.0	-0.0	0.000531443826667	0.388488958339	0.000139833365419	6.15912157914	2.67648181147
3.43526292532	5.19077848313	0.59346144336	-0.0	-0.0	0.00134984762667	0.387988290532	0.000153460728588	7.08109551377	3.949025867
3.46973044631	5.1822985469	0.554568777165	-0.0	-0.0	0.00212068413333	0.387516347692	0.000165124677778	7.9857787268	5.05957780174
3.49359257623	5.18235487045	0.529462296594	-0.0	-0.0	0.00286652962667	0.38705935912	0.000176702777813	8.89801064568	6.1005383703
3.50773309766	5.17825661117	0.511582335116	-0.0	-0.0	0.00361248325333	0.386601963249	0.000188679534988	9.84642875658	7.13115913623
3.51612903226	5.1767578125	0.498300713519	-0.0	-0.0	0.00433858268	0.386156413549	0.000200600048405	10.8037455511	8.14418645742
3.52364118427	5.17570639818	0.488418259114	-0.0	-0.0	0.00503626472	0.385727996471	0.00021198889135	11.7506162384	9.12275849258
3.53247901016	5.17287147944	0.480413414801	-0.0	-0.0	0.00572674384	0.385303708015	0.000223106457708	12.71368675	10.1067483125
3.5545735749	5.18047051241	0.473854298941	-0.0	-0.0	0.00641326198667	0.384881562967	0.000233280377791	13.6965849774	11.0998113058
3.57048166151	5.18561335902	0.468271462507	-0.0	-0.0	0.00707321445333	0.384475480054	0.000243361661785	14.6667909422	12.0814538061
3.57887759611	5.18481742473	0.463666216421	-0.0	-0.0	0.00772982676	0.384071186362	0.000253810986436	15.6539064872	13.0684028624
3.58152894388	5.18501920615	0.459981031653	-0.0	-0.0	0.00836371930667	0.383680629905	0.000264256222745	16.6276626258	14.0303603735
3.60008837826	5.18801784576	0.456453394991	-0.0	-0.0	0.00898968749333	0.383294712813	0.000273417616131	17.6135663346	15.0145227673
3.61422889969	5.19047619048	0.453667628462	-0.0	-0.0	0.00960245564	0.382916699652	0.000282602665142	18.5949378298	15.9788633586
3.63455589925	5.19785082174	0.450795106366	-0.0	-0.0	0.01020852716	0.382542589681	0.000291258242857	19.5908732161	16.9743250182
3.6469288555	5.20643939394	0.448368413159	-0.0	-0.0	0.0108068733867	0.382173025817	0.000300329602194	20.5912075619	17.9657404413
3.65665046399	5.21304758903	0.446104460654	-0.0	-0.0	0.0114085767867	0.381801165362	0.000309708451769	21.6187328118	18.9849855414
3.66283694211	5.2188976378	0.443671735244	-0.0	-0.0	0.0121410528933	0.381348183608	0.000321542975371	22.8943563984	20.2455638314
3.67653557225	5.23253618628	0.442044639672	-0.0	-0.0	0.0127213886267	0.380989055944	0.000330093682648	23.9199080329	21.2509689193
3.69023420239	5.24018838305	0.440477357695	-0.0	-0.0	0.0132863232	0.380639254172	0.00033831066682	24.9325661118	22.2498742094
3.6973044631	5.24357366771	0.438976289403	-0.0	-0.0	0.0138520024667	0.380288795525	0.000347191183128	25.9690721699	23.2741743225
3.70260715864	5.24123904881	0.437649712577	-0.0	-0.0	0.01442276032	0.379934992114	0.000356273418885	27.0291735938	24.315898574
3.71188687583	5.24984365228	0.436449419019	-0.0	-0.0	0.0150851648267	0.379524119606	0.000366363583084	28.2679361712	25.5172541018
3.72646928856	5.25334995326	0.435320502187	-0.0	-0.0	0.0156255701333	0.37918872053	0.000373966720069	29.2990741365	26.5330222599
3.73795846222	5.26268285092	0.434333855773	-0.0	-0.0	0.0161585611733	0.378857749087	0.000381688168432	30.3281845992	27.5420190614
3.74458683164	5.26180124224	0.43329117593	-0.0	-0.0	0.01669558644	0.378524094137	0.00039004113934	31.3843758495	28.5856169927
3.75077330977	5.26372944462	0.432985794154	-0.0	-0.0	0.0169151308667	0.378387631693	0.000393067160123	31.8181208963	29.0057897953
3.748121962	5.2625698324	0.433317279233	-0.0	-0.0	0.0169067821467	0.378392809938	0.000393172136806	31.7975266008	28.9597802731
3.74591250552	5.26335403727	0.433487558211	-0.0	-0.0	0.0168967420667	0.378399060865	0.000393213642896	31.7747569259	28.9250697157
3.74458683164	5.26374650513	0.4338009314	-0.0	-0.0	0.01688252576	0.378407897672	0.000393085317564	31.7428104448	28.8703123507
3.74502872293	5.26304347826	0.434032128737	-0.0	-0.0	0.0168722147467	0.378414298279	0.000392842801978	31.7194712743	28.8301672111
3.74502872293	5.26312519416	0.434424085201	-0.0	-0.0	0.0168547711067	0.378425149506	0.000392510760242	31.6799390617	28.7622249887
3.74458683164	5.26312519416	0.434805929566	-0.0	-0.0	0.01683766904	0.378435777209	0.00039223250366	31.6412884977	28.696012842
3.74502872293	5.26374650513	0.435356676487	-0.0	-0.0	0.0168131410133	0.378451025186	0.000391718994905	31.5857768781	28.6009045756
3.74060980999	5.26173453528	0.437265865798	-0.0	-0.0	0.01672814476	0.378503852275	0.000390563696083	31.3939190088	28.2733488073
3.73530711445	5.25832555244	0.445556582221	-0.0	-0.0	0.01636665716	0.378728474825	0.000384229371893	30.583333868	26.8995983038
3.72691117985	5.25256929306	0.453845266393	-0.0	-0.0	0.01601647492	0.378945994991	0.000378372039715	29.8061995526	25.5997448696
3.72602739726	5.25272670614	0.46149597524	-0.0	-0.0	0.0157008088667	0.379142009718	0.000372451228611	29.1146765881	24.459338769
3.71011931065	5.25148576791	0.469318037529	-0.0	-0.0	0.0153861453067	0.379337333936	0.000368043503358	28.4325767642	23.3493885151
3.70216526734	5.24358171572	0.477533291211	-0.0	-0.0	0.0150615938533	0.379538744654	0.000362658867456	27.7364623873	22.2366517037
3.69421122404	5.23910999687	0.486139827455	-0.0	-0.0	0.0147288175867	0.379745181317	0.000357098772399	27.0308801915	21.1279765392
3.68448961555	5.22992471769	0.495353233185	-0.0	-0.0	0.01438135024	0.379960662385	0.00035141823709	26.3026857023	20.0032986115
3.67609368095	5.22222222222	0.505375590318	-0.0	-0.0	0.0140122525067	0.380189478822	0.000345144476925	25.5377327185	18.8460702032
3.66593018118	5.21862220824	0.516254357282	-0.0	-0.0	0.0136243910667	0.380429831714	0.000338709800698	24.7473053391	17.6698890012
3.6557666814	5.21241727072	0.528155538545	-0.0	-0.0	0.0132094509467	0.380686856412	0.000331735842731	23.9144084252	16.4623163637
3.64471939903	5.19892812106	0.540764886995	-0.0	-0.0	0.01277572772	0.380955416247	0.000324487526168	23.0595341687	15.2624496351
3.62483429076	5.1918328585	0.554548811298	-0.0	-0.0	0.01231776044	0.381238853504	0.000317497620845	22.171261268	14.0480192776
3.60583296509	5.18297331639	0.569953332019	-0.0	-0.0	0.01182521716	0.381543545105	0.000309776636356	21.2364518672	12.8033603316
3.59213433495	5.17053770283	0.586739253334	-0.0	-0.0	0.0113024593733	0.381866763543	0.00030103998975	20.2659105021	11.5599560063
3.57003977022	5.16139341643	0.600989036682	-0.0	-0.0	0.0108728496533	0.382132262555	0.00029467124914	19.484114699	10.5918975345
3.57003977022	5.16102236422	0.600405349217	-0.0	-0.0	0.0108816798667	0.382126806627	0.000294838085807	19.4999804372	10.6216602981
3.57048166151	5.16166134185	0.600186573592	-0.0	-0.0	0.0108864721867	0.382123845574	0.00029489005803	19.5084399537	10.634200247
3.57092355281	5.16065154903	0.59968130254	-0.0	-0.0	0.0108968437467	0.382117437201	0.000295044921167	19.5266391375	10.6624692908
3.57224922669	5.15996168582	0.598945518259	-0.0	-0.0	0.0109103873067	0.382109068815	0.000295186780932	19.5506102453	10.7023411025
3.57313300928	5.15964240102	0.597997388914	-0.0	-0.0	0.0109278105333	0.382098303067	0.000295438802501	19.5815780992	10.7539129026
3.57313300928	5.16123882503	0.596003719213	-0.0	-0.0	0.0109653968133	0.382075078005	0.000296137287659	19.6482691027	10.863778337
3.58462218294	5.16927000319	0.578118012889	-0.0	-0.0	0.01131748792	0.381857473829	0.000301724082108	20.2792949736	11.9033387232
3.59920459567	5.18306271888	0.560397535552	-0.0	-0.0	0.0117002902933	0.381620802107	0.000307606561247	20.9772894463	13.0446382072
3.61688024746	5.1946031746	0.544943495938	-0.0	-0.0	0.01206754608	0.381393657556	0.000312915696201	21.6584623369	14.1478809994
3.62571807335	5.20564900032	0.53101576908	-0.0	-0.0	0.0124285490533	0.381170298017	0.000318862539409	22.3383994844	15.241799519
3.64162615996	5.21761165664	0.518197912624	-0.0	-0.0	0.01279275704	0.380944874249	0.000324217696446	23.0339407086	16.3491801196
3.64471939903	5.22567353407	0.506332326708	-0.0	-0.0	0.0131643214933	0.380714812631	0.000330834476091	23.7522527164	17.4779032077
3.65620857269	5.2335443038	0.495490235626	-0.0	-0.0	0.0135363507067	0.380484377588	0.000336699008042	24.4827296879	18.6115982016
3.67123287671	5.2398232881	0.486065046195	-0.0	-0.0	0.01388941736	0.380265608663	0.000341866003765	25.1845796644	19.6892220798
3.68448961555	5.24645892351	0.477408117621	-0.0	-0.0	0.0142436939733	0.380046012365	0.000347214757284	25.8977071659	20.7701337238
3.69686257181	5.25849056604	0.469661328456	-0.0	-0.0	0.0145923324	0.3798298349	0.000352508631004	26.6069508573	21.8282835832
3.70349094123	5.26721156869	0.462300644424	-0.0	-0.0	0.0149523432267	0.379606532898	0.000358528576362	27.3455460107	22.9195769841
3.71232876712	5.27418341709	0.455870119654	-0.0	-0.0	0.01531051036	0.379384282382	0.00036424836567	28.0852987737	23.981370398
3.71586389748	5.27187206021	0.450456338955	-0.0	-0.0	0.0156541339733	0.379170993521	0.00037018157309	28.7986995593	24.9766488062
3.72558550597	5.27873473223	0.445801849023	-0.0	-0.0	0.0160203404533	0.378943594281	0.000375840466194	29.5590900463	25.9804837532
3.73353954927	5.28441802253	0.442135237604	-0.0	-0.0	0.0163805580933	0.378719841056	0.000381482228228	30.3060094664	26.9175603915
3.74016791869	5.28741018432	0.439441271627	-0.0	-0.0	0.0167494498533	0.378490611101	0.000387293383852	31.0654391476	27.8048297284
3.74105170128	5.28875	0.437451835431	-0.0	-0.0	0.0171536889067	0.378239321947	0.000394211537448	31.8930869636	28.7077109282
3.74149359258	5.28700811993	0.437143905923	-0.0	-0.0	0.0172135081733	0.378202132582	0.000395202356998	32.0162027978	28.8437796053
3.74060980999	5.2860712055	0.437345048746	-0.0	-0.0	0.0172105263333	0.37820398126	0.000395230624463	32.0085431849	28.8203879609
3.74149359258	5.2890625	0.437498917556	-0.0	-0.0	0.0172006025333	0.378210152214	0.000394950856437	31.9861514124	28.7876249068
3.7397260274	5.28647297719	0.437793827178	-0.0	-0.0	0.01718904456	0.378217330973	0.000394917607482	31.959997376	28.7399649381
3.7397260274	5.28647297719	0.43791211501	-0.0	-0.0	0.0171828699867	0.378221176423	0.000394801882379	31.9461464241	28.7178429456
3.73884224481	5.2852233677	0.43823396989	-0.0	-0.0	0.01716859528	0.378230053681	0.000394627214291	31.9140964294	28.662768293
3.73884224481	5.28625	0.438654785898	-0.0	-0.0	0.0171501267867	0.378241536729	0.000394278733983	31.8725067975	28.5911488777
3.73663278833	5.2840625	0.440679382488	-0.0	-0.0	0.01706294408	0.378295731015	0.000392866194285	31.6766020565	28.2519904541
3.73442333186	5.28307788552	0.448209677443	-0.0	-0.0	0.01674356016	0.37849427159	0.000387060473791	30.9636804619	27.0279764636
3.7229341582	5.27953619555	0.456477733347	-0.0	-0.0	0.0164037507733	0.378705422236	0.000381839177616	30.2138640342	25.7537221595
3.7145382236	5.27155848228	0.464338854663	-0.0	-0.0	0.0160906825333	0.378899906345	0.000376799773729	29.5310116705	24.6053793092
3.70702607159	5.26884422111	0.472347004451	-0.0	-0.0	0.0157808553067	0.379092310257	0.000371712451176	28.8628486233	23.4940331997
3.70481661511	5.26185243328	0.4804666679	-0.0	-0.0	0.0154743623067	0.379282584958	0.000366167305056	28.209362976	22.4215235813
3.69863013699	5.25832809554	0.489143871212	-0.0	-0.0	0.0151550994533	0.37948072534	0.000360781429981	27.5362732017	21.3321959603
3.69200176757	5.24976437323	0.498183860928	-0.0	-0.0	0.0148316887067	0.379681374244	0.000355349231835	26.8623022072	20.256694144
3.68139637649	5.24064171123	0.507792868504	-0.0	-0.0	0.0144959934	0.379889575087	0.000350067452197	26.1712807032	19.1731228783
3.67520989837	5.23677581864	0.517604323072	-0.0	-0.0	0.0141610572533	0.380097240948	0.000344373487944	25.4909416274	18.1259843778
3.66151126823	5.22383354351	0.528543163157	-0.0	-0.0	0.0137938848667	0.380324803739	0.000338773716684	24.755975699	17.0212214918
3.64074237738	5.21227459665	0.540337046123	-0.0	-0.0	0.0134071160933	0.380564435277	0.000333434031991	23.9927927227	15.9014782985
3.62969509501	5.20412044374	0.553402455641	-0.0	-0.0	0.0129895113467	0.380823060504	0.000326617667152	23.1816865888	14.7420640363
3.61599646487	5.18833227647	0.566736645268	-0.0	-0.0	0.0125746587867	0.381079874368	0.000320096020528	22.389536022	13.6405253314
3.60185594344	5.1782650143	0.581764180367	-0.0	-0.0	0.0121117381733	0.381366318947	0.000312695678062	21.5207329847	12.4806425869
3.58638974812	5.16820643517	0.598650789542	-0.0	-0.0	0.0115982158533	0.381683919595	0.000304428294237	20.57344143	11.2735564653
3.5629695095	5.14851485149	0.616454073377	-0.0	-0.0	0.0110636225333	0.382014378903	0.000296410079468	19.6082497226	10.1043085721
3.54264250994	5.1279590531	0.638907994786	-0.0	-0.0	0.0104102220533	0.382418039114	0.000285843863413	18.4571432256	8.77778567942
3.52408307556	5.11942215088	0.666121138617	-0.0	-0.0	0.00965482125333	0.382884384861	0.000273268879414	17.1683050144	7.37333447649
3.49889527176	5.10741935484	0.693755563228	-0.0	-0.0	0.00892951114667	0.383331822768	0.000261715985721	15.9740515766	6.14694236248
