# C		CN		K0		e_x		e_y		e_z		n		overlap		p		q
3.36676977464	5.15010141988	0.735907197986	-0.0	-0.0	1.87240000048e-07	0.390695117328	0.000141219551267	5.58497393698	1.79012398981
3.41537781706	5.16070831941	0.654634426253	-0.0	-0.0	0.000531443826667	0.390371334098	0.000148797486178	6.11330943661	2.74285077561
3.44631020769	5.16810344828	0.575029452651	-0.0	-0.0	0.00134984762667	0.389872207465	0.000161901466994	6.96636479856	4.13081686392
3.47282368537	5.17771183647	0.529385672224	-0.0	-0.0	0.00212068413333	0.389401717377	0.000173985268768	7.80379932176	5.35160902906
3.49491825011	5.18444371513	0.499973958393	-0.0	-0.0	0.00286652962667	0.388946135524	0.00018559723021	8.64334731705	6.48301694596
3.51922227132	5.19086460033	0.478871802249	-0.0	-0.0	0.00361248325333	0.388490148119	0.000196897073605	9.51060612201	7.59483266832
3.538223597	5.19188311688	0.463214718114	-0.0	-0.0	0.00433858268	0.388045969433	0.000208091310319	10.383416785	8.67978634628
3.55280600972	5.19805825243	0.45116857394	-0.0	-0.0	0.00503626472	0.387618871125	0.000218952546735	11.2476943059	9.73500640414
3.57224922669	5.20425257732	0.441262539396	-0.0	-0.0	0.00572674384	0.387195888728	0.000229396693187	12.1311244587	10.8016308797
3.58904109589	5.21027287319	0.433121349487	-0.0	-0.0	0.00641326198667	0.386775043143	0.000239880905951	13.033211654	11.8766698002
3.61157755192	5.22083732822	0.42653179932	-0.0	-0.0	0.00707321445333	0.38637021025	0.000249448714031	13.9229746068	12.9262425775
3.62306672559	5.23013086499	0.420721933898	-0.0	-0.0	0.00772982676	0.385967161069	0.000259727175435	14.8321889587	13.9976491594
3.64383561644	5.2431572247	0.415869166713	-0.0	-0.0	0.00836371930667	0.385577806838	0.000268880421314	15.7297787447	15.0484082763
3.6469288555	5.24110546379	0.411771964219	-0.0	-0.0	0.00898968749333	0.38519307769	0.000279166154763	16.6343558036	16.0974369001
3.66504639859	5.24715189873	0.408159126374	-0.0	-0.0	0.00960245564	0.384816228143	0.000288071534554	17.5384939673	17.1445685402
3.68272205038	5.25488958991	0.404961855184	-0.0	-0.0	0.01020852716	0.384443269771	0.00029686017942	18.4510263899	18.1981115283
3.69288555015	5.26315789474	0.40218574083	-0.0	-0.0	0.0108068733867	0.384074843512	0.000306066500457	19.3680594478	19.2507511253
3.70525850641	5.26855345912	0.399625747476	-0.0	-0.0	0.0114085767867	0.383704127732	0.000315130986255	20.3081069814	20.3292278761
3.71498011489	5.27070263488	0.396770712302	-0.0	-0.0	0.0121410528933	0.383252540362	0.000326614709225	21.4764265128	21.6697690222
3.73044631021	5.27673545966	0.394637172268	-0.0	-0.0	0.0127213886267	0.382894519158	0.000335037974733	22.4217462764	22.757759485
3.73619089704	5.28116213683	0.392799568201	-0.0	-0.0	0.0132863232	0.382545793179	0.000344037921843	23.3566848133	23.8276141855
3.75386654883	5.28673723537	0.390957692848	-0.0	-0.0	0.0138520024667	0.382196416106	0.000351953855474	24.3094036514	24.9261924627
3.76756517897	5.29254658385	0.389286543169	-0.0	-0.0	0.01442276032	0.38184369643	0.000360301770869	25.285670701	26.047227658
3.77551922227	5.29785913745	0.387440112443	-0.0	-0.0	0.0150851648267	0.381434091261	0.00037068946073	26.4376737156	27.3731008066
3.78391515687	5.29211746522	0.385989075523	-0.0	-0.0	0.0156255701333	0.381099728666	0.000378992250802	27.3932968177	28.476282555
3.79761378701	5.29888957434	0.384725882451	-0.0	-0.0	0.0161585611733	0.380769768397	0.000386599474383	28.3474981178	29.5709929512
3.81042863456	5.30449507389	0.383510835602	-0.0	-0.0	0.01669558644	0.380437140599	0.00039433068061	29.3221699795	30.6902858583
3.81219619973	5.30390649031	0.383041571976	-0.0	-0.0	0.0169151308667	0.380301105472	0.000397848213713	29.7244015728	31.1515119734
3.80821917808	5.30387931034	0.383289882421	-0.0	-0.0	0.0169067821467	0.380306273974	0.000398093663894	29.7059387979	31.1108845014
3.8064516129	5.3018170619	0.383465467531	-0.0	-0.0	0.0168967420667	0.380312495718	0.000398090143867	29.6854998413	31.0744501711
3.8064516129	5.3018170619	0.383762456176	-0.0	-0.0	0.01688252576	0.380321305323	0.00039782130863	29.6561080186	31.0183019832
3.80159080866	5.30077041602	0.383995970738	-0.0	-0.0	0.0168722147467	0.380327694805	0.000398133421447	29.6346479767	30.9759260738
3.80203269996	5.3050586058	0.384345134629	-0.0	-0.0	0.0168547711067	0.380338504051	0.0003977575069	29.5986943365	30.9086002682
3.80070702607	5.30546127738	0.384707315045	-0.0	-0.0	0.01683766904	0.380349101453	0.000397572263228	29.5633417429	30.8408910064
3.79717189571	5.30472368015	0.385223385794	-0.0	-0.0	0.0168131410133	0.38036430008	0.000397476336923	29.5126563361	30.7442582794
3.79673000442	5.3057442866	0.387035787888	-0.0	-0.0	0.01672814476	0.380416961527	0.000395910559033	29.3373336601	30.4092617084
3.78347326558	5.3	0.394905256616	-0.0	-0.0	0.01636665716	0.380640895663	0.000390408770126	28.5968042166	29.0038120479
3.76977463544	5.29587084756	0.402807120077	-0.0	-0.0	0.01601647492	0.380857743104	0.00038514544417	27.8874914351	27.6707133012
3.75828546178	5.29060360921	0.410163126577	-0.0	-0.0	0.0157008088667	0.381053151268	0.000380307903297	27.2556182421	26.4947593091
3.75342465753	5.29301745636	0.417706414265	-0.0	-0.0	0.0153861453067	0.381247886976	0.000374819366875	26.6326209555	25.3479829376
3.74414494034	5.28838951311	0.425672429015	-0.0	-0.0	0.0150615938533	0.38144867061	0.000369576837023	25.9970949843	24.1945983487
3.73442333186	5.28392745466	0.434046303195	-0.0	-0.0	0.0147288175867	0.381654476246	0.000364210357144	25.3529264332	23.0426196067
3.7224922669	5.27890943278	0.443005276905	-0.0	-0.0	0.01438135024	0.381869293802	0.000358776071374	24.688893198	21.8740820977
3.71586389748	5.27053291536	0.452830514838	-0.0	-0.0	0.0140122525067	0.382097402344	0.000352414457238	23.9931587551	20.6673549792
3.70039770217	5.26509433962	0.463498844906	-0.0	-0.0	0.0136243910667	0.382337012199	0.000346538344863	23.2737172022	19.4391143721
3.68979231109	5.25306893296	0.475263865756	-0.0	-0.0	0.0132094509467	0.382593252172	0.0003397036551	22.5166021446	18.1724277611
3.67388422448	5.243140965	0.487850542302	-0.0	-0.0	0.01277572772	0.382860982032	0.000332968800119	21.7384136193	16.9053661504
3.65841802916	5.23363895036	0.50162101737	-0.0	-0.0	0.01231776044	0.383143546802	0.000325723777494	20.9323516234	15.6230409384
3.64560318162	5.22993973993	0.516822320596	-0.0	-0.0	0.01182521716	0.383447300491	0.000317637976564	20.0856137422	14.3165428818
3.61820592134	5.20903595291	0.533600736195	-0.0	-0.0	0.0113024593733	0.383769523986	0.0003102473115	19.2079208412	13.0009971343
3.60362350862	5.20325462668	0.547988579694	-0.0	-0.0	0.0108728496533	0.384034205729	0.000303493413307	18.5011032796	11.9696580659
3.60273972603	5.20466155811	0.547504720651	-0.0	-0.0	0.0108816798667	0.384028766595	0.000303731716278	18.5155046444	11.9973375029
3.60362350862	5.20498084291	0.547176325384	-0.0	-0.0	0.0108864721867	0.384025814657	0.000303749578134	18.5235741928	12.0150437844
3.6053910738	5.20421186981	0.546708579924	-0.0	-0.0	0.0108968437467	0.384019429512	0.000303791214549	18.5402924742	12.0436896173
3.6053910738	5.20587296521	0.546020471681	-0.0	-0.0	0.0109103873067	0.384011089409	0.00030404159922	18.5622694874	12.0842142786
3.60450729121	5.20459623364	0.54512567271	-0.0	-0.0	0.0109278105333	0.384000350776	0.000304439867117	18.5907422712	12.1369873574
3.60583296509	5.2061921481	0.54319209284	-0.0	-0.0	0.0109653968133	0.383977197206	0.000305026597723	18.652222532	12.2515538565
3.61599646487	5.21818181818	0.526059658244	-0.0	-0.0	0.01131748792	0.383760262867	0.000310692701389	19.2327668926	13.3255177329
3.63146266019	5.23184713376	0.508993838124	-0.0	-0.0	0.0117002902933	0.383524319677	0.000316463054598	19.874463363	14.5072501037
3.64295183385	5.23776223776	0.494000940451	-0.0	-0.0	0.01206754608	0.383297873836	0.000322275174223	20.5001620457	15.6535003544
3.64869642068	5.24523506989	0.480504361701	-0.0	-0.0	0.0124285490533	0.383075202345	0.000328471533515	21.1245353013	16.7884576226
3.66195315952	5.25539340102	0.468070204727	-0.0	-0.0	0.01279275704	0.382850472485	0.000334037222716	21.7628423336	17.9371871129
3.66769774635	5.26197272439	0.45645282386	-0.0	-0.0	0.0131643214933	0.382621119051	0.000340394584736	22.422739005	19.1140893155
3.67520989837	5.26774397972	0.445828933752	-0.0	-0.0	0.0135363507067	0.382391393342	0.000346565097253	23.0915011143	20.2943280817
3.68272205038	5.27580747308	0.436535979237	-0.0	-0.0	0.01388941736	0.382173297839	0.000352382640432	23.734115796	21.4193377705
3.69421122404	5.2819216182	0.427977992583	-0.0	-0.0	0.0142436939733	0.381954380506	0.000357821940836	24.3863554914	22.5482696787
3.6973044631	5.28666245259	0.420287510379	-0.0	-0.0	0.0145923324	0.381738865492	0.000363937945274	25.0342994861	23.6546121467
3.70658418029	5.29731437599	0.413051286942	-0.0	-0.0	0.0149523432267	0.381516244719	0.000369644877008	25.7099030843	24.7911504162
3.71056120194	5.30363349131	0.406544319313	-0.0	-0.0	0.01531051036	0.38129468449	0.000375823518534	26.3879988869	25.9117632328
3.71939902784	5.30495111952	0.400992487684	-0.0	-0.0	0.0156541339733	0.381082050088	0.000381214078985	27.0424434874	26.9679720226
3.72646928856	5.30803149606	0.39586133099	-0.0	-0.0	0.0160203404533	0.380855361287	0.000387143241672	27.7422514074	28.0626581271
3.72912063632	5.31578947368	0.391848342616	-0.0	-0.0	0.0163805580933	0.380632285933	0.000393338932317	28.4281430438	29.077739144
3.73619089704	5.31613715005	0.388995261623	-0.0	-0.0	0.0167494498533	0.380403773645	0.000399097689343	29.1237434613	30.0250395402
3.74635439682	5.31691245686	0.387007632221	-0.0	-0.0	0.0171536889067	0.38015325866	0.000405021785274	29.87996159	30.9741219898
3.75033141847	5.32130530279	0.386767220489	-0.0	-0.0	0.0172135081733	0.380116173915	0.000405622120691	29.9917532369	31.1106327145
3.74944763588	5.32067775337	0.386918420477	-0.0	-0.0	0.0172105263333	0.380118009707	0.000405653117795	29.9847254435	31.0903727085
3.74723817941	5.31910887982	0.387081341851	-0.0	-0.0	0.0172006025333	0.380124168572	0.000405707027471	29.9644721139	31.0554114494
3.74414494034	5.31763967357	0.387309989842	-0.0	-0.0	0.01718904456	0.380131329614	0.000405826478963	29.9409540612	31.0114677924
3.74591250552	5.31722623157	0.387444345871	-0.0	-0.0	0.0171828699867	0.38013515938	0.000405518066312	29.9281706333	30.9867377449
3.74591250552	5.31587202008	0.387747969187	-0.0	-0.0	0.01716859528	0.380144000679	0.000405249320987	29.8988072848	30.9304094986
3.74591250552	5.31795354677	0.388134597946	-0.0	-0.0	0.0171501267867	0.380155449631	0.000404902100874	29.8608656591	30.8582121693
3.74060980999	5.31668237512	0.389987933571	-0.0	-0.0	0.01706294408	0.380209493847	0.000403833540426	29.6819706069	30.5167511984
3.73530711445	5.31446540881	0.396947834523	-0.0	-0.0	0.01674356016	0.380407406256	0.00039838627593	29.0308083418	29.2777759679
3.72470172338	5.31169240466	0.404662910931	-0.0	-0.0	0.0164037507733	0.380617915274	0.000393108429364	28.3453507044	27.9800990619
3.72205037561	5.30926860025	0.412034128049	-0.0	-0.0	0.0160906825333	0.380811795326	0.000387495602729	27.7209104566	26.8064792533
3.71277065842	5.30438901168	0.419581053538	-0.0	-0.0	0.0157808553067	0.381003611124	0.000382634686005	27.109711061	25.6665628425
3.70879363677	5.30300157978	0.427244328858	-0.0	-0.0	0.0154743623067	0.381193300114	0.000377287280462	26.5120367152	24.5645924859
3.706142289	5.29826224329	0.435426446229	-0.0	-0.0	0.0151550994533	0.381390823595	0.000371572521844	25.8967479821	23.4448455541
3.69111798498	5.29141590117	0.443937877045	-0.0	-0.0	0.0148316887067	0.381590863078	0.000367007612427	25.2806926285	22.3388148012
3.68581528944	5.28517110266	0.45306667005	-0.0	-0.0	0.0144959934	0.381798421199	0.000361241462761	24.6493921884	21.2182021067
3.67830313743	5.27439797212	0.462455070244	-0.0	-0.0	0.0141610572533	0.382005448663	0.000355710666629	24.0282602314	20.1301907864
3.66504639859	5.2653968254	0.473050452132	-0.0	-0.0	0.0137938848667	0.382232317545	0.000350143541235	23.357430275	18.9736112282
3.65223155104	5.25898822781	0.484465600059	-0.0	-0.0	0.0134071160933	0.382471204594	0.000344118528995	22.6605095669	17.7999193693
3.64604507291	5.24880687241	0.497153661183	-0.0	-0.0	0.0129895113467	0.382729033711	0.00033693620359	21.9207623499	16.5813588028
3.63102076889	5.2344695763	0.510135518033	-0.0	-0.0	0.0125746587867	0.382985054228	0.00033061252522	21.1983367805	15.4201769171
3.61422889969	5.22762148338	0.524858093666	-0.0	-0.0	0.0121117381733	0.383270619876	0.000323536425946	20.4072212736	14.1917101677
3.60229783473	5.21568	0.541668539471	-0.0	-0.0	0.0115982158533	0.383587242875	0.000315102335273	19.5473207402	12.9011557777
3.58683163942	5.19698910955	0.55942614212	-0.0	-0.0	0.0110636225333	0.383916684951	0.00030651904105	18.669678529	11.6459826238
3.56164383562	5.17968498875	0.582089902546	-0.0	-0.0	0.0104102220533	0.3843191026	0.00029653358154	17.6235916185	10.2095170745
3.54352629253	5.16258853831	0.610292445026	-0.0	-0.0	0.00965482125333	0.384784007415	0.000284092789545	16.454482569	8.66317185039
3.51480335837	5.14059469942	0.638853480247	-0.0	-0.0	0.00892951114667	0.385230073411	0.000273049655581	15.371732701	7.31189024379
