# C		CN		K0		e_x		e_y		e_z		n		overlap		p		q
3.36632788334	5.15087956698	0.735873824991	-0.0	-0.0	1.87240000048e-07	0.390653464034	0.000146303775656	5.58532958109	1.79051256114
3.43570481662	5.16156914894	0.654879168444	-0.0	-0.0	0.000531443826667	0.390329658669	0.000152925425473	6.09567865341	2.7324231096
3.46000883783	5.17024793388	0.575214867688	-0.0	-0.0	0.00134984762667	0.389830497915	0.000166308441459	6.91855798142	4.09997199982
3.48475475033	5.17405582923	0.529403928003	-0.0	-0.0	0.00212068413333	0.389359975663	0.00017841059287	7.72315790454	5.29600821566
3.50198851083	5.18193717277	0.50007531176	-0.0	-0.0	0.00286652962667	0.388904362665	0.000190235835459	8.52764220636	6.39428674217
3.52364118427	5.1865234375	0.478752815936	-0.0	-0.0	0.00361248325333	0.388448343595	0.000201696015502	9.35920479652	7.47654422931
3.54131683606	5.20110461339	0.46279638108	-0.0	-0.0	0.00433858268	0.388004135038	0.000212911769377	10.1948956115	8.53254373092
3.56517896597	5.19929055144	0.450523304518	-0.0	-0.0	0.00503626472	0.387577007532	0.000223167005094	11.0227997805	9.55805854977
3.57666813964	5.20295915085	0.440591527815	-0.0	-0.0	0.00572674384	0.387153997214	0.000234062760371	11.8664687847	10.5862156581
3.58594785683	5.21240359897	0.432541552913	-0.0	-0.0	0.00641326198667	0.386733121864	0.000244946113729	12.7257154775	11.6155382895
3.60671674768	5.22119078105	0.425967924883	-0.0	-0.0	0.00707321445333	0.386328264558	0.000254525392578	13.5719282822	12.6203974444
3.61908970393	5.2303514377	0.420309189987	-0.0	-0.0	0.00772982676	0.385925184562	0.000264590961853	14.4340015135	13.637685226
3.62660185594	5.22792476889	0.415638908164	-0.0	-0.0	0.00836371930667	0.385535803713	0.000274604760968	15.2843444638	14.6317114846
3.64030048608	5.2346581876	0.41145610892	-0.0	-0.0	0.00898968749333	0.385151052627	0.00028398794813	16.1420924518	15.6348667952
3.65444100751	5.24531894637	0.407974083454	-0.0	-0.0	0.00960245564	0.384774172956	0.000293041332702	16.9972011328	16.6240156455
3.66548828988	5.24525316456	0.404863844695	-0.0	-0.0	0.01020852716	0.384401189087	0.00030224572888	17.8605294619	17.6205186526
3.67830313743	5.25394819962	0.402107377178	-0.0	-0.0	0.0108068733867	0.38403273906	0.000311141084392	18.7284493908	18.6190724258
3.68581528944	5.25464859754	0.399646991119	-0.0	-0.0	0.0114085767867	0.383661996519	0.00032050162037	19.6161671047	19.6354098779
3.70039770217	5.26817752597	0.39693195173	-0.0	-0.0	0.0121410528933	0.383210378278	0.000331403137603	20.7179467009	20.8951163859
3.71984091913	5.27500783945	0.394982377293	-0.0	-0.0	0.0127213886267	0.382852329337	0.000339295770714	21.60733038	21.9101783307
3.72558550597	5.28087774295	0.393191521817	-0.0	-0.0	0.0132863232	0.38250358278	0.000348186074384	22.4885398833	22.9170950404
3.74016791869	5.29009065333	0.391559034147	-0.0	-0.0	0.0138520024667	0.382154179044	0.000356263748774	23.3852752597	23.9387840639
3.75784357048	5.30202808112	0.389935928088	-0.0	-0.0	0.01442276032	0.381801438034	0.000364126346086	24.3056931864	24.9928613195
3.77375165709	5.30484773151	0.388175707029	-0.0	-0.0	0.0150851648267	0.38139181281	0.000373686866194	25.3936569413	26.2388220277
3.78479893946	5.31378026071	0.386944459794	-0.0	-0.0	0.0156255701333	0.381057415368	0.000381600291902	26.2933408337	27.2609148588
3.78789217852	5.31637717122	0.385663964857	-0.0	-0.0	0.0161585611733	0.380727437301	0.000390207220879	27.1950281085	28.2955269832
3.79761378701	5.31621287129	0.38451943285	-0.0	-0.0	0.01669558644	0.380394782259	0.000398165876142	28.1134541125	29.3435350979
3.79982324348	5.31930693069	0.384140934611	-0.0	-0.0	0.0169151308667	0.380258736453	0.000401590636029	28.4913782945	29.7690214102
3.7984975696	5.31837871287	0.384342781041	-0.0	-0.0	0.0169067821467	0.380263900275	0.000401571726632	28.4748383131	29.7352002108
3.7984975696	5.31868811881	0.384537174396	-0.0	-0.0	0.0168967420667	0.380270132646	0.000401383978078	28.4552400251	29.6988237511
3.7984975696	5.31868811881	0.384851240983	-0.0	-0.0	0.01688252576	0.380278935945	0.000401114513772	28.4272298382	29.6439237704
3.79982324348	5.31961633663	0.385075037488	-0.0	-0.0	0.0168722147467	0.380285332773	0.00040077955268	28.4069287801	29.6044892387
3.79982324348	5.31961633663	0.385453079441	-0.0	-0.0	0.0168547711067	0.380296142758	0.000400449998892	28.3726471385	29.5379676212
3.79938135219	5.31837871287	0.385827011252	-0.0	-0.0	0.01683766904	0.380306740884	0.000400173717876	28.3390701009	29.4726134354
3.79717189571	5.31745049505	0.386361681186	-0.0	-0.0	0.0168131410133	0.380321931016	0.000399942686095	28.2909337068	29.3792049555
3.79628811312	5.31692974311	0.388233236332	-0.0	-0.0	0.01672814476	0.380374608625	0.000398428096943	28.1242685035	29.05570072
3.78524083076	5.3119379845	0.396397896455	-0.0	-0.0	0.01636665716	0.380598555042	0.00039273744521	27.4203501579	27.6958163902
3.77419354839	5.31032338308	0.404568044736	-0.0	-0.0	0.01601647492	0.380815410838	0.00038725088969	26.7465079821	26.4088350848
3.77021652673	5.30936819172	0.412181970153	-0.0	-0.0	0.0157008088667	0.381010838724	0.000381678126402	26.145858897	25.2729298019
3.75916924437	5.30205735661	0.419996137529	-0.0	-0.0	0.0153861453067	0.38120558785	0.000376791425189	25.5530014209	24.1645137147
3.74679628811	5.29740706029	0.428226816697	-0.0	-0.0	0.0150615938533	0.381406377946	0.000371850675957	24.9485637927	23.0518869127
3.73574900574	5.29014084507	0.436859797292	-0.0	-0.0	0.0147288175867	0.381612204915	0.000366623873378	24.3369666424	21.9431835499
3.72205037561	5.27828267001	0.446116568275	-0.0	-0.0	0.01438135024	0.381827037156	0.000361389941502	23.7074193405	20.8184919628
3.70923552806	5.2743557511	0.456241435573	-0.0	-0.0	0.0140122525067	0.382055161293	0.000355674851578	23.0491100229	19.6600207507
3.69863013699	5.26486316452	0.46723456168	-0.0	-0.0	0.0136243910667	0.382294784931	0.000349395685552	22.3678523797	18.4807581575
3.67520989837	5.25576983876	0.479399926429	-0.0	-0.0	0.0132094509467	0.382551049297	0.000343814005295	21.6503544285	17.2623702598
3.6721166593	5.25165981663	0.492517552593	-0.0	-0.0	0.01277572772	0.382818792982	0.000335983558293	20.9134581869	16.0398366508
3.65753424658	5.24295216978	0.506839383488	-0.0	-0.0	0.01231776044	0.383101374979	0.000328778143899	20.1504890273	14.8048851009
3.63411400795	5.22988871224	0.522873780915	-0.0	-0.0	0.01182521716	0.383405151721	0.000321713101456	19.3477988158	13.5373624814
3.62129916041	5.21949665499	0.540602921585	-0.0	-0.0	0.0113024593733	0.383727397243	0.000313138786418	18.5147236034	12.2605987663
3.60229783473	5.2033844189	0.555738647408	-0.0	-0.0	0.0108728496533	0.383992097081	0.000306811333843	17.8434176474	11.2629307618
3.60362350862	5.20331950207	0.555154195837	-0.0	-0.0	0.0108816798667	0.383986657576	0.000306868127527	17.8574606084	11.2928751873
3.60318161732	5.20165922144	0.554971463245	-0.0	-0.0	0.0108864721867	0.383983705436	0.000306989285721	17.8645112744	11.3039322711
3.6053910738	5.20357370772	0.554374899567	-0.0	-0.0	0.0108968437467	0.383977316587	0.00030699619805	17.8807432495	11.3357801049
3.6053910738	5.20523459943	0.55368435405	-0.0	-0.0	0.0109103873067	0.383968978594	0.000307244221618	17.9014924415	11.3739700107
3.60362350862	5.20459623364	0.552738071703	-0.0	-0.0	0.0109278105333	0.383958239814	0.000307719333324	17.9285806933	11.425593585
3.60760053027	5.20842642834	0.550739890574	-0.0	-0.0	0.0109653968133	0.383935084661	0.000308077503885	17.986876928	11.5358515976
3.61953159523	5.22328548644	0.532858083936	-0.0	-0.0	0.01131748792	0.383718137176	0.000313577410134	18.5382295579	12.5767289003
3.63499779054	5.2372611465	0.515053545874	-0.0	-0.0	0.0117002902933	0.383482177335	0.000319330286999	19.147616771	13.7217916667
3.64471939903	5.24292527822	0.499491303135	-0.0	-0.0	0.01206754608	0.383255714851	0.000325269844893	19.7415031627	14.8287343638
3.65090587715	5.24872935197	0.485439899999	-0.0	-0.0	0.0124285490533	0.383033028138	0.000331398197925	20.3340306627	15.9265128973
3.66195315952	5.25864804824	0.472447555304	-0.0	-0.0	0.01279275704	0.382808282915	0.000337123213239	20.9398161025	17.0397639175
3.67079098542	5.26840101523	0.460316527082	-0.0	-0.0	0.0131643214933	0.382578921316	0.00034315717738	21.5658502784	18.1795261975
3.67874502872	5.27241051631	0.449231631077	-0.0	-0.0	0.0135363507067	0.382349176826	0.000349259304668	22.2006604732	19.3220829735
3.69111798498	5.28553339664	0.439597033011	-0.0	-0.0	0.01388941736	0.382131061976	0.000354574737227	22.8100695393	20.4068822026
3.70525850641	5.29270603094	0.430700508875	-0.0	-0.0	0.0142436939733	0.381912126682	0.000359725398953	23.4285261254	21.4964661679
3.70790985418	5.29962073325	0.42267831206	-0.0	-0.0	0.0145923324	0.38169659993	0.000365875244279	24.0436092235	22.5662024559
3.71542200619	5.30995260664	0.415059628052	-0.0	-0.0	0.0149523432267	0.381473968184	0.000371746854676	24.6855514565	23.6698929907
3.7229341582	5.31157363608	0.408218626691	-0.0	-0.0	0.01531051036	0.381252391981	0.000377556026798	25.3298596935	24.756824042
3.72558550597	5.31535793125	0.402387542295	-0.0	-0.0	0.0156541339733	0.381039735739	0.000383558948373	25.9517330142	25.7800748925
3.73398144057	5.31853950268	0.396977993698	-0.0	-0.0	0.0160203404533	0.38081302697	0.000389310056033	26.6159463501	26.8401256448
3.74326115776	5.32547169811	0.392820780542	-0.0	-0.0	0.0163805580933	0.380589944724	0.00039475736822	27.266209837	27.8143324516
3.75916924437	5.33166144201	0.389822813768	-0.0	-0.0	0.0167494498533	0.380361407308	0.000399524581319	27.9253778588	28.7238564061
3.76005302696	5.33082706767	0.387784846278	-0.0	-0.0	0.0171536889067	0.380110874556	0.000406374253059	28.6409648924	29.6261523238
3.76182059213	5.3320802005	0.387598630692	-0.0	-0.0	0.0172135081733	0.380073792134	0.000407196399246	28.7459965438	29.750081349
3.76226248343	5.33239348371	0.387700174265	-0.0	-0.0	0.0172105263333	0.380075632788	0.000407090017692	28.7399366155	29.7354760506
3.76049491825	5.33145363409	0.387885359133	-0.0	-0.0	0.0172006025333	0.380081790426	0.000407097244001	28.7206789721	29.7003682632
3.76049491825	5.33145363409	0.388132509129	-0.0	-0.0	0.01718904456	0.380088947185	0.000406880961191	28.6981598714	29.6568432514
3.76005302696	5.33187088687	0.388267363952	-0.0	-0.0	0.0171828699867	0.380092785258	0.000406812010542	28.6860139335	29.6332584649
3.75961113566	5.33155750548	0.388586554576	-0.0	-0.0	0.01716859528	0.380101634188	0.000406591115975	28.6580438975	29.5782891406
3.75916924437	5.33093074271	0.388992576391	-0.0	-0.0	0.0171501267867	0.380113081113	0.000406291955041	28.6219404893	29.507926019
3.7565178966	5.33082470994	0.390924093236	-0.0	-0.0	0.01706294408	0.380167121289	0.000404939636436	28.4517386691	29.1763383555
3.74988952718	5.32810047096	0.398183352242	-0.0	-0.0	0.01674356016	0.380365056778	0.000399640676633	27.8321607216	27.9728926564
3.74237737517	5.32882315922	0.406203576343	-0.0	-0.0	0.0164037507733	0.380575578778	0.000394043659102	27.1802946471	26.7151259
3.73265576668	5.32313997478	0.413862558107	-0.0	-0.0	0.0160906825333	0.380769470539	0.000389185685562	26.586914743	25.5786595978
3.72691117985	5.31525851198	0.421664376187	-0.0	-0.0	0.0157808553067	0.380961295299	0.000383970300425	26.0063549575	24.4781103176
3.71851524525	5.30621255125	0.429656701259	-0.0	-0.0	0.0154743623067	0.381150997256	0.000379076605221	25.4380220858	23.4092951896
3.71144498453	5.30018939394	0.438190904577	-0.0	-0.0	0.0151550994533	0.381348541218	0.000373812125637	24.8532318673	22.3239827506
3.69995581087	5.29348513599	0.447034405234	-0.0	-0.0	0.0148316887067	0.381548579614	0.000368902325629	24.268451012	21.2552232111
3.68581528944	5.28159645233	0.456416132958	-0.0	-0.0	0.0144959934	0.381756163792	0.000364024119981	23.6698084818	20.179280101
3.67344233319	5.27117031399	0.466109692662	-0.0	-0.0	0.0141610572533	0.381963201326	0.000359025431067	23.0812836365	19.1327243294
3.66725585506	5.2635585157	0.477125206906	-0.0	-0.0	0.0137938848667	0.382190085717	0.000352825537947	22.4449480017	18.0159576165
3.65620857269	5.25436646554	0.489114451272	-0.0	-0.0	0.0134071160933	0.382428989096	0.000346720930725	21.7845801995	16.8778656424
3.64560318162	5.24578696343	0.502331939537	-0.0	-0.0	0.0129895113467	0.38268683073	0.000340004123909	21.0830306137	15.7019105254
3.63720724702	5.23877745941	0.515841506393	-0.0	-0.0	0.0125746587867	0.382942876672	0.000333112310648	20.3975541404	14.5824654098
3.62395050817	5.22728721709	0.531395462409	-0.0	-0.0	0.0121117381733	0.383228457635	0.000325785990804	19.6467219131	13.3894466858
3.60715863897	5.21366975407	0.549025917697	-0.0	-0.0	0.0115982158533	0.383545103672	0.000317799385026	18.8298003085	12.1423385793
3.58638974812	5.19827033953	0.567826731879	-0.0	-0.0	0.0110636225333	0.383874568269	0.000309726629549	17.9967073811	10.925502629
3.56694653115	5.1834243495	0.591689745656	-0.0	-0.0	0.0104102220533	0.384277013428	0.000299385154946	17.0055056168	9.540516
3.54441007512	5.16317991632	0.620888475883	-0.0	-0.0	0.00965482125333	0.384741955434	0.000287388934595	15.8931824235	8.06318658092
3.51171011931	5.13639301875	0.650287253709	-0.0	-0.0	0.00892951114667	0.385188046419	0.000276708068082	14.8615635857	6.77736565232
