# C		CN		K0		e_x		e_y		e_z		n		overlap		p		q
3.36235086169	5.14686971235	0.735850896779	-0.0	-0.0	1.87240000048e-07	0.390518499545	0.000127209496387	5.58833063058	1.79166337349
3.41228457799	5.15091819699	0.653437746919	-0.0	-0.0	0.000531443826667	0.39019462246	0.000134899101778	6.17522147418	2.78311335798
3.43968183827	5.15981432361	0.577493174891	-0.0	-0.0	0.00134984762667	0.389695351147	0.000148190321142	7.12319659517	4.18972377021
3.46928855502	5.16255347154	0.535984762584	-0.0	-0.0	0.00212068413333	0.389224724679	0.000160171181039	8.05543201041	5.41201473004
3.47635881573	5.16387520525	0.509440711086	-0.0	-0.0	0.00286652962667	0.388769010767	0.000172575374113	8.99394948601	6.55620297843
3.49668581529	5.16966328866	0.490649928385	-0.0	-0.0	0.00361248325333	0.388312890693	0.000184197867459	9.96723311031	7.68709120104
3.51391957578	5.17855979146	0.476410723178	-0.0	-0.0	0.00433858268	0.387868583748	0.000195560189926	10.9505739154	8.80818328966
3.52894387981	5.17715768981	0.465366543227	-0.0	-0.0	0.00503626472	0.387441361758	0.000206520260409	11.9289288655	9.90961078936
3.54220061865	5.17873303167	0.456691095858	-0.0	-0.0	0.00572674384	0.387018258862	0.00021736700277	12.9247367355	11.0100186714
3.55943437914	5.18756042539	0.44950634793	-0.0	-0.0	0.00641326198667	0.386597289057	0.000227836078785	13.9428981472	12.1254748926
3.57843570482	5.19627369097	0.443723867724	-0.0	-0.0	0.00707321445333	0.386192338816	0.000237643350286	14.9467087006	13.2154609901
3.58771542201	5.19392	0.438881632569	-0.0	-0.0	0.00772982676	0.385789172804	0.000247993137762	15.9697507075	14.3163740791
3.60627485639	5.19655941383	0.434836669035	-0.0	-0.0	0.00836371930667	0.385399705711	0.000257272673498	16.9803515672	15.3984204469
3.62969509501	5.20913995557	0.431338627854	-0.0	-0.0	0.00898968749333	0.385014865043	0.000266020611013	18.0009197658	16.4866366987
3.63985859479	5.21304210193	0.428289209679	-0.0	-0.0	0.00960245564	0.384637906259	0.000275501428926	19.0223854778	17.5731381803
3.65267344233	5.22257350617	0.425597984298	-0.0	-0.0	0.01020852716	0.384264839779	0.00028463522665	20.0530387407	18.6665907916
3.6637207247	5.23310170562	0.423187504581	-0.0	-0.0	0.0108068733867	0.383896313102	0.000293751292858	21.0907771323	19.766445702
3.66460450729	5.23854660348	0.421031910165	-0.0	-0.0	0.0114085767867	0.383525483486	0.000303738759565	22.1545552616	20.8897982785
3.69244365886	5.25117887457	0.418418933205	-0.0	-0.0	0.0121410528933	0.383073765216	0.000313666621012	23.4783585118	22.3012096597
3.70437472382	5.25031328321	0.416541074434	-0.0	-0.0	0.0127213886267	0.382715644253	0.00032234183572	24.5477019394	23.4401537446
3.72028281043	5.26226945921	0.415194184012	-0.0	-0.0	0.0132863232	0.382366818662	0.000330166920454	25.5927637528	24.530526993
3.72779496244	5.26835363949	0.413478755589	-0.0	-0.0	0.0138520024667	0.382017332044	0.00033897630403	26.6723640399	25.6884597244
3.73530711445	5.26972248207	0.412013527757	-0.0	-0.0	0.01442276032	0.381664512905	0.0003478371011	27.7772133132	26.8624727063
3.74458683164	5.27530364372	0.410584241528	-0.0	-0.0	0.0150851648267	0.381254789006	0.000358043804528	29.078757774	28.2337601845
3.76005302696	5.27808814401	0.409394397234	-0.0	-0.0	0.0156255701333	0.380920325445	0.000365622096939	30.1598910565	29.3809825929
3.76889085285	5.28128872367	0.408369595862	-0.0	-0.0	0.0161585611733	0.380590279038	0.000373652513075	31.239260467	30.5196745564
3.77640300486	5.28854489164	0.407441184392	-0.0	-0.0	0.01669558644	0.380257545569	0.000381888736116	32.3416121126	31.6785942129
3.77861246133	5.29226006192	0.407098684213	-0.0	-0.0	0.0169151308667	0.380121471995	0.000385344019983	32.7962580196	32.1546236443
3.77905435263	5.29226006192	0.407396508708	-0.0	-0.0	0.0169067821467	0.380126644801	0.000385123959062	32.7745160747	32.1066244991
3.77728678745	5.29501084599	0.407589181307	-0.0	-0.0	0.0168967420667	0.380132868348	0.000385115621667	32.7509314771	32.0662804201
3.77507733098	5.29479231246	0.407910983654	-0.0	-0.0	0.01688252576	0.380141680507	0.000385070660279	32.7171978544	32.0045034877
3.77419354839	5.29417234966	0.408163208402	-0.0	-0.0	0.0168722147467	0.380148071841	0.000384964457465	32.6926587693	31.9579973553
3.77419354839	5.29324240546	0.40853605701	-0.0	-0.0	0.0168547711067	0.380158881218	0.000384636212419	32.6516456998	31.8847077588
3.77375165709	5.29293242405	0.408924365367	-0.0	-0.0	0.01683766904	0.380169484694	0.000384357439907	32.6111725842	31.8106823832
3.77242598321	5.29200247985	0.409476277585	-0.0	-0.0	0.0168131410133	0.380184687727	0.000384027863536	32.5532209787	31.7052512024
3.76977463544	5.29063275434	0.411394825758	-0.0	-0.0	0.01672814476	0.380237367467	0.00038268525842	32.3527641076	31.3415280896
3.75740167919	5.28340584214	0.419782915678	-0.0	-0.0	0.01636665716	0.380461363486	0.000377081052261	31.5060692768	29.8119686874
3.74900574459	5.27776049767	0.428199432443	-0.0	-0.0	0.01601647492	0.380678276408	0.000371253610398	30.6945568607	28.3632446116
3.74193548387	5.2753894081	0.435966435756	-0.0	-0.0	0.0157008088667	0.380873744922	0.000365939390188	29.9713280704	27.0920532257
3.72646928856	5.26835363949	0.443872831964	-0.0	-0.0	0.0153861453067	0.381068530746	0.00036145658584	29.2582911975	25.858352006
3.71851524525	5.26501877347	0.4522303264	-0.0	-0.0	0.0150615938533	0.381269373261	0.000356017337082	28.5301707115	24.6179341255
3.70923552806	5.2578320802	0.461060003906	-0.0	-0.0	0.0147288175867	0.381475237873	0.000350562363273	27.793776446	23.3791506905
3.70128148475	5.25407779172	0.47042090346	-0.0	-0.0	0.01438135024	0.381690117697	0.000344704427381	27.0356159355	22.1308563281
3.69023420239	5.24693685203	0.480641957815	-0.0	-0.0	0.0140122525067	0.381918292361	0.000338721598051	26.2412896793	20.8464843722
3.67786124613	5.24716267339	0.491569511721	-0.0	-0.0	0.0136243910667	0.382157975938	0.000332478188245	25.4188781721	19.5504185352
3.66548828988	5.23776444585	0.503501361526	-0.0	-0.0	0.0132094509467	0.382414288918	0.000325731344537	24.5546765325	18.2232390518
3.6473707468	5.23042789223	0.516285257615	-0.0	-0.0	0.01277572772	0.382682093386	0.000319140844539	23.66901358	16.8983817101
3.62836942112	5.21467132423	0.530189483325	-0.0	-0.0	0.01231776044	0.382964740062	0.000312157962589	22.7525050483	15.564174832
3.61467079099	5.20503024514	0.545732493928	-0.0	-0.0	0.01182521716	0.383268576907	0.000304109898267	21.7892224442	14.1978983102
3.59566946531	5.18552757412	0.562789895568	-0.0	-0.0	0.0113024593733	0.383590893521	0.000295940893978	20.789893537	12.8288077856
3.58418029165	5.18013414245	0.577226974739	-0.0	-0.0	0.0108728496533	0.383855657162	0.000288829324418	19.9860441825	11.7657103287
3.58594785683	5.18109230278	0.576663392639	-0.0	-0.0	0.0108816798667	0.383850216452	0.000288855200245	20.0026034168	11.7973281994
3.58594785683	5.18109230278	0.57643508851	-0.0	-0.0	0.0108864721867	0.383847263658	0.000288942586957	20.011348016	11.8113552898
3.58683163942	5.18039591315	0.575887563747	-0.0	-0.0	0.0108968437467	0.38384087316	0.000289060478683	20.0302931566	11.8438441652
3.58727353071	5.18173107633	0.575114441501	-0.0	-0.0	0.0109103873067	0.383832528116	0.000289276907549	20.0553921038	11.888845707
3.58594785683	5.18236984989	0.574145122629	-0.0	-0.0	0.0109278105333	0.383821792397	0.000289707034963	20.0876091683	11.9458807179
3.58506407424	5.18173107633	0.572070943365	-0.0	-0.0	0.0109653968133	0.38379863857	0.000290475487465	20.1571588889	12.0689316894
3.59478568272	5.19214810086	0.553593011048	-0.0	-0.0	0.01131748792	0.383581635259	0.000296224924999	20.815312532	13.22916092
3.60715863897	5.20637958533	0.53532307019	-0.0	-0.0	0.0117002902933	0.383345623311	0.000302300494705	21.5429449998	14.5034576594
3.61467079099	5.21722488038	0.519433824338	-0.0	-0.0	0.01206754608	0.383119116043	0.000308489095698	22.2527268834	15.7350692136
3.62660185594	5.22809812042	0.505239580591	-0.0	-0.0	0.0124285490533	0.382896375795	0.000314169580425	22.9612368163	16.9516472144
3.63632346443	5.24450111572	0.492203437318	-0.0	-0.0	0.01279275704	0.382671583873	0.000320089176997	23.686929305	18.1839844973
3.65046398586	5.25286259542	0.480162187439	-0.0	-0.0	0.0131643214933	0.382442160876	0.000325729929823	24.4376247479	19.4410704003
3.66018559434	5.25984752224	0.469264555368	-0.0	-0.0	0.0135363507067	0.38221237058	0.000331747034197	25.1990853176	20.6972095641
3.66062748564	5.26143583227	0.459866352119	-0.0	-0.0	0.01388941736	0.381994211338	0.00033823690669	25.9305615281	21.8873733184
3.66769774635	5.26666666667	0.451294510149	-0.0	-0.0	0.0142436939733	0.381775226069	0.000344121707049	26.6725678867	23.0770559565
3.67388422448	5.27365079365	0.443641499279	-0.0	-0.0	0.0145923324	0.381559658996	0.000349966824171	27.4097554442	24.2406419001
3.68360583297	5.27572016461	0.436505280025	-0.0	-0.0	0.0149523432267	0.38133696958	0.000355656958632	28.177416567	25.43150444
3.69642068051	5.2800757815	0.430078076399	-0.0	-0.0	0.01531051036	0.381115341825	0.000360982908714	28.947888349	26.6075020432
3.71056120194	5.28890989288	0.424658112979	-0.0	-0.0	0.0156541339733	0.3809026419	0.000365865864781	29.6911430099	27.7116882564
3.72028281043	5.29546884833	0.419865494848	-0.0	-0.0	0.0160203404533	0.380675882918	0.00037150882724	30.4825659019	28.8368055726
3.72691117985	5.29927695693	0.416218749609	-0.0	-0.0	0.0163805580933	0.380452751261	0.000377241198359	31.2576939459	29.8743978944
3.73486522316	5.30382925298	0.413466818281	-0.0	-0.0	0.0167494498533	0.380224168654	0.000382888425398	32.0471551877	30.8660142675
3.73840035351	5.30655789143	0.411401554302	-0.0	-0.0	0.0171536889067	0.379973574983	0.0003895178696	32.9090548259	31.8798312804
3.73619089704	5.30634023854	0.411158439961	-0.0	-0.0	0.0172135081733	0.379936484348	0.000390776271751	33.036485261	32.0250375777
3.73574900574	5.30602636535	0.41133181463	-0.0	-0.0	0.0172105263333	0.379938333275	0.000390757800261	33.02840609	32.00168956
3.73663278833	5.30728185813	0.411505862261	-0.0	-0.0	0.0172006025333	0.379944486613	0.000390478923449	33.0051216823	31.9635694562
3.73530711445	5.30841708543	0.411750970429	-0.0	-0.0	0.01718904456	0.379951650087	0.00039040189077	32.978241362	31.9156531345
3.73530711445	5.30904522613	0.41189652501	-0.0	-0.0	0.0171828699867	0.379955476601	0.000390284941622	32.9636483522	31.8885459248
3.73398144057	5.30778894472	0.412225305324	-0.0	-0.0	0.01716859528	0.379964332569	0.000390153507548	32.929997698	31.826708648
3.73442333186	5.30747487437	0.412642653328	-0.0	-0.0	0.0171501267867	0.379975783588	0.000389759248266	32.8865921283	31.7476639237
3.73353954927	5.30590452261	0.414641111934	-0.0	-0.0	0.01706294408	0.380029836621	0.000388206000722	32.6819830382	31.3740914356
3.73044631021	5.30389692018	0.42216512359	-0.0	-0.0	0.01674356016	0.380227813505	0.000382505802189	31.937490664	30.0183700813
3.7229341582	5.29893014475	0.430458718788	-0.0	-0.0	0.0164037507733	0.380438382133	0.000376863389172	31.1542417557	28.60464372
3.71277065842	5.29435865112	0.438368336218	-0.0	-0.0	0.0160906825333	0.380632315824	0.000372000890619	30.4412037844	27.3294770333
3.70304904993	5.28675078864	0.446403504443	-0.0	-0.0	0.0157808553067	0.380824184086	0.000367145210613	29.7436942098	26.097755559
3.6889085285	5.2809237583	0.454558414336	-0.0	-0.0	0.0154743623067	0.381013923186	0.00036277228645	29.0616209208	24.9090307502
3.6805125939	5.27526132404	0.463265131135	-0.0	-0.0	0.0151550994533	0.381211515777	0.000357604206642	28.3592840524	23.7028458442
3.67388422448	5.27108433735	0.472282376256	-0.0	-0.0	0.0148316887067	0.381411606265	0.000352161943565	27.6560903411	22.5159994153
3.66593018118	5.26562995874	0.481871378944	-0.0	-0.0	0.0144959934	0.381619228635	0.000346624826497	26.9360146375	21.3210005203
3.65753424658	5.26359300477	0.491698015527	-0.0	-0.0	0.0141610572533	0.381826312026	0.00034115472752	26.2276077577	20.1647248393
3.64825452939	5.25525143221	0.502741751349	-0.0	-0.0	0.0137938848667	0.38205324667	0.000335164224419	25.4624494628	18.9401902472
3.63985859479	5.2449044586	0.514537499022	-0.0	-0.0	0.0134071160933	0.382292202964	0.000328723864829	24.6701418739	17.707224403
3.63146266019	5.23550031867	0.527524063276	-0.0	-0.0	0.0129895113467	0.382550106818	0.000321737564869	23.8306568846	16.4367127789
3.61555457357	5.21818181818	0.540696712865	-0.0	-0.0	0.0125746587867	0.382806199301	0.000315459808089	23.0117112489	15.2340559289
3.60318161732	5.20357370772	0.555826147379	-0.0	-0.0	0.0121117381733	0.383091849971	0.000307965574711	22.1145482347	13.9550021271
3.58727353071	5.18759987216	0.573144519572	-0.0	-0.0	0.0115982158533	0.383408564749	0.000299818820246	21.1395684821	12.6127569436
3.56473707468	5.16987179487	0.591409886716	-0.0	-0.0	0.0110636225333	0.383738102319	0.000291794855629	20.1462729023	11.3132124249
3.54175872735	5.15471212609	0.614492514618	-0.0	-0.0	0.0104102220533	0.384140632919	0.000281581296618	18.9625806308	9.83885043568
3.51701281485	5.13455953533	0.641971766388	-0.0	-0.0	0.00965482125333	0.38460567691	0.000269498238624	17.6353370217	8.2934824864
3.49315068493	5.1142394822	0.66951579712	-0.0	-0.0	0.00892951114667	0.385051868844	0.000257986044514	16.4121214905	6.95665706487
