# C		CN		K0		e_x		e_y		e_z		n		overlap		p		q
3.32920901458	5.11341256367	0.735868661711	-0.0	-0.0	1.87240000048e-07	0.391056564158	0.000151734351615	5.58725678205	1.79117286925
3.38223596995	5.12365951743	0.658610064559	-0.0	-0.0	0.000531443826667	0.390732973	0.000158948425042	6.07919596059	2.68689576417
3.41847105612	5.13559322034	0.580519455033	-0.0	-0.0	0.00134984762667	0.390234142455	0.000171777183348	6.87267136005	4.00217494567
3.44321696863	5.15183592458	0.534676324291	-0.0	-0.0	0.00212068413333	0.389763931467	0.000183984717044	7.65185144481	5.1618862199
3.46796288113	5.16260697828	0.504480652501	-0.0	-0.0	0.00286652962667	0.38930861987	0.000195530138027	8.43256472653	6.23979012531
3.48873177198	5.16972477064	0.482626453295	-0.0	-0.0	0.00361248325333	0.38885290247	0.000207122794558	9.23898557755	7.29678107105
3.51745470614	5.17838541667	0.466458165437	-0.0	-0.0	0.00433858268	0.388408987769	0.000217720446641	10.048124844	8.32073516722
3.54175872735	5.18995137763	0.454061406072	-0.0	-0.0	0.00503626472	0.38798214282	0.000227972247866	10.847976502	9.31123877472
3.55324790102	5.18786313751	0.444165440925	-0.0	-0.0	0.00572674384	0.387559411342	0.000238848080084	11.6614674673	10.2977396972
3.57092355281	5.19119537275	0.43605003018	-0.0	-0.0	0.00641326198667	0.387138815407	0.000249181967971	12.4911049599	11.2884323028
3.58241272647	5.1968579673	0.429393838014	-0.0	-0.0	0.00707321445333	0.386734222665	0.000259466700887	13.3091549189	12.2568369246
3.59876270437	5.20793346129	0.423599946493	-0.0	-0.0	0.00772982676	0.386331415003	0.000269311093251	14.1425836556	13.2391507927
3.62306672559	5.22045237337	0.418834493997	-0.0	-0.0	0.00836371930667	0.385942289316	0.000278088176732	14.9638755777	14.1970426318
3.62881131242	5.21978371501	0.414656931998	-0.0	-0.0	0.00898968749333	0.385557788394	0.000288128926678	15.7918330629	15.1591919731
3.65002209456	5.22397975324	0.410967625263	-0.0	-0.0	0.00960245564	0.385181162399	0.000296689920528	16.6184529776	16.1182569233
3.66813963765	5.23871171456	0.407596543271	-0.0	-0.0	0.01020852716	0.384808427398	0.000305364520019	17.4526862967	17.0874907491
3.67786124613	5.24401008827	0.404609604819	-0.0	-0.0	0.0108068733867	0.384440221257	0.000314557259294	18.2914017474	18.0583837329
3.69244365886	5.24984286612	0.401915468317	-0.0	-0.0	0.0114085767867	0.384069721699	0.000323359174684	19.1499653485	19.048289656
3.69863013699	5.24905897114	0.399106417492	-0.0	-0.0	0.0121410528933	0.383618402216	0.000335046920024	20.2145314804	20.2647573251
3.71011931065	5.25516593613	0.397077116827	-0.0	-0.0	0.0127213886267	0.38326059584	0.000343719150988	21.0743925678	21.2460555894
3.71895713654	5.26408010013	0.395269931296	-0.0	-0.0	0.0132863232	0.382912074284	0.000352362751517	21.9251366357	22.2147347754
3.73840035351	5.27724008742	0.393433607503	-0.0	-0.0	0.0138520024667	0.382562901688	0.000360012217597	22.7920117822	23.2107930265
3.74016791869	5.27902621723	0.39175519162	-0.0	-0.0	0.01442276032	0.382210394027	0.000369406373981	23.6785788049	24.2258852484
3.75077330977	5.28794016828	0.389981519987	-0.0	-0.0	0.0150851648267	0.381801031841	0.000379455988737	24.7233213726	25.4190945304
3.76712328767	5.3025210084	0.388638658233	-0.0	-0.0	0.0156255701333	0.381466863553	0.000386864832267	25.5891570797	26.4070574613
3.77110030932	5.30329397141	0.38738947005	-0.0	-0.0	0.0161585611733	0.381137103061	0.000395406543734	26.4550996298	27.3949711222
3.78258948299	5.31005586592	0.386153312531	-0.0	-0.0	0.01669558644	0.380804668794	0.000403212414737	27.3394234744	28.4074115051
3.79054352629	5.31494110353	0.385682263553	-0.0	-0.0	0.0169151308667	0.380668712986	0.000406042723994	27.7039784044	28.8236188151
3.78833406982	5.31339119653	0.385928910325	-0.0	-0.0	0.0169067821467	0.380673883588	0.0004061098927	27.6871112795	28.7864879369
3.78612461335	5.31122132672	0.386110609359	-0.0	-0.0	0.0168967420667	0.380680101641	0.000406162041103	27.6685988199	28.7528313453
3.78612461335	5.31224806202	0.386416811445	-0.0	-0.0	0.01688252576	0.38068890602	0.000405892653732	27.641714785	28.7006484014
3.78479893946	5.31234491315	0.386639136348	-0.0	-0.0	0.0168722147467	0.380695291712	0.000405839938796	27.6222454473	28.6628521611
3.78877596111	5.31317829457	0.387004875993	-0.0	-0.0	0.0168547711067	0.380706094546	0.000405086172578	27.5893950744	28.5998957491
3.78391515687	5.31079404467	0.387374031651	-0.0	-0.0	0.01683766904	0.380716683981	0.000405283000156	27.5571944717	28.5374357589
3.78435704817	5.31079404467	0.387903543703	-0.0	-0.0	0.0168131410133	0.380731873079	0.000404771761113	27.5109705861	28.4479677851
3.78082191781	5.31273291925	0.389740680713	-0.0	-0.0	0.01672814476	0.380784504065	0.000403544151646	27.3512107972	28.1396562694
3.77198409191	5.3065920398	0.397757479999	-0.0	-0.0	0.01636665716	0.381008306775	0.000397650871371	26.6762915338	26.8428791665
3.76668139638	5.30108864697	0.405785447572	-0.0	-0.0	0.01601647492	0.381225028725	0.000391591262606	26.0302731023	25.6146206408
3.75254087494	5.29497973184	0.413258951874	-0.0	-0.0	0.0157008088667	0.381420322792	0.000387087651821	25.4544169787	24.5305309084
3.74679628811	5.28852152215	0.420941643672	-0.0	-0.0	0.0153861453067	0.381614938015	0.00038173242654	24.8865213801	23.4717611004
3.74237737517	5.28228321896	0.429043564778	-0.0	-0.0	0.0150615938533	0.381815597884	0.000376042517473	24.3073686799	22.407639045
3.72912063632	5.27477336668	0.437563851532	-0.0	-0.0	0.0147288175867	0.382021285264	0.000371076546642	23.7206107005	21.3446725253
3.71365444101	5.26409774436	0.44668740314	-0.0	-0.0	0.01438135024	0.382235976214	0.000366037766021	23.1153533028	20.2654267727
3.70525850641	5.25650674193	0.456694617548	-0.0	-0.0	0.0140122525067	0.38246394944	0.000359927613682	22.482254091	19.151455595
3.68846663721	5.24544311754	0.467505521461	-0.0	-0.0	0.0136243910667	0.382703419996	0.000354264063342	21.8270001944	18.0196755917
3.67786124613	5.236312146	0.479534683752	-0.0	-0.0	0.0132094509467	0.3829595013	0.000347506241235	21.1374917045	16.8467714627
3.664162616	5.22761664565	0.492479889773	-0.0	-0.0	0.01277572772	0.383227076163	0.000340699297916	20.4291345362	15.6701360679
3.65046398586	5.2220113852	0.506424563782	-0.0	-0.0	0.01231776044	0.383509473312	0.000333425927104	19.6948935353	14.4882925424
3.63941670349	5.21139240506	0.521996366734	-0.0	-0.0	0.01182521716	0.383813046811	0.000325249038481	18.9203619719	13.2740223836
3.61908970393	5.19574873096	0.539293515137	-0.0	-0.0	0.0113024593733	0.384135074128	0.000317303401243	18.1164813782	12.0462318858
3.60627485639	5.19350732018	0.554099711948	-0.0	-0.0	0.0108728496533	0.38439960389	0.000310460128451	17.4701314258	11.085198886
3.60627485639	5.1938255888	0.553524279408	-0.0	-0.0	0.0108816798667	0.384394167983	0.000310629698698	17.4836850999	11.1141827333
3.60627485639	5.1938255888	0.553327017446	-0.0	-0.0	0.0108864721867	0.384391217796	0.000310715844098	17.4906206891	11.1255871831
3.60804242156	5.19509866327	0.552817992719	-0.0	-0.0	0.0108968437467	0.384384832939	0.000310753686242	17.5059443139	11.1534140352
3.60804242156	5.19541693189	0.552094359335	-0.0	-0.0	0.0109103873067	0.384376495262	0.000311006473076	17.5262775621	11.192130977
3.60980998674	5.19599109131	0.551206603406	-0.0	-0.0	0.0109278105333	0.384365773248	0.000311176117547	17.5522054971	11.240388755
3.61157755192	5.19758192809	0.549266982176	-0.0	-0.0	0.0109653968133	0.384342632184	0.000311721149316	17.6085052202	11.3461132849
3.61908970393	5.20871778556	0.531961908171	-0.0	-0.0	0.01131748792	0.384125823535	0.000317591095306	18.1400473974	12.3409106998
3.62969509501	5.2200317965	0.514658530465	-0.0	-0.0	0.0117002902933	0.383890020308	0.000323769254192	18.7276676042	13.4370038438
3.63941670349	5.22966963151	0.499451974131	-0.0	-0.0	0.01206754608	0.383663708798	0.000329717450644	19.3004207853	14.4991271805
3.64648696421	5.23311132255	0.485732767947	-0.0	-0.0	0.0124285490533	0.383441169398	0.000335777398415	19.8719226094	15.5510889486
3.65134776845	5.23945448779	0.473030840195	-0.0	-0.0	0.01279275704	0.38321657285	0.000342081796478	20.4561431099	16.6178030061
3.6637207247	5.24730842305	0.461144981327	-0.0	-0.0	0.0131643214933	0.382987355472	0.00034779267358	21.0597638056	17.7103761231
3.67653557225	5.25632111252	0.45026578526	-0.0	-0.0	0.0135363507067	0.382757766039	0.000353434380132	21.6712157787	18.8053841988
3.68272205038	5.26184459886	0.4407725475	-0.0	-0.0	0.01388941736	0.382539799913	0.000359344093136	22.2583328585	19.8466741208
3.69332744145	5.27367424242	0.431987959876	-0.0	-0.0	0.0142436939733	0.382321011895	0.000364828488229	22.8539057991	20.892909914
3.706142289	5.28355387524	0.424055955731	-0.0	-0.0	0.0145923324	0.382105627633	0.000369976945	23.4462299354	21.9202902294
3.7140963323	5.29070866142	0.416555528234	-0.0	-0.0	0.0149523432267	0.381883136564	0.000375790423173	24.0638655659	22.9772156207
3.72425983208	5.29707639107	0.409847986486	-0.0	-0.0	0.01531051036	0.381661707767	0.000381312290329	24.6834593247	24.0155390307
3.73044631021	5.30263984915	0.404079373609	-0.0	-0.0	0.0156541339733	0.381449195619	0.000386955138794	25.2820244433	24.9968314992
3.73574900574	5.30508474576	0.398713786007	-0.0	-0.0	0.0160203404533	0.381222636825	0.00039304259551	25.9216888801	26.0144348674
3.74723817941	5.3131661442	0.394402997303	-0.0	-0.0	0.0163805580933	0.380999702153	0.000398285455847	26.5491103431	26.9644584654
3.7565178966	5.32330827068	0.391291787667	-0.0	-0.0	0.0167494498533	0.380771315922	0.000403789144907	27.1850903301	27.849108394
3.76579761379	5.32676672921	0.389167211055	-0.0	-0.0	0.0171536889067	0.380520949127	0.000409774499145	27.8750641544	28.7240740006
3.76623950508	5.32728977806	0.388915149714	-0.0	-0.0	0.0172135081733	0.380483894657	0.00041075358983	27.9770063437	28.8491956828
3.76623950508	5.32833020638	0.389065805175	-0.0	-0.0	0.0172105263333	0.380485738308	0.000410688447069	27.9705201434	28.8305102443
3.76535572249	5.32666458268	0.389224796686	-0.0	-0.0	0.0172006025333	0.380491886213	0.000410601657389	27.9522029243	28.798981688
3.7644719399	5.32812011261	0.389484053665	-0.0	-0.0	0.01718904456	0.380499041528	0.000410479651093	27.9303666296	28.7558851855
3.7644719399	5.32780731936	0.389606992011	-0.0	-0.0	0.0171828699867	0.380502864302	0.000410364666846	27.918875459	28.7342947911
3.7644719399	5.32916145181	0.389918249262	-0.0	-0.0	0.01716859528	0.380511714649	0.000410095337375	27.8919717142	28.6819316534
3.76314626602	5.32822277847	0.390318991806	-0.0	-0.0	0.0171501267867	0.380523150168	0.000409891826957	27.8572513394	28.614525645
3.75961113566	5.32425665102	0.392214901469	-0.0	-0.0	0.01706294408	0.380577160873	0.000408633677952	27.6935928251	28.2976999423
3.74988952718	5.31776872454	0.399337190841	-0.0	-0.0	0.01674356016	0.380774962978	0.000403670400189	27.0981918488	27.1481200902
3.7392841361	5.30803011292	0.407181295935	-0.0	-0.0	0.0164037507733	0.380985336998	0.000398407758964	26.47207017	25.9481843415
3.73177198409	5.30069052103	0.414641341762	-0.0	-0.0	0.0160906825333	0.381179108734	0.000393316307748	25.9018171711	24.8652432154
3.72116659302	5.29861548143	0.422267688783	-0.0	-0.0	0.0157808553067	0.381370807069	0.000388611985503	25.3437393182	23.8139597688
3.71321254971	5.29291338583	0.430016012789	-0.0	-0.0	0.0154743623067	0.381560383533	0.000383691652693	24.7977083042	22.7968601485
3.70746796288	5.28472440945	0.438292534671	-0.0	-0.0	0.0151550994533	0.381757796815	0.000378307314722	24.2358102355	21.7630989822
3.69200176757	5.27367424242	0.446944089075	-0.0	-0.0	0.0148316887067	0.38195771059	0.000373834747878	23.6735340024	20.7395368907
3.6809544852	5.26517067004	0.456209041156	-0.0	-0.0	0.0144959934	0.382165149734	0.000368673615635	23.0970244184	19.7027310677
3.6725585506	5.2582278481	0.465728246323	-0.0	-0.0	0.0141610572533	0.382372050307	0.000363278003738	22.5299430467	18.6964276352
3.66460450729	5.25110829639	0.476518307067	-0.0	-0.0	0.0137938848667	0.382598784608	0.000357254685449	21.9170482209	17.6235920368
3.65753424658	5.24129195693	0.488228978243	-0.0	-0.0	0.0134071160933	0.382837529946	0.000350788393941	21.2816113304	16.5315613309
3.64604507291	5.23279416429	0.501206409547	-0.0	-0.0	0.0129895113467	0.38309519938	0.000344181773853	20.6070292366	15.3994031653
3.64118426867	5.22155309033	0.514364554492	-0.0	-0.0	0.0125746587867	0.38335107757	0.00033698768869	19.947524818	14.3250644833
3.62350861688	5.21201525747	0.529425372575	-0.0	-0.0	0.0121117381733	0.383636471005	0.000330068341845	19.22340266	13.1812064073
3.6049491825	5.19585987261	0.546531618409	-0.0	-0.0	0.0115982158533	0.38395290618	0.000322262473692	18.4356249319	11.9823990806
3.59390190013	5.18590561224	0.564934134149	-0.0	-0.0	0.0110636225333	0.384282152826	0.000313363238695	17.6315280748	10.8047189711
3.57931948741	5.17380191693	0.588294126285	-0.0	-0.0	0.0104102220533	0.384684331757	0.000302572017969	16.6728314513	9.46109485591
3.54971277066	5.15735388568	0.616870255254	-0.0	-0.0	0.00965482125333	0.38514896619	0.00029117441256	15.5989517065	8.02656668156
3.52452496686	5.13793103448	0.645585171848	-0.0	-0.0	0.00892951114667	0.38559476217	0.00027997000365	14.603049064	6.77671628228
