# C		CN		K0		e_x		e_y		e_z		n		overlap		p		q
3.3278833407	5.13574351978	0.735866570064	-0.0	-0.0	1.87240000048e-07	0.390789833873	0.000128041201137	5.58795464564	1.7914138095
3.37339814406	5.14468802698	0.648766882933	-0.0	-0.0	0.000531443826667	0.390466100974	0.000135898067427	6.1765036115	2.83267995657
3.40963323023	5.16689008043	0.572484675112	-0.0	-0.0	0.00134984762667	0.389967051931	0.000148719036896	7.11926785941	4.25683860457
3.43570481662	5.17204658902	0.532770093223	-0.0	-0.0	0.00212068413333	0.389496634981	0.000160703495031	8.0404588532	5.45631045827
3.46133451171	5.17454545455	0.508124176145	-0.0	-0.0	0.00286652962667	0.389041123948	0.000171976756334	8.96214994525	6.55910996703
3.47680070703	5.18286655684	0.49064932789	-0.0	-0.0	0.00361248325333	0.388585206933	0.000183540392318	9.91314923623	7.64539340619
3.49801148917	5.19100754841	0.477594487173	-0.0	-0.0	0.00433858268	0.388141097788	0.000194413728494	10.8719066645	8.71457038318
3.52364118427	5.19432670362	0.467875968617	-0.0	-0.0	0.00503626472	0.387714065872	0.0002044553046	11.8215993495	9.74901326293
3.53424657534	5.20481927711	0.460109425572	-0.0	-0.0	0.00572674384	0.387291149228	0.000215213789132	12.7900604191	10.7881969743
3.54971277066	5.20726565034	0.453449173851	-0.0	-0.0	0.00641326198667	0.386870369064	0.00022557750497	13.7822904831	11.8507453617
3.56120194432	5.2109349725	0.448238237491	-0.0	-0.0	0.00707321445333	0.386465599102	0.000235670763552	14.7595442781	12.882446377
3.56783031374	5.21389337641	0.44374022059	-0.0	-0.0	0.00772982676	0.386062612575	0.000246016545052	15.7567512458	13.9310269621
3.59169244366	5.22275795564	0.439988793189	-0.0	-0.0	0.00836371930667	0.385673318869	0.000254727624042	16.7413629862	14.9608446784
3.59964648696	5.2302504817	0.436898864023	-0.0	-0.0	0.00898968749333	0.385288649527	0.000264375054219	17.7332691968	15.9872496585
3.622182943	5.24831784684	0.434018244552	-0.0	-0.0	0.00960245564	0.384911858561	0.000272731024482	18.7263162759	17.0212200148
3.63499779054	5.265129683	0.431410395276	-0.0	-0.0	0.01020852716	0.384538960899	0.000281668561073	19.7299951596	18.0665851582
3.6469288555	5.26869009585	0.428913406937	-0.0	-0.0	0.0108068733867	0.384170589179	0.00029055809656	20.7429182263	19.1288053519
3.65488289881	5.2753669432	0.426682570607	-0.0	-0.0	0.0114085767867	0.383799931026	0.000299775874175	21.7800568873	20.2122387257
3.67697746354	5.27737226277	0.424293762522	-0.0	-0.0	0.0121410528933	0.383348413856	0.000309871072636	23.0658213005	21.5501895616
3.69421122404	5.28359152703	0.422606828718	-0.0	-0.0	0.0127213886267	0.382990445045	0.000317871280209	24.1034628429	22.6269323235
3.70349094123	5.28566919192	0.421125661169	-0.0	-0.0	0.0132863232	0.382641776537	0.000326268380542	25.129796418	23.6889409877
3.70304904993	5.28661616162	0.419829546328	-0.0	-0.0	0.0138520024667	0.382292450996	0.000335504773547	26.1718610717	24.7613385089
3.71984091913	5.2955618508	0.418491165194	-0.0	-0.0	0.01442276032	0.381939788929	0.000343273026184	27.241746702	25.8706620974
3.73398144057	5.30433417085	0.417161875119	-0.0	-0.0	0.0150851648267	0.381530249178	0.000352746261484	28.5026396665	27.1692906804
3.74944763588	5.3082942097	0.416175986872	-0.0	-0.0	0.0156255701333	0.381195932773	0.000360083719106	29.547790998	28.2435528218
3.75784357048	5.3121875	0.415298305966	-0.0	-0.0	0.0161585611733	0.380866034615	0.000367933466338	30.5917075682	29.3134322252
3.76889085285	5.31514962594	0.414562628838	-0.0	-0.0	0.01669558644	0.380533447959	0.000375545772029	31.6553466699	30.3952222953
3.7812638091	5.32047293093	0.414199429889	-0.0	-0.0	0.0169151308667	0.380397437327	0.000377876673624	32.0953470123	30.849077285
3.77596111357	5.31952662722	0.414487469813	-0.0	-0.0	0.0169067821467	0.380402605466	0.000378236583299	32.0742110168	30.80389792
3.77507733098	5.31900311526	0.414707045763	-0.0	-0.0	0.0168967420667	0.380408826242	0.000378140785759	32.0511912308	30.7628597963
3.77242598321	5.31951371571	0.415076273294	-0.0	-0.0	0.01688252576	0.380417634478	0.000378137866915	32.0177887626	30.6990218255
3.77242598321	5.31951371571	0.415331295411	-0.0	-0.0	0.0168722147467	0.380424022967	0.000377943220634	31.9936212559	30.653932388
3.76977463544	5.31836607421	0.415776000673	-0.0	-0.0	0.0168547711067	0.380434830533	0.000377881197562	31.9528371039	30.5767146152
3.77110030932	5.31764339152	0.416220061464	-0.0	-0.0	0.01683766904	0.380445419673	0.0003774256624	31.9127382582	30.5003412867
3.77110030932	5.3172327828	0.416844634432	-0.0	-0.0	0.0168131410133	0.380460622552	0.000376963900365	31.8553659087	30.3922172647
3.76933274414	5.31774243842	0.419039550178	-0.0	-0.0	0.01672814476	0.38051327884	0.000375538721164	31.6568085133	30.017239808
3.76403004861	5.31419656786	0.428604532153	-0.0	-0.0	0.01636665716	0.380737166781	0.000369251054303	30.8181403414	28.4448521014
3.75254087494	5.31060369096	0.438179807586	-0.0	-0.0	0.01601647492	0.380953989973	0.000363753653312	30.0146943303	26.9610279515
3.73707467963	5.30593034201	0.447058331384	-0.0	-0.0	0.0157008088667	0.381149369668	0.000359261364199	29.2989407008	25.6593569101
3.72823685373	5.30711139081	0.45610326662	-0.0	-0.0	0.0153861453067	0.381344072094	0.000354131015606	28.594157869	24.3994601865
3.71895713654	5.29984251969	0.465697376191	-0.0	-0.0	0.0150615938533	0.381544825196	0.000348815365309	27.8749521452	23.1340486735
3.70216526734	5.29017998105	0.475740952971	-0.0	-0.0	0.0147288175867	0.381750597144	0.000344084969602	27.1492835875	21.8806910243
3.6889085285	5.28865652725	0.486499329634	-0.0	-0.0	0.01438135024	0.381965382322	0.00033874069122	26.4013479658	20.6139671945
3.6805125939	5.27964489537	0.498254439081	-0.0	-0.0	0.0140122525067	0.382193455405	0.00033255308297	25.6192284388	19.3152171031
3.66681396376	5.27136955831	0.510932214832	-0.0	-0.0	0.0136243910667	0.382433032277	0.000326493233857	24.8103329739	18.0040774527
3.65311533363	5.26265520535	0.524716639832	-0.0	-0.0	0.0132094509467	0.382689232431	0.000319906507953	23.960405366	16.6699478626
3.63499779054	5.25095785441	0.539646171395	-0.0	-0.0	0.01277572772	0.382956916394	0.000313365386243	23.0891294076	15.3357499134
3.62350861688	5.24504158669	0.555880451914	-0.0	-0.0	0.01231776044	0.383239437239	0.000305807302602	22.1882412137	13.9990729672
3.61467079099	5.22993284298	0.573819616792	-0.0	-0.0	0.01182521716	0.383543143709	0.000297375034333	21.2398003396	12.6445626059
3.59125055236	5.22075835476	0.59318184234	-0.0	-0.0	0.0113024593733	0.383865317115	0.000289586227613	20.2581664554	11.3083518712
3.57092355281	5.20554123711	0.609693229693	-0.0	-0.0	0.0108728496533	0.384129957713	0.000283278275764	19.4709525142	10.2726290302
3.5713654441	5.20586340206	0.608978481736	-0.0	-0.0	0.0108816798667	0.384124519425	0.000283412023024	19.4874009649	10.3067731761
3.57313300928	5.20857511283	0.608741461915	-0.0	-0.0	0.0108864721867	0.384121567946	0.000283354336765	19.4956283071	10.3195802978
3.57534246575	5.2087628866	0.608004927784	-0.0	-0.0	0.0108968437467	0.384115184463	0.000283374121793	19.5146069049	10.3559508868
3.57269111798	5.20786335804	0.607142714878	-0.0	-0.0	0.0109103873067	0.384106838963	0.000283833256239	19.5389742816	10.3997817362
3.57445868316	5.20844072165	0.605978675863	-0.0	-0.0	0.0109278105333	0.384096108023	0.000284016818144	19.5706253931	10.4584888026
3.57401679187	5.20908505155	0.603490914332	-0.0	-0.0	0.0109653968133	0.384072958052	0.000284748953683	19.6389478051	10.5850729759
3.58771542201	5.21793635487	0.58142758273	-0.0	-0.0	0.01131748792	0.383856057436	0.000290182668188	20.2853336773	11.7773228019
3.60273972603	5.23378291586	0.559763554254	-0.0	-0.0	0.0117002902933	0.383620156252	0.000296070496154	21.0015105028	13.0863582286
3.61599646487	5.24599101988	0.541060226384	-0.0	-0.0	0.01206754608	0.383393740284	0.000301784136901	21.7006328075	14.3497224112
3.62615996465	5.25528507367	0.524491751398	-0.0	-0.0	0.0124285490533	0.383171103407	0.000307619756101	22.3986830295	15.5942083338
3.63146266019	5.26401794297	0.509330979537	-0.0	-0.0	0.01279275704	0.382946408481	0.000313906111526	23.1133997625	16.8542769185
3.6389748122	5.27112676056	0.495326336182	-0.0	-0.0	0.0131643214933	0.3827170907	0.000320104595617	23.8525427441	18.1414120683
3.65223155104	5.28502879079	0.482630133618	-0.0	-0.0	0.0135363507067	0.382487404209	0.000325771108974	24.6018499288	19.4298781021
3.65974370305	5.2918797954	0.471778403301	-0.0	-0.0	0.01388941736	0.382269345178	0.000331570756826	25.3212180647	20.6454694677
3.66813963765	5.30063897764	0.461958697699	-0.0	-0.0	0.0142436939733	0.382050453886	0.000337282064457	26.050629641	21.855898904
3.67697746354	5.30452806122	0.453181514545	-0.0	-0.0	0.0145923324	0.381834978894	0.000342800143343	26.7744171956	23.0398083205
3.68979231109	5.31433121019	0.445032305163	-0.0	-0.0	0.0149523432267	0.38161238812	0.000348117690332	27.5277530048	24.2483990426
3.69863013699	5.31987281399	0.437887892317	-0.0	-0.0	0.01531051036	0.381390862333	0.000353725005967	28.281740837	25.4254944771
3.70835174547	5.32645284217	0.431962740424	-0.0	-0.0	0.0156541339733	0.3811782571	0.000358943501353	29.0086301056	26.5214187776
3.71277065842	5.32846715328	0.426861879107	-0.0	-0.0	0.0160203404533	0.380951599068	0.000364979862453	29.7811846976	27.6234236519
3.71984091913	5.3286890437	0.423109559888	-0.0	-0.0	0.0163805580933	0.380728566747	0.00037055137938	30.5370081064	28.6258134653
3.73353954927	5.32807570978	0.420482822414	-0.0	-0.0	0.0167494498533	0.380500088564	0.000375489127401	31.3038968012	29.5624407321
3.74326115776	5.33396345306	0.418584729413	-0.0	-0.0	0.0171536889067	0.380249603793	0.000381315711539	32.1389104708	30.5133310996
3.74193548387	5.3325984252	0.418349261552	-0.0	-0.0	0.0172135081733	0.380212530363	0.000382452993397	32.26253868	30.6509683729
3.74149359258	5.33228346457	0.418524584836	-0.0	-0.0	0.0172105263333	0.380214369585	0.000382432570944	32.2544582353	30.628207676
3.74237737517	5.33154911839	0.4187236748	-0.0	-0.0	0.0172006025333	0.380220528372	0.000382159077186	32.2316980783	30.5894854914
3.74281926646	5.33154911839	0.419024125007	-0.0	-0.0	0.01718904456	0.380227691726	0.000381897765412	32.2048265889	30.5381982867
3.74281926646	5.33123425693	0.419220460648	-0.0	-0.0	0.0171828699867	0.380231515288	0.000381779974434	32.1902222476	30.5075168291
3.74193548387	5.33154911839	0.41955480232	-0.0	-0.0	0.01716859528	0.380240365493	0.000381604988034	32.157329086	30.4477240363
3.74016791869	5.33102362205	0.420047169531	-0.0	-0.0	0.0171501267867	0.380251811414	0.000381437971529	32.1143056987	30.3649363402
3.73530711445	5.33354370464	0.422344395823	-0.0	-0.0	0.01706294408	0.380305840384	0.000380299107834	31.9120563846	29.9793303264
3.72205037561	5.33312222926	0.430986873782	-0.0	-0.0	0.01674356016	0.3805037212	0.000375655394382	31.1761111204	28.5819547271
3.71144498453	5.32868020305	0.440568036007	-0.0	-0.0	0.0164037507733	0.380714198613	0.00037035705249	30.402189575	27.123965475
3.70835174547	5.32666666667	0.449675043765	-0.0	-0.0	0.0160906825333	0.380908052385	0.000364797525689	29.6976284649	25.8141132473
3.70172337605	5.31978405843	0.458909905853	-0.0	-0.0	0.0157808553067	0.381099831025	0.000359646056885	29.0088108513	24.5534748867
3.69642068051	5.31585637115	0.468321554227	-0.0	-0.0	0.0154743623067	0.381289485721	0.000354421673628	28.3354894127	23.3373442511
3.68448961555	5.31156419242	0.47837420146	-0.0	-0.0	0.0151550994533	0.381486986681	0.000349587417129	27.6429070208	22.1069608548
3.67300044189	5.3040842374	0.488906640532	-0.0	-0.0	0.0148316887067	0.38168699488	0.000344645644104	26.9510884793	20.893563337
3.66637207247	5.29419272495	0.500177543842	-0.0	-0.0	0.0144959934	0.381894517704	0.000339029651823	26.243636783	19.672245807
3.65841802916	5.28575989783	0.511683494969	-0.0	-0.0	0.0141610572533	0.382101516018	0.000333542542093	25.5476697591	18.4969146039
3.64560318162	5.27799104287	0.524687404525	-0.0	-0.0	0.0137938848667	0.382328349633	0.000327905546567	24.7961666097	17.2529645486
3.63234644278	5.26626081384	0.538576327257	-0.0	-0.0	0.0134071160933	0.382567199547	0.000321942452536	24.0177810052	16.0061024381
3.61732213875	5.25353016688	0.553976773922	-0.0	-0.0	0.0129895113467	0.382824985875	0.000315563951719	23.1926137038	14.7220194618
3.60671674768	5.23916532905	0.569644131165	-0.0	-0.0	0.0125746587867	0.383080972117	0.00030882782707	22.3877913522	13.5111068036
3.58506407424	5.22247263361	0.587379155356	-0.0	-0.0	0.0121117381733	0.38336649056	0.000302119567781	21.5074700612	12.2419540863
3.56915598763	5.20702999033	0.606980814848	-0.0	-0.0	0.0115982158533	0.38368306434	0.000293992494009	20.5517253437	10.9449354131
3.54971277066	5.18560361524	0.627324708883	-0.0	-0.0	0.0110636225333	0.384012455204	0.000285763985257	19.5782744703	9.70839068852
3.52540874945	5.16747651442	0.652479799841	-0.0	-0.0	0.0104102220533	0.384414810297	0.000275699813169	18.4190669199	8.33116271143
3.50640742377	5.14730694354	0.682692057599	-0.0	-0.0	0.00965482125333	0.38487964825	0.000263362179255	17.1230958299	6.89100886881
3.47459125055	5.11649853563	0.712979585409	-0.0	-0.0	0.00892951114667	0.385325639498	0.000252495656893	15.9265500663	5.65291253623
