# C		CN		K0		e_x		e_y		e_z		n		overlap		p		q
3.36544410075	5.14879945891	0.736144458558	-0.0	-0.0	1.87240000048e-07	0.390695560256	0.000145556570184	5.58665683106	1.7887112863
3.41891294741	5.16065464262	0.653455269072	-0.0	-0.0	0.000531443826667	0.39037177726	0.000152844935971	6.0996005323	2.74885097227
3.45558992488	5.16705259676	0.569923235261	-0.0	-0.0	0.00134984762667	0.389872650991	0.000165727768057	6.93026927943	4.17863781097
3.47326557667	5.17050691244	0.520643511179	-0.0	-0.0	0.00212068413333	0.389402161244	0.000178314314454	7.74744699098	5.45801096991
3.51082633672	5.17840834964	0.48838431987	-0.0	-0.0	0.00286652962667	0.388946579722	0.000189238089435	8.56715882216	6.65190558894
3.52629253204	5.18063677713	0.465295283425	-0.0	-0.0	0.00361248325333	0.388490592156	0.000201193611685	9.41519118471	7.82301626305
3.54264250994	5.1854368932	0.448093205815	-0.0	-0.0	0.00433858268	0.388046414286	0.000212667001948	10.2692887682	8.9669826888
3.55943437914	5.19702842377	0.435037716503	-0.0	-0.0	0.00503626472	0.387619316288	0.000223519141613	11.1151954969	10.0739244823
3.57357490057	5.20115867396	0.424449334543	-0.0	-0.0	0.00572674384	0.387196334199	0.000234367025717	11.9774181278	11.1854874837
3.59478568272	5.20057581574	0.415443047511	-0.0	-0.0	0.00641326198667	0.386775489614	0.000244598518196	12.8590926621	12.3167771694
3.61069376933	5.20758928571	0.40834813473	-0.0	-0.0	0.00707321445333	0.386370656321	0.000254676480752	13.7268773643	13.4114866642
3.62925320371	5.22017181037	0.402302319837	-0.0	-0.0	0.00772982676	0.385967607433	0.000264460973685	14.6119444366	14.518734631
3.6385329209	5.22373849572	0.397197658298	-0.0	-0.0	0.00836371930667	0.385578254097	0.000274490595489	15.4858947846	15.6068178842
3.65488289881	5.22597977244	0.392697692833	-0.0	-0.0	0.00898968749333	0.385193524617	0.000283832491522	16.3684945911	16.7032321409
3.66681396376	5.23815540114	0.388868226283	-0.0	-0.0	0.00960245564	0.384816675344	0.000293274211273	17.2500471692	17.7901261595
3.68758285462	5.24261470773	0.385315447492	-0.0	-0.0	0.01020852716	0.384443722592	0.000301849955308	18.1406280503	18.8928655886
3.69376933274	5.24976437323	0.3822986533	-0.0	-0.0	0.0108068733867	0.384075291251	0.000311434521375	19.0351136646	19.9898559879
3.70790985418	5.25579937304	0.379485056314	-0.0	-0.0	0.0114085767867	0.383704575741	0.000320377907483	19.9518030837	21.115296749
3.72072470172	5.25875	0.376527048306	-0.0	-0.0	0.0121410528933	0.3832529887	0.000331614649252	21.0887461578	22.5006110877
3.7397260274	5.26689504827	0.374305504586	-0.0	-0.0	0.0127213886267	0.382894971648	0.000339701783982	22.0080628262	23.6250207042
3.74458683164	5.2753894081	0.372413071734	-0.0	-0.0	0.0132863232	0.38254624203	0.000348807860846	22.9172599532	24.728949928
3.76226248343	5.28540372671	0.370510046151	-0.0	-0.0	0.0138520024667	0.38219686389	0.000356734357523	23.8441032541	25.8634983996
3.76800707026	5.28988206083	0.368737989209	-0.0	-0.0	0.01442276032	0.381844153768	0.000365866871742	24.7943548759	27.0249508649
3.77905435263	5.29625038736	0.366704276883	-0.0	-0.0	0.0150851648267	0.38143454092	0.00037607931182	25.9199473824	28.4093299038
3.79054352629	5.30015455951	0.365169424705	-0.0	-0.0	0.0156255701333	0.381100180042	0.000384130440066	26.8530463944	29.5557166103
3.7980556783	5.30012338063	0.363858143541	-0.0	-0.0	0.0161585611733	0.38077021854	0.00039240494695	27.7839618145	30.6900059586
3.80424215643	5.30650632131	0.362608209629	-0.0	-0.0	0.01669558644	0.380437587193	0.000400874946483	28.7347544628	31.8486939756
3.80866106938	5.308995687	0.362060109995	-0.0	-0.0	0.0169151308667	0.380301559315	0.000404140993633	29.1278685655	32.3327150623
3.80600972161	5.30785824345	0.362283860293	-0.0	-0.0	0.0169067821467	0.380306719314	0.000404255042704	29.1101834887	32.2933688582
3.80777728679	5.3098027127	0.362449077742	-0.0	-0.0	0.0168967420667	0.380312946192	0.00040387921683	29.0903259797	32.2567986374
3.80512593902	5.30928152945	0.362728977587	-0.0	-0.0	0.01688252576	0.380321755791	0.000403891622553	29.0618295497	32.2006023527
3.80468404772	5.30866481653	0.362926708829	-0.0	-0.0	0.0168722147467	0.380328145269	0.00040374326398	29.0412120872	32.1604031514
3.80291648255	5.30978093181	0.363266264505	-0.0	-0.0	0.0168547711067	0.380338954507	0.000403600007669	29.0062355617	32.091921371
3.80424215643	5.3096853794	0.363602384173	-0.0	-0.0	0.01683766904	0.380349551901	0.000403135296845	28.9719707624	32.0246217303
3.80380026513	5.30876002468	0.36408390084	-0.0	-0.0	0.0168131410133	0.380364743213	0.000402717815174	28.9229345867	31.9284268357
3.80026513478	5.30669546436	0.365763546348	-0.0	-0.0	0.01672814476	0.380417414954	0.000401478618517	28.7530308359	31.5956135819
3.78921785241	5.29944375773	0.373073972899	-0.0	-0.0	0.01636665716	0.380641345899	0.000395778018168	28.0358424327	30.1974400653
3.77684489616	5.29789212647	0.380425428043	-0.0	-0.0	0.01601647492	0.380858186864	0.000390431740769	27.349380754	28.8695334112
3.76844896156	5.29431853462	0.387311119747	-0.0	-0.0	0.0157008088667	0.381053604538	0.00038532239385	26.7375116387	27.6934026331
3.76403004861	5.2947761194	0.394419588703	-0.0	-0.0	0.0153861453067	0.381248336771	0.000379820458677	26.1338892886	26.541521939
3.7560760053	5.28935905414	0.401966731261	-0.0	-0.0	0.0150615938533	0.38144911386	0.00037446807933	25.5177166816	25.3786137375
3.74856385329	5.2864713217	0.409893667309	-0.0	-0.0	0.0147288175867	0.381654925745	0.000368886532152	24.8929488435	24.2162693505
3.73309765798	5.27772571072	0.418359861502	-0.0	-0.0	0.01438135024	0.381869736801	0.00036380780749	24.2494298326	23.0374425935
3.71939902784	5.26627033792	0.427589369103	-0.0	-0.0	0.0140122525067	0.382097845551	0.000358153864176	23.5756614869	21.8226292501
3.70879363677	5.25649859067	0.437607268608	-0.0	-0.0	0.0136243910667	0.382337465467	0.00035183476629	22.8782330187	20.5841278981
3.69465311533	5.25125628141	0.448758323945	-0.0	-0.0	0.0132094509467	0.382593701272	0.00034531508579	22.1441962771	19.2991253346
3.67741935484	5.23364779874	0.460854314566	-0.0	-0.0	0.01277572772	0.382861430654	0.000338731406588	21.3900144084	18.0032505524
3.66327883341	5.22996845426	0.474190631268	-0.0	-0.0	0.01231776044	0.383143995219	0.000331424063154	20.6093091882	16.6854938445
3.64295183385	5.21150806197	0.489132208619	-0.0	-0.0	0.01182521716	0.383447748687	0.000324060797141	19.7878945772	15.3301013413
3.62925320371	5.206022187	0.505625438227	-0.0	-0.0	0.0113024593733	0.383769970373	0.000315528473869	18.9348268357	13.9627982198
3.61555457357	5.19536213469	0.519811223822	-0.0	-0.0	0.0108728496533	0.384034653498	0.000308718704151	18.2482105265	12.8885410488
3.61555457357	5.19663278272	0.519340805274	-0.0	-0.0	0.0108816798667	0.384029214369	0.000308885361852	18.262400075	12.917157542
3.61422889969	5.19701302828	0.519138149219	-0.0	-0.0	0.0108864721867	0.384026265068	0.000309086196673	18.2698891005	12.9304736946
3.61511268228	5.1993006993	0.518652266158	-0.0	-0.0	0.0108968437467	0.384019873791	0.000309202257817	18.2862291359	12.9612949102
3.61599646487	5.19790343075	0.517998731473	-0.0	-0.0	0.0109103873067	0.38401153117	0.000309379729259	18.3077791708	13.0025301281
3.61599646487	5.19923736892	0.517156515749	-0.0	-0.0	0.0109278105333	0.384000801237	0.000309703359385	18.3354736497	13.0557547123
3.61643835616	5.19923736892	0.515358667587	-0.0	-0.0	0.0109653968133	0.383977645017	0.000310366218255	18.3953051033	13.170407847
3.62925320371	5.20843908629	0.499310113535	-0.0	-0.0	0.01131748792	0.383760710836	0.00031581069866	18.9605376881	14.2498549757
3.63543968184	5.21134347275	0.483286673573	-0.0	-0.0	0.0117002902933	0.383524767816	0.000322377382963	19.5845898649	15.4374388179
3.65002209456	5.22334704208	0.469245374572	-0.0	-0.0	0.01206754608	0.383298322141	0.00032789306437	20.1922309045	16.5857690397
3.66062748564	5.23877292853	0.456562815769	-0.0	-0.0	0.0124285490533	0.383075657811	0.000333635112805	20.7980152521	17.7234803505
3.66902342024	5.24881441669	0.444759762792	-0.0	-0.0	0.01279275704	0.382850921115	0.000339644261126	21.4184365186	18.8815901802
3.68183826779	5.25812559167	0.433732008515	-0.0	-0.0	0.0131643214933	0.382621567847	0.000345359892855	22.059715838	20.0673922492
3.69509500663	5.26883075953	0.423600278026	-0.0	-0.0	0.0135363507067	0.382391842305	0.000351012184359	22.7100738168	21.259327025
3.70216526734	5.27653543307	0.414683842892	-0.0	-0.0	0.01388941736	0.382173746961	0.000356895700996	23.3352278537	22.3986998329
3.71232876712	5.28342245989	0.40639578877	-0.0	-0.0	0.0142436939733	0.381954826792	0.000362495851143	23.9699583815	23.5471111205
3.71939902784	5.29056603774	0.398908149738	-0.0	-0.0	0.0145923324	0.381739314929	0.000368261359132	24.600930325	24.6756335419
3.72425983208	5.29770512417	0.391839605714	-0.0	-0.0	0.0149523432267	0.381516694318	0.000374426206757	25.2588372512	25.8366375357
3.7313300928	5.29849340866	0.385425836039	-0.0	-0.0	0.01531051036	0.381295141478	0.000380301780938	25.9189982619	26.9855690434
3.73663278833	5.29865246004	0.379855950443	-0.0	-0.0	0.0156541339733	0.381082496117	0.000386064845219	26.5568243651	28.076851552
3.74591250552	5.30400751409	0.37464683883	-0.0	-0.0	0.0160203404533	0.380855807516	0.00039177729643	27.2393129986	29.2132602592
3.7476800707	5.30870381966	0.370506581062	-0.0	-0.0	0.0163805580933	0.380632743621	0.000398069271435	27.9087375819	30.2726602318
3.75121520106	5.30810134501	0.367510120475	-0.0	-0.0	0.0167494498533	0.380404214548	0.000404188264538	28.5880316671	31.2647200503
3.7560760053	5.30927835052	0.365463676276	-0.0	-0.0	0.0171536889067	0.380153699104	0.000410702241249	29.3254907643	32.2510746742
3.75872735307	5.31033406182	0.365232365131	-0.0	-0.0	0.0172135081733	0.380116620765	0.00041144510236	29.4342577377	32.3911499175
3.75872735307	5.30867665418	0.365368972683	-0.0	-0.0	0.0172105263333	0.380118465556	0.000411380064423	29.4274000174	32.3715230622
3.75740167919	5.31115276476	0.365511734734	-0.0	-0.0	0.0172006025333	0.380124619184	0.000411341068841	29.4079385201	32.337502453
3.75695978789	5.30990315526	0.365745904481	-0.0	-0.0	0.01718904456	0.380131782195	0.000411170619825	29.38476801	32.2913617491
3.75740167919	5.30990315526	0.365857394921	-0.0	-0.0	0.0171828699867	0.380135611055	0.000411006666107	29.3725405975	32.2680955113
3.75961113566	5.31240237426	0.366136738769	-0.0	-0.0	0.01716859528	0.380144459375	0.000410496918129	29.3440289526	32.2121803469
3.75784357048	5.31146516714	0.366500664708	-0.0	-0.0	0.0171501267867	0.380155907067	0.000410340465486	29.3071702471	32.1397437307
3.75342465753	5.30915911222	0.368226420026	-0.0	-0.0	0.01706294408	0.380209944397	0.000409176084605	29.1333850429	31.7987955805
3.74060980999	5.30357142857	0.374699261967	-0.0	-0.0	0.01674356016	0.380407862727	0.000404524227621	28.5009804091	30.5619625957
3.73398144057	5.30185127079	0.381876835291	-0.0	-0.0	0.0164037507733	0.380618371072	0.000398829430183	27.8356101243	29.2657116046
3.73000441891	5.29952904239	0.388742893576	-0.0	-0.0	0.0160906825333	0.380812249589	0.000393345572044	27.2293129811	28.0915513075
3.72558550597	5.2972038957	0.395774982074	-0.0	-0.0	0.0157808553067	0.381004061096	0.000387964901453	26.6357684876	26.9498445714
3.71939902784	5.29483952171	0.402959678046	-0.0	-0.0	0.0154743623067	0.381193749948	0.00038283360595	26.0549681892	25.8414638677
3.70790985418	5.2947301988	0.410657422491	-0.0	-0.0	0.0151550994533	0.381391280263	0.000377989733486	25.4566228209	24.7118257712
3.70393283252	5.29311433986	0.418613353119	-0.0	-0.0	0.0148316887067	0.381591312623	0.00037231303477	24.8578038338	23.5986040873
3.69597878922	5.2833228048	0.427124321016	-0.0	-0.0	0.0144959934	0.381798874676	0.000366813340443	24.2443228896	22.4710688018
3.68714096332	5.27568763832	0.435868083365	-0.0	-0.0	0.0141610572533	0.382005897907	0.000361411553813	23.6404907193	21.3753768989
3.67918692002	5.26628716003	0.445808599638	-0.0	-0.0	0.0137938848667	0.382232766624	0.000355320500761	22.9876654081	20.2042461156
3.66593018118	5.25134536246	0.456616918707	-0.0	-0.0	0.0134071160933	0.382471651622	0.000349372336594	22.3106692298	19.0095532831
3.65399911622	5.23756731074	0.468726028383	-0.0	-0.0	0.0129895113467	0.382729482429	0.000342714267732	21.5912009086	17.7617448938
3.64648696421	5.22845373891	0.481131884015	-0.0	-0.0	0.0125746587867	0.382985505574	0.00033572105167	20.8890958272	16.5706863263
3.63190455148	5.21580450651	0.495501157777	-0.0	-0.0	0.0121117381733	0.383271068201	0.00032847792576	20.1196287558	15.2943007659
3.61246133451	5.20375676536	0.511969263652	-0.0	-0.0	0.0115982158533	0.383587690969	0.00032072203985	19.2832976841	13.9493001013
3.60141405214	5.19279796048	0.529606043383	-0.0	-0.0	0.0110636225333	0.38391713172	0.000311814627144	18.4300224921	12.6301286638
3.57711003093	5.1732182806	0.552197510327	-0.0	-0.0	0.0104102220533	0.384319550162	0.000301769265835	17.4117865717	11.1153675521
3.55148033584	5.15458627325	0.580356508415	-0.0	-0.0	0.00965482125333	0.384784460048	0.00028993117157	16.2703684455	9.47986267126
3.51922227132	5.12520115867	0.609459738668	-0.0	-0.0	0.00892951114667	0.385230520311	0.000279168137111	15.2131062454	8.03273469288
