# C		CN		K0		e_x		e_y		e_z		n		overlap		p		q
3.39858594786	5.17958221024	0.735815608272	-0.0	-0.0	1.87240000048e-07	0.389802832412	0.000124353190945	5.58838096107	1.79197003387
3.44807777287	5.19746497665	0.645335881594	-0.0	-0.0	0.000531443826667	0.389478575023	0.00013210457138	6.19008930505	2.87522979264
3.47105612019	5.21395348837	0.569907749735	-0.0	-0.0	0.00134984762667	0.388978717454	0.000145413941873	7.15076163934	4.31180234744
3.49270879364	5.22049586777	0.53148036279	-0.0	-0.0	0.00212068413333	0.388507538365	0.000157499696828	8.08781689587	5.51047965803
3.51745470614	5.22404730618	0.507832609755	-0.0	-0.0	0.00286652962667	0.388051289344	0.000168708127138	9.02231794746	6.60897053018
3.53866548829	5.22291122715	0.491204071	-0.0	-0.0	0.00361248325333	0.387594633683	0.000179932555986	9.98801739495	7.69043843444
3.55987627044	5.22420506165	0.478829450876	-0.0	-0.0	0.00433858268	0.387149805022	0.000190724407312	10.9602109854	8.75352571278
3.57843570482	5.24278768233	0.469282312052	-0.0	-0.0	0.00503626472	0.386722081258	0.000201066633517	11.9235503694	9.79287304459
3.59301811754	5.24838501292	0.461702648173	-0.0	-0.0	0.00572674384	0.386298479433	0.000211424676051	12.9038603685	10.834087664
3.60229783473	5.25330325491	0.45551785686	-0.0	-0.0	0.00641326198667	0.385877017548	0.000222018305382	13.9072809447	11.8871658122
3.62262483429	5.26711668274	0.45021594917	-0.0	-0.0	0.00707321445333	0.385471591805	0.000231465111786	14.899898305	12.9313654242
3.64825452939	5.27261105785	0.445866412588	-0.0	-0.0	0.00772982676	0.385067952387	0.000240414432438	15.9109886853	13.9821222989
3.6553247901	5.28033205619	0.442352023767	-0.0	-0.0	0.00836371930667	0.384678027973	0.000250162235704	16.9089769894	15.0091312383
3.67388422448	5.28803309994	0.439125208863	-0.0	-0.0	0.00898968749333	0.384292740804	0.000258966443465	17.917841611	16.0516386575
3.69023420239	5.29977770721	0.436484971096	-0.0	-0.0	0.00960245564	0.383915338319	0.000267650150576	18.9249193063	17.0816565867
3.70393283252	5.30903328051	0.434070618509	-0.0	-0.0	0.01020852716	0.383541829455	0.000276384764529	19.9421684951	18.1236710454
3.71718957137	5.31520708188	0.431906518467	-0.0	-0.0	0.0108068733867	0.3831728663	0.000284992657294	20.966090466	19.1715034034
3.73530711445	5.32492908919	0.42983601281	-0.0	-0.0	0.0114085767867	0.382801604993	0.000293278165318	22.0169797034	20.2508110473
3.748121962	5.33259911894	0.427482896904	-0.0	-0.0	0.0121410528933	0.382349359043	0.000304058023426	23.3241246053	21.5962908252
3.7560760053	5.33406593407	0.425824602612	-0.0	-0.0	0.0127213886267	0.381990813609	0.000312743282545	24.3799022638	22.6797927455
3.76712328767	5.3407523511	0.424497075599	-0.0	-0.0	0.0132863232	0.38164157414	0.000320861829716	25.421397487	23.7373740528
3.77993813522	5.34782608696	0.423210274221	-0.0	-0.0	0.0138520024667	0.381291689851	0.000328815938663	26.4809848616	24.8165998958
3.79407865665	5.35736579276	0.422078531182	-0.0	-0.0	0.01442276032	0.380938449218	0.000336678013587	27.5640063667	25.9140038087
3.81042863456	5.36321195145	0.420925467612	-0.0	-0.0	0.0150851648267	0.380528244211	0.000345770332716	28.8402570299	27.2019706386
3.82898806894	5.36887786733	0.420033042834	-0.0	-0.0	0.0156255701333	0.380193389567	0.000352691718469	29.8978673595	28.270357179
3.83605832965	5.3704735376	0.419319649471	-0.0	-0.0	0.0161585611733	0.379862948493	0.00036052292251	30.9533417468	29.3271181779
3.8484312859	5.37677578752	0.418587424105	-0.0	-0.0	0.01669558644	0.37952983292	0.000367912316961	32.0329035967	30.4124558613
3.85461776403	5.38074668312	0.418271710231	-0.0	-0.0	0.0169151308667	0.379393594066	0.000370831052223	32.4792040604	30.8635313828
3.85417587274	5.38043813638	0.418567908632	-0.0	-0.0	0.0169067821467	0.379398775314	0.000370704638901	32.4576969829	30.8174493041
3.85196641626	5.37889540265	0.418814574365	-0.0	-0.0	0.0168967420667	0.379404998918	0.000370733575442	32.4341436241	30.7737579919
3.85417587274	5.38086419753	0.419219884524	-0.0	-0.0	0.01688252576	0.379413828675	0.000370250230542	32.3996051147	30.7060041619
3.85108263367	5.37839506173	0.4195157306	-0.0	-0.0	0.0168722147467	0.379420227514	0.000370353355401	32.3748336511	30.6570312505
3.85108263367	5.37808641975	0.419988060539	-0.0	-0.0	0.0168547711067	0.379431045418	0.00037002706317	32.3331785684	30.5769668348
3.85108263367	5.37685185185	0.420461497679	-0.0	-0.0	0.01683766904	0.37944166551	0.000369704942105	32.2921580262	30.4975530422
3.84401237296	5.37639060569	0.421139392736	-0.0	-0.0	0.0168131410133	0.379456886395	0.000369923810115	32.2334341453	30.3841070267
3.83915156871	5.37426538818	0.423506273434	-0.0	-0.0	0.01672814476	0.379509623086	0.000368793783297	32.0302392717	29.9920518112
3.82677861246	5.36992248062	0.433796937554	-0.0	-0.0	0.01636665716	0.379733880268	0.000363165920439	31.1724884317	28.3519216614
3.81573133009	5.3701399689	0.444087906177	-0.0	-0.0	0.01601647492	0.379951055183	0.000357597036567	30.3516530501	26.8081778524
3.80556783031	5.36510903427	0.453640090608	-0.0	-0.0	0.0157008088667	0.380146752697	0.000352592896239	29.6200274115	25.4548791292
3.79275298277	5.35841398689	0.463485420963	-0.0	-0.0	0.0153861453067	0.380341764274	0.000347835060417	28.8999313164	24.1392876535
3.76270437472	5.35303363722	0.473872441893	-0.0	-0.0	0.0150615938533	0.380542845591	0.000344478592875	28.1669389766	22.8254782438
3.75165709236	5.34309096632	0.484807463319	-0.0	-0.0	0.0147288175867	0.380748951935	0.000339219951258	27.4252856664	21.5209109667
3.74193548387	5.33627481878	0.496585373028	-0.0	-0.0	0.01438135024	0.380964084076	0.000333578339361	26.6620509782	20.2020822462
3.7308882015	5.32996526681	0.509413956678	-0.0	-0.0	0.0140122525067	0.381192526668	0.000327630145726	25.8628679515	18.8544481281
3.71807335395	5.32005060089	0.523174734437	-0.0	-0.0	0.0136243910667	0.381432488477	0.000321472361752	25.0359079248	17.5010480269
3.70923552806	5.31034482759	0.538254785527	-0.0	-0.0	0.0132094509467	0.381689106918	0.000314476137615	24.167405538	16.1220309441
3.68979231109	5.30158730159	0.554447540678	-0.0	-0.0	0.01277572772	0.381957217606	0.000307974671055	23.2755642354	14.7524905039
3.66769774635	5.28767123288	0.572089024542	-0.0	-0.0	0.01231776044	0.382240203132	0.000301300341943	22.3542175735	13.3836111021
3.64781263809	5.26738991704	0.591544504891	-0.0	-0.0	0.01182521716	0.382544400158	0.000293792485082	21.3861981505	12.0040595435
3.62836942112	5.24800255673	0.612376786821	-0.0	-0.0	0.0113024593733	0.382867097016	0.000285655186363	20.3841371524	10.6547055384
3.61511268228	5.23855267371	0.629944593209	-0.0	-0.0	0.0108728496533	0.383132166367	0.000278762889445	19.5798747639	9.61857585437
3.61511268228	5.23855267371	0.629164521563	-0.0	-0.0	0.0108816798667	0.383126719268	0.00027893104825	19.59654143	9.65372097441
3.61511268228	5.23855267371	0.628861469928	-0.0	-0.0	0.0108864721867	0.383123763007	0.000279016922966	19.6051643414	9.66845631992
3.61643835616	5.23919308357	0.628113009516	-0.0	-0.0	0.0108968437467	0.383117365005	0.000279104991005	19.6241489603	9.7037694399
3.61864781264	5.24143451809	0.62709170992	-0.0	-0.0	0.0109103873067	0.383109010161	0.000279186042626	19.6492277066	9.75168192743
3.61732213875	5.24079410823	0.625811100992	-0.0	-0.0	0.0109278105333	0.383098261836	0.000279609815366	19.6813586568	9.81232009566
3.61864781264	5.24207492795	0.623049701533	-0.0	-0.0	0.0109653968133	0.383075074359	0.000280201909823	19.7508789402	9.94403858707
3.62836942112	5.2528	0.598544946318	-0.0	-0.0	0.01131748792	0.382857822335	0.000285946718826	20.4090106532	11.1874809877
3.64118426867	5.26734889671	0.574537989259	-0.0	-0.0	0.0117002902933	0.382621537775	0.000291997975373	21.1380438102	12.5543741299
3.65444100751	5.28010220377	0.553940400165	-0.0	-0.0	0.01206754608	0.382394756167	0.00029769507153	21.8495133742	13.8710668897
3.66813963765	5.29346092504	0.535665815616	-0.0	-0.0	0.0124285490533	0.382171761252	0.000303208151299	22.5600378013	15.1719742907
3.68007070261	5.31110402042	0.519088887535	-0.0	-0.0	0.01279275704	0.381946706892	0.000308902269762	23.287448262	16.4841253601
3.69509500663	5.32452229299	0.503861369831	-0.0	-0.0	0.0131643214933	0.381717010321	0.000314435334436	24.0398588923	17.8218372856
3.70658418029	5.33333333333	0.490169789547	-0.0	-0.0	0.0135363507067	0.381486948195	0.000320237616739	24.8030291209	19.1563109026
3.71630578878	5.34435612083	0.478509190129	-0.0	-0.0	0.01388941736	0.381268537675	0.00032582265168	25.5361929183	20.4140493421
3.7224922669	5.34847522236	0.467999478386	-0.0	-0.0	0.0142436939733	0.381049292384	0.000331700231928	26.2794839081	21.6643182032
3.72779496244	5.35131704221	0.458762973439	-0.0	-0.0	0.0145923324	0.380833464762	0.000337517485737	27.0168544587	22.8771694037
3.7397260274	5.36536631779	0.450309943956	-0.0	-0.0	0.0149523432267	0.380610525629	0.000342899600372	27.7834869542	24.1063033141
3.75519222271	5.37424865549	0.443050350774	-0.0	-0.0	0.01531051036	0.380388633288	0.000347868407372	28.5499611564	25.2916890998
3.77021652673	5.38075709779	0.437115163192	-0.0	-0.0	0.0156541339733	0.380175689237	0.000352557972944	29.2869062989	26.3870804574
3.77861246133	5.38796092026	0.431916704288	-0.0	-0.0	0.0160203404533	0.379948661833	0.000358187106986	30.0717410883	27.4969646536
3.790101635	5.39427312775	0.428090987489	-0.0	-0.0	0.0163805580933	0.379725267298	0.000363298122563	30.8387079617	28.5051820165
3.79982324348	5.3978021978	0.425336791433	-0.0	-0.0	0.0167494498533	0.379496409058	0.000368635029559	31.6198034939	29.4553365298
3.80512593902	5.4019454032	0.423402249402	-0.0	-0.0	0.0171536889067	0.379245534765	0.000374882052655	32.4702394135	30.412965237
3.80821917808	5.40338770389	0.423223753521	-0.0	-0.0	0.0172135081733	0.37920839157	0.000375565929372	32.5952347453	30.5453966243
3.80777728679	5.40338770389	0.423346688608	-0.0	-0.0	0.0172105263333	0.379210240967	0.000375551548125	32.5878736775	30.5279243959
3.80733539549	5.40338770389	0.423590464892	-0.0	-0.0	0.0172006025333	0.379216400833	0.000375412289138	32.5645018497	30.48508525
3.80910296067	5.40476937559	0.423915701027	-0.0	-0.0	0.01718904456	0.37922357819	0.000375022637269	32.5370111833	30.4314472479
3.80556783031	5.40288672733	0.424093983128	-0.0	-0.0	0.0171828699867	0.379227411208	0.000375255343616	32.522293732	30.4024022199
3.80291648255	5.40313971743	0.424498158821	-0.0	-0.0	0.01716859528	0.379236272491	0.000375250400148	32.4883647461	30.3361021597
3.80203269996	5.40251177394	0.42502990976	-0.0	-0.0	0.0171501267867	0.379247736956	0.00037499197788	32.4443964741	30.249655776
3.80026513478	5.40075376884	0.427530353048	-0.0	-0.0	0.01706294408	0.379301853459	0.000373536922981	32.2375233927	29.845390355
3.79142730888	5.39528301887	0.436930947711	-0.0	-0.0	0.01674356016	0.379500062812	0.000368424052209	31.4849570908	28.3823557015
3.77772867875	5.38827607942	0.447331997178	-0.0	-0.0	0.0164037507733	0.379710870377	0.000363399866399	30.6940994394	26.8601398761
3.77154220062	5.38189845475	0.457213670671	-0.0	-0.0	0.0160906825333	0.379905041124	0.000358150616648	29.9747245936	25.4956723352
3.75916924437	5.37780588049	0.467346941407	-0.0	-0.0	0.0157808553067	0.380097132675	0.000353543248413	29.2713609147	24.1766618361
3.74281926646	5.36490338929	0.477689364786	-0.0	-0.0	0.0154743623067	0.380287100442	0.000349362786345	28.5838268778	22.9054912191
3.73707467963	5.36038034865	0.488690846034	-0.0	-0.0	0.0151550994533	0.38048492017	0.000343948816525	27.8768802835	21.6251178973
3.72691117985	5.35120558376	0.500230938679	-0.0	-0.0	0.0148316887067	0.380685245609	0.000338856143166	27.1702257196	20.3635545732
3.71630578878	5.3414866582	0.51246509034	-0.0	-0.0	0.0144959934	0.380893111774	0.000333570627516	26.4471607181	19.1027536176
3.70437472382	5.33343938912	0.525069432517	-0.0	-0.0	0.0141610572533	0.381100438327	0.00032842276785	25.735927959	17.885781903
3.68846663721	5.31771829191	0.539155494435	-0.0	-0.0	0.0137938848667	0.381327639443	0.000323032899527	24.9686608962	16.6096463623
3.67344233319	5.30513884456	0.554297459662	-0.0	-0.0	0.0134071160933	0.381566876325	0.000317212682932	24.1745717724	15.3296414857
3.66460450729	5.29469987229	0.571109558941	-0.0	-0.0	0.0129895113467	0.381825083015	0.000310307751042	23.3332290679	14.0145312252
3.65444100751	5.28370607029	0.588132189258	-0.0	-0.0	0.0125746587867	0.382081475052	0.000303546014759	22.5126515459	12.7818613369
3.63809102961	5.26984635083	0.60695409076	-0.0	-0.0	0.0121117381733	0.382367462296	0.000296385284633	21.6136523149	11.5115310974
3.62660185594	5.25456292027	0.62771132355	-0.0	-0.0	0.0115982158533	0.382684548967	0.000287856033177	20.6358380867	10.2186907522
3.60627485639	5.23148445014	0.649210171533	-0.0	-0.0	0.0110636225333	0.383014473488	0.000279608671726	19.6399015945	8.99245135762
3.58506407424	5.20834670947	0.675696756415	-0.0	-0.0	0.0104102220533	0.38341748045	0.000269200867362	18.4552601589	7.63602608162
3.55280600972	5.18278529981	0.707286890207	-0.0	-0.0	0.00965482125333	0.383883071503	0.000257706239523	17.1326685322	6.23085953198
3.52408307556	5.15717981889	0.739091813802	-0.0	-0.0	0.00892951114667	0.384329780853	0.000246510332118	15.9136677235	5.02626940381
