# C		CN		K0		e_x		e_y		e_z		n		overlap		p		q
3.35925762262	5.14000676361	0.735915878977	-0.0	-0.0	1.87240000048e-07	0.390900151371	0.000132052373816	5.58889437111	1.79130912054
3.40433053469	5.14854466377	0.651112925625	-0.0	-0.0	0.000531443826667	0.390576477095	0.000139871390995	6.1549016698	2.79820370639
3.4454264251	5.1634073583	0.573185862673	-0.0	-0.0	0.00134984762667	0.390077518422	0.00015249343961	7.06567168982	4.21510663505
3.4622182943	5.18305196955	0.530923240323	-0.0	-0.0	0.00212068413333	0.389607186655	0.000164935636272	7.95867245416	5.43187136555
3.49094122846	5.18869165023	0.503916726402	-0.0	-0.0	0.00286652962667	0.389151758108	0.000176147999969	8.85429807394	6.56299829221
3.49889527176	5.19258530184	0.484786262797	-0.0	-0.0	0.00361248325333	0.388695923652	0.000188232972598	9.78011611035	7.67504131889
3.51612903226	5.19164218087	0.470619453659	-0.0	-0.0	0.00433858268	0.388251894928	0.000199417913514	10.7106136355	8.76243074972
3.53468846664	5.19389412147	0.46016928197	-0.0	-0.0	0.00503626472	0.38782494034	0.000209930181405	11.6297745549	9.80781670443
3.55722492267	5.20407503234	0.451487450205	-0.0	-0.0	0.00572674384	0.387402100279	0.000220061212737	12.5680588482	10.8678333119
3.57445868316	5.20972938144	0.444466791251	-0.0	-0.0	0.00641326198667	0.38698139631	0.000230340184301	13.5265551314	11.9344332354
3.58992487848	5.21515735389	0.438540269182	-0.0	-0.0	0.00707321445333	0.386576699645	0.000240287669098	14.4750057251	12.9889996491
3.60715863897	5.22517616912	0.433463511337	-0.0	-0.0	0.00772982676	0.386173786092	0.00025002225931	15.4434167893	14.0593483535
3.62660185594	5.22991071429	0.429102693934	-0.0	-0.0	0.00836371930667	0.38578456288	0.000259183699427	16.4011895774	15.1168353194
3.64162615996	5.2334815756	0.425414392867	-0.0	-0.0	0.00898968749333	0.38539996336	0.00026848332991	17.3681021554	16.175664003
3.65488289881	5.2459536655	0.422264652104	-0.0	-0.0	0.00960245564	0.38502324046	0.000277650484479	18.334746287	17.2281855331
3.66813963765	5.25292814182	0.419218892198	-0.0	-0.0	0.01020852716	0.384650407591	0.000286710749888	19.3129354134	18.3034554438
3.67520989837	5.25410872314	0.416665708006	-0.0	-0.0	0.0108068733867	0.384282105309	0.000296065488087	20.2959719675	19.3734798868
3.68581528944	5.26167929293	0.414157474875	-0.0	-0.0	0.0114085767867	0.383911514276	0.00030517696409	21.3048415634	20.4799761342
3.69332744145	5.26670870113	0.411509661342	-0.0	-0.0	0.0121410528933	0.383460078868	0.000316675327525	22.5558958109	21.8438607852
3.69553689792	5.269776237	0.409668028605	-0.0	-0.0	0.0127213886267	0.383102174879	0.000326066348165	23.5649362938	22.9388109629
3.71100309324	5.27364121898	0.407960361396	-0.0	-0.0	0.0132863232	0.382753574036	0.000334015079599	24.5632354303	24.0248522602
3.72381794079	5.28324968632	0.406565302	-0.0	-0.0	0.0138520024667	0.382404307225	0.000342142523256	25.5753604171	25.1123216141
3.72691117985	5.28755095641	0.405165003118	-0.0	-0.0	0.01442276032	0.382051709019	0.000351255658966	26.6129484419	26.2333050586
3.74547061423	5.29862414009	0.403704600028	-0.0	-0.0	0.0150851648267	0.381642247272	0.000360420703127	27.8374615158	27.5521728808
3.75254087494	5.3040625	0.402653852306	-0.0	-0.0	0.0156255701333	0.381307987562	0.000368643037342	28.8516533541	28.6395897081
3.76844896156	5.31068868806	0.401637237395	-0.0	-0.0	0.0161585611733	0.380978144596	0.000375867086004	29.8663193105	29.730737469
3.77375165709	5.31610090315	0.400770206447	-0.0	-0.0	0.01669558644	0.380645622712	0.000384167247	30.8998318396	30.8337793394
3.77905435263	5.31623134328	0.400433624937	-0.0	-0.0	0.0169151308667	0.380509631983	0.000387228578458	31.32571148	31.2879974018
3.77728678745	5.31870525988	0.400702634746	-0.0	-0.0	0.0169067821467	0.380514799632	0.000387240394299	31.3055902018	31.2445367682
3.77684489616	5.31839402428	0.400904239334	-0.0	-0.0	0.0168967420667	0.38052101352	0.000387101775935	31.2835913535	31.20509285
3.77551922227	5.31849315068	0.401245792114	-0.0	-0.0	0.01688252576	0.380529828263	0.000386968546461	31.2516043267	31.1436065902
3.77640300486	5.31983805668	0.40148144731	-0.0	-0.0	0.0168722147467	0.380536217536	0.000386683938375	31.2284970705	31.1001988867
3.77551922227	5.31952662722	0.401893900624	-0.0	-0.0	0.0168547711067	0.380547023145	0.000386446224128	31.1894110606	31.0256732722
3.77198409191	5.31672376207	0.40229793184	-0.0	-0.0	0.01683766904	0.38055761698	0.00038648621293	31.1510969122	30.9527613765
3.77242598321	5.31672376207	0.402880631353	-0.0	-0.0	0.0168131410133	0.380572810493	0.000385979445673	31.0962299807	30.8481994772
3.7733097658	5.31641233261	0.404907369673	-0.0	-0.0	0.01672814476	0.380625457246	0.000384288374262	30.9061401358	30.4871252733
3.75828546178	5.30546021841	0.41371945911	-0.0	-0.0	0.01636665716	0.380849313	0.000378986981865	30.1035167536	28.9735091701
3.74679628811	5.29740706029	0.422587801018	-0.0	-0.0	0.01601647492	0.381066090617	0.000373524502799	29.335451358	27.5398950507
3.73486522316	5.29282806138	0.430826194628	-0.0	-0.0	0.0157008088667	0.381261436207	0.00036874255184	28.6509364778	26.278852008
3.72558550597	5.28661022264	0.439269279787	-0.0	-0.0	0.0153861453067	0.381456100058	0.000363709255814	27.9760253806	25.051948144
3.71718957137	5.27966101695	0.448242538694	-0.0	-0.0	0.0150615938533	0.381656816807	0.000358388491219	27.2882298184	23.8174577606
3.70967741935	5.27332704995	0.457728310136	-0.0	-0.0	0.0147288175867	0.381862552509	0.000352821153629	26.5920688603	22.5848906708
3.6973044631	5.26826196474	0.467891807409	-0.0	-0.0	0.01438135024	0.382077293527	0.000347432739521	25.8753568063	21.337853938
3.68493150685	5.26065004733	0.47892574529	-0.0	-0.0	0.0140122525067	0.38230532956	0.000341640620205	25.1256706605	20.061286839
3.67388422448	5.25308056872	0.490866687768	-0.0	-0.0	0.0136243910667	0.382544856412	0.000335384693826	24.3501072693	18.767586377
3.66813963765	5.25158227848	0.504041396239	-0.0	-0.0	0.0132094509467	0.382801016809	0.000328137525229	23.5333169096	17.4368572452
3.65223155104	5.24302030457	0.518267792636	-0.0	-0.0	0.01277572772	0.3830686523	0.000321435457712	22.6939996888	16.1044530374
3.64162615996	5.23111111111	0.533714239908	-0.0	-0.0	0.01231776044	0.383351121985	0.000313806447932	21.8245046113	14.7668310957
3.6305788776	5.22321144674	0.550870875799	-0.0	-0.0	0.01182521716	0.383654767317	0.000305558872228	20.9092226379	13.4045120109
3.61776403005	5.20776328349	0.569748774623	-0.0	-0.0	0.0113024593733	0.383976888524	0.000296887941844	19.9600792629	12.0418673504
3.5965532479	5.19604086845	0.585674488514	-0.0	-0.0	0.0108728496533	0.384241481201	0.000290614084637	19.19746088	10.9894787284
3.5969951392	5.19604086845	0.585093870519	-0.0	-0.0	0.0108816798667	0.384236043898	0.00029074260379	19.2129509347	11.0196518358
3.59611135661	5.19642286809	0.584797156534	-0.0	-0.0	0.0108864721867	0.384233092953	0.000290902236592	19.2213468599	11.0353689029
3.59743703049	5.19699872286	0.584122827917	-0.0	-0.0	0.0108968437467	0.384226706456	0.000290990017729	19.2396979249	11.0707259713
3.59743703049	5.19763729246	0.583331375208	-0.0	-0.0	0.0109103873067	0.384218366637	0.000291240231055	19.2632515305	11.1134866597
3.59832081308	5.19859514687	0.582264905638	-0.0	-0.0	0.0109278105333	0.384207637641	0.00029149240558	19.2938292147	11.1706147806
3.60097216085	5.20051085568	0.579984471952	-0.0	-0.0	0.0109653968133	0.384184491862	0.000291976916797	19.3598906968	11.2938494837
3.61025187804	5.21052631579	0.559601940079	-0.0	-0.0	0.01131748792	0.383967630523	0.000297768831255	19.9850927932	12.4594846808
3.61997348652	5.22059292318	0.539481844478	-0.0	-0.0	0.0117002902933	0.383731772575	0.000304080379718	20.6768959901	13.7406238317
3.62704374724	5.22912683238	0.522017667086	-0.0	-0.0	0.01206754608	0.383505397088	0.000310307822711	21.3519851116	14.9790047443
3.63764913831	5.24076433121	0.506437794555	-0.0	-0.0	0.0124285490533	0.383282800526	0.000316101905649	22.0257868409	16.2023365806
3.6553247901	5.25293930728	0.492270544844	-0.0	-0.0	0.01279275704	0.383058152467	0.0003213122833	22.714984433	17.4343580941
3.66151126823	5.25873015873	0.47919901307	-0.0	-0.0	0.0131643214933	0.382828874587	0.000327634420474	23.427484196	18.6903633394
3.67388422448	5.26742712294	0.467268663612	-0.0	-0.0	0.0135363507067	0.382599221628	0.000333375953863	24.1499637554	19.951192904
3.68139637649	5.27192149414	0.456904957389	-0.0	-0.0	0.01388941736	0.382381199516	0.000339172939587	24.8436627391	21.1501727048
3.68669907203	5.27689873418	0.447451786735	-0.0	-0.0	0.0142436939733	0.382162356671	0.000345168684552	25.5470408064	22.3483220193
3.69553689792	5.28589500316	0.438991731385	-0.0	-0.0	0.0145923324	0.381946913357	0.00035071554899	26.2458948656	23.5212359353
3.70172337605	5.28995578016	0.431116137865	-0.0	-0.0	0.0149523432267	0.381724367497	0.000356680775213	26.9730421212	24.7195721641
3.71365444101	5.2959344469	0.42410117028	-0.0	-0.0	0.01531051036	0.381502881824	0.00036202507372	27.7021371261	25.8959119381
3.7229341582	5.30081812461	0.41825347012	-0.0	-0.0	0.0156541339733	0.381290324607	0.000367306609436	28.40463621	26.9930347426
3.7313300928	5.30807922037	0.413089784195	-0.0	-0.0	0.0160203404533	0.381063698102	0.000372991378804	29.1525972256	28.107789768
3.73751657092	5.3118718593	0.409166449408	-0.0	-0.0	0.0163805580933	0.380840706168	0.000378722841908	29.8869112269	29.1335924592
3.74060980999	5.31532663317	0.406461382059	-0.0	-0.0	0.0167494498533	0.380612261273	0.000384787838914	30.6304865096	30.0846406526
3.74988952718	5.31724137931	0.404523108155	-0.0	-0.0	0.0171536889067	0.380361829946	0.000390691755796	31.4387891053	31.0457614367
3.74723817941	5.31775407779	0.404293385121	-0.0	-0.0	0.0172135081733	0.380324764598	0.000391977809025	31.5583172804	31.1837374923
3.74900574459	5.31796801505	0.404399630406	-0.0	-0.0	0.0172105263333	0.380326610306	0.000391731619024	31.5510424626	31.1673267879
3.74502872293	5.31618569636	0.404651444067	-0.0	-0.0	0.0172006025333	0.380332759791	0.000391960077731	31.5287428418	31.1234646963
3.74414494034	5.31763967357	0.404909986106	-0.0	-0.0	0.01718904456	0.380339912567	0.00039183766167	31.5031780609	31.0758422791
3.74458683164	5.31795354677	0.405062559685	-0.0	-0.0	0.0171828699867	0.380343747972	0.000391675106167	31.4893261492	31.04897926
3.74414494034	5.31732580038	0.405408743594	-0.0	-0.0	0.01716859528	0.380352592383	0.000391452885407	31.4574255715	30.9876235339
3.74281926646	5.3157564344	0.405850967122	-0.0	-0.0	0.0171501267867	0.380364033967	0.000391245248104	31.4162658502	30.9089651317
3.7397260274	5.31428571429	0.407966759313	-0.0	-0.0	0.01706294408	0.380418056354	0.000389931622698	31.2221611276	30.5372807607
3.7397260274	5.31501256281	0.415941094074	-0.0	-0.0	0.01674356016	0.380615906013	0.000383937640715	30.5157984604	29.1880514657
3.73044631021	5.30619302106	0.424733889419	-0.0	-0.0	0.0164037507733	0.380826346038	0.000378512025858	29.7729751838	27.7821281836
3.72381794079	5.30207677785	0.433144455427	-0.0	-0.0	0.0160906825333	0.381020159304	0.000373314387248	29.0966061519	26.5128926656
3.71586389748	5.2994011976	0.441704307015	-0.0	-0.0	0.0157808553067	0.381211906406	0.000368315992144	28.435352034	25.2871327829
3.71100309324	5.29485966572	0.450391688436	-0.0	-0.0	0.0154743623067	0.381401531564	0.000363072860694	27.7889632293	24.1053957222
3.69907202828	5.28806064435	0.459762794129	-0.0	-0.0	0.0151550994533	0.381598988882	0.000358274021312	27.1236651778	22.9013041216
3.69111798498	5.28336495889	0.469576832495	-0.0	-0.0	0.0148316887067	0.381798960243	0.000353012428971	26.4586358333	21.7119566334
3.67565178966	5.27425491439	0.480008818119	-0.0	-0.0	0.0144959934	0.382006448672	0.000348232478737	25.7776059255	20.5163374912
3.66637207247	5.26793650794	0.490641068155	-0.0	-0.0	0.0141610572533	0.382213404264	0.000342886843847	25.1079460197	19.364667451
3.6557666814	5.25937698665	0.502716454416	-0.0	-0.0	0.0137938848667	0.382440198966	0.000337074394822	24.3846774908	18.1398721849
3.64958020327	5.25254452926	0.515832481238	-0.0	-0.0	0.0134071160933	0.382679006023	0.000330491754315	23.6341569193	16.8968181147
3.6389748122	5.24061107575	0.53046249098	-0.0	-0.0	0.0129895113467	0.382936744075	0.000323732795773	22.836986712	15.6087513347
3.62660185594	5.22841669321	0.545230136768	-0.0	-0.0	0.0125746587867	0.383192681294	0.000317165076043	22.0587232336	14.3963164596
3.61820592134	5.21797323136	0.562097723471	-0.0	-0.0	0.0121117381733	0.383478152299	0.000309335613528	21.2059844899	13.1148226933
3.60760053027	5.20567602041	0.581060851875	-0.0	-0.0	0.0115982158533	0.383794668752	0.000300742769121	20.2796575675	11.7883407546
3.59257622625	5.18965517241	0.600779707604	-0.0	-0.0	0.0110636225333	0.384123999969	0.000292098910885	19.3359677106	10.518876706
3.56120194432	5.16805644644	0.625677245853	-0.0	-0.0	0.0104102220533	0.384526277192	0.000282558877794	18.213280662	9.08472486839
3.52673442333	5.13380508202	0.655130017736	-0.0	-0.0	0.00965482125333	0.384991035982	0.000271369739871	16.9595750433	7.59505196981
3.50022094565	5.10774193548	0.684709164357	-0.0	-0.0	0.00892951114667	0.385436943928	0.000260108076243	15.8001748752	6.30743454545
