# C		CN		K0		e_x		e_y		e_z		n		overlap		p		q
3.40830755634	5.18365287588	0.735848487236	-0.0	-0.0	1.87240000048e-07	0.389747557247	0.000124957509269	5.59073397523	1.79245375012
3.45868316394	5.18679495687	0.644288531956	-0.0	-0.0	0.000531443826667	0.389423270485	0.000132701724672	6.19086060585	2.88671963372
3.48652231551	5.20092378753	0.567346571985	-0.0	-0.0	0.00134984762667	0.388923367636	0.000145876935942	7.14998239719	4.34741321459
3.51303579319	5.21056083962	0.528767093175	-0.0	-0.0	0.00212068413333	0.388452145865	0.000157834757011	8.08528101034	5.55526683097
3.53601414052	5.22378307743	0.504535095553	-0.0	-0.0	0.00286652962667	0.387995855515	0.000169210576302	9.01990377858	6.67330457177
3.55324790102	5.23460410557	0.487310257874	-0.0	-0.0	0.00361248325333	0.387539160646	0.0001806633791	9.98599562504	7.77828065854
3.56650463986	5.23766233766	0.474777517455	-0.0	-0.0	0.00433858268	0.387094289531	0.000191888637463	10.9574269363	8.85600079208
3.5965532479	5.24782187803	0.465104372539	-0.0	-0.0	0.00503626472	0.386666527021	0.000201621377315	11.9204488907	9.91011361638
3.62085726911	5.25545571245	0.457533273313	-0.0	-0.0	0.00572674384	0.386242886824	0.000211433142288	12.9007049361	10.9628616159
3.63190455148	5.25968619917	0.451193943538	-0.0	-0.0	0.00641326198667	0.385821386761	0.000221871260859	13.9029554208	12.0322877203
3.64560318162	5.26468710089	0.446051390497	-0.0	-0.0	0.00707321445333	0.385415924292	0.000231665529358	14.8907930884	13.0786776626
3.65444100751	5.27145135566	0.441878920598	-0.0	-0.0	0.00772982676	0.385012248309	0.000241641191188	15.8951080811	14.1282409322
3.68758285462	5.28630310717	0.438274133632	-0.0	-0.0	0.00836371930667	0.384622288574	0.000249625557901	16.8878111441	15.165589681
3.6889085285	5.28571428571	0.435146860861	-0.0	-0.0	0.00898968749333	0.384236961115	0.000259596604068	17.8899145105	16.2089637358
3.71100309324	5.29996842438	0.432353784519	-0.0	-0.0	0.00960245564	0.383859525511	0.000267870531632	18.8917364399	17.2528221669
3.72470172338	5.30677165354	0.430123888403	-0.0	-0.0	0.01020852716	0.383485987133	0.00027656199187	19.9004281734	18.2891420724
3.73353954927	5.3106918239	0.427954611462	-0.0	-0.0	0.0108068733867	0.383116990687	0.000285479804509	20.9170810277	19.3417645579
3.74105170128	5.31271585557	0.426119645136	-0.0	-0.0	0.0114085767867	0.382745695617	0.000294516265568	21.957092408	20.4089353612
3.7560760053	5.32299498747	0.424000475582	-0.0	-0.0	0.0121410528933	0.382293411187	0.000305011100884	23.2494936485	21.7397571296
3.76977463544	5.33145716073	0.422585436073	-0.0	-0.0	0.0127213886267	0.381934824714	0.000313123449981	24.2910577945	22.8044092103
3.77596111357	5.33093974399	0.421290684729	-0.0	-0.0	0.0132863232	0.381585567461	0.000321573989465	25.3203605378	23.8575002746
3.78612461335	5.34029943855	0.420148948295	-0.0	-0.0	0.0138520024667	0.381235636492	0.000329687907946	26.366175894	24.9227935051
3.79938135219	5.34920634921	0.419076495973	-0.0	-0.0	0.01442276032	0.380882371067	0.000337594264311	27.4377894832	26.014031823
3.81175430844	5.35694315005	0.417961897849	-0.0	-0.0	0.0150851648267	0.380472135666	0.000346986939783	28.6999723646	27.2960307275
3.82147591692	5.3632133995	0.417164845091	-0.0	-0.0	0.0156255701333	0.380137242273	0.000354639384185	29.7439181033	28.3522660209
3.83517454706	5.37027863777	0.416520113998	-0.0	-0.0	0.0161585611733	0.379806781354	0.000361749977036	30.7851637965	29.3979208774
3.84622182943	5.37731767614	0.415882706867	-0.0	-0.0	0.01669558644	0.379473624036	0.000369196191003	31.8495599546	30.4687684493
3.85019885108	5.37986411365	0.415608178019	-0.0	-0.0	0.0169151308667	0.379337375973	0.000372298178444	32.2894453999	30.9133671165
3.84931506849	5.38164400494	0.415905206583	-0.0	-0.0	0.0169067821467	0.37934255769	0.000372214637367	32.2680491099	30.8671672734
3.84577993814	5.38126159555	0.416152986863	-0.0	-0.0	0.0168967420667	0.379348785561	0.000372373258217	32.2446614938	30.8233715974
3.84445426425	5.38137952366	0.416547864322	-0.0	-0.0	0.01688252576	0.379357612414	0.000372234314569	32.2107294241	30.7568534156
3.84533804684	5.38199814414	0.416831095968	-0.0	-0.0	0.0168722147467	0.379364005242	0.000371956236736	32.1862559903	30.7090756083
3.84445426425	5.38076090319	0.417308445113	-0.0	-0.0	0.0168547711067	0.379374831506	0.000371715521049	32.1448253533	30.6284953003
3.84445426425	5.38076090319	0.417779222619	-0.0	-0.0	0.01683766904	0.379385451772	0.00037139506188	32.1041401216	30.5493363078
3.84622182943	5.38137952366	0.418449719995	-0.0	-0.0	0.0168131410133	0.379400674035	0.00037076530819	32.045871457	30.436536339
3.84489615555	5.38107021342	0.420814290306	-0.0	-0.0	0.01672814476	0.379453413733	0.000369300661343	31.8443192642	30.0447791378
3.82942996023	5.37302325581	0.431102435462	-0.0	-0.0	0.01636665716	0.37967769313	0.00036398272761	30.9930495772	28.4048291851
3.82280159081	5.36945048122	0.441464801027	-0.0	-0.0	0.01601647492	0.37989487776	0.000358033839173	30.1786644933	26.8557778673
3.80910296067	5.36309894213	0.451079097566	-0.0	-0.0	0.0157008088667	0.380090593172	0.000353395923412	29.4545188966	25.4997735754
3.79628811312	5.35870243294	0.460917121018	-0.0	-0.0	0.0153861453067	0.380285629262	0.000348694749682	28.7411572997	24.186059573
3.78391515687	5.35303314572	0.471345420591	-0.0	-0.0	0.0150615938533	0.380486724688	0.000343728716684	28.0135387145	22.8695454978
3.77596111357	5.34438536128	0.482267312401	-0.0	-0.0	0.0147288175867	0.380692856618	0.000338208629269	27.2768656373	21.565603544
3.76623950508	5.33834586466	0.493961970407	-0.0	-0.0	0.01438135024	0.380908008247	0.000332549987026	26.5173989539	20.250491542
3.75916924437	5.32894736842	0.506656234031	-0.0	-0.0	0.0140122525067	0.38113646562	0.000326216931628	25.7211962016	18.9082300944
3.74856385329	5.3185951709	0.520255555525	-0.0	-0.0	0.0136243910667	0.381376458288	0.000319860062897	24.899342619	17.5622488324
3.72956252762	5.30619302106	0.535226395623	-0.0	-0.0	0.0132094509467	0.381633094516	0.000313695038439	24.0367687732	16.1872645068
3.71851524525	5.29606299213	0.551309687091	-0.0	-0.0	0.01277572772	0.3819012387	0.000306520510576	23.1517732138	14.8214790968
3.69465311533	5.28725086998	0.56871494456	-0.0	-0.0	0.01231776044	0.382184242901	0.000299872885284	22.2340915473	13.459011855
3.66283694211	5.27162849873	0.587906985584	-0.0	-0.0	0.01182521716	0.382488468972	0.000293297676982	21.2738483218	12.0876201725
3.63809102961	5.25678696902	0.608652344809	-0.0	-0.0	0.0113024593733	0.382811193572	0.00028559588418	20.2796073256	10.7378703688
3.61688024746	5.23815620999	0.626113131575	-0.0	-0.0	0.0108728496533	0.383076285744	0.000279332592346	19.4816606808	9.70231617864
3.61820592134	5.23847631242	0.625330352255	-0.0	-0.0	0.0108816798667	0.383070839343	0.000279398220121	19.4981720968	9.73763827201
3.61776403005	5.23815620999	0.625023013229	-0.0	-0.0	0.0108864721867	0.383067882814	0.000279517371333	19.5066705729	9.75253723795
3.62041537782	5.24071702945	0.624282234354	-0.0	-0.0	0.0108968437467	0.383061484232	0.000279502519692	19.5254814484	9.78767168791
3.62085726911	5.2392834293	0.623266116559	-0.0	-0.0	0.0109103873067	0.38305313241	0.000279718983922	19.5503246912	9.83551845132
3.62262483429	5.2412028151	0.62199217967	-0.0	-0.0	0.0109278105333	0.383042379333	0.000279903786403	19.5821665765	9.89607446344
3.62129916041	5.24016629357	0.619246598742	-0.0	-0.0	0.0109653968133	0.383019194926	0.000280698499516	19.6510536452	10.0275562894
3.64162615996	5.25998083679	0.59494196639	-0.0	-0.0	0.01131748792	0.382801918052	0.000285602640739	20.30319885	11.2663146376
3.65178965974	5.26817602041	0.571117507878	-0.0	-0.0	0.0117002902933	0.382565608947	0.000291858304834	21.0257232117	12.6282567086
3.66504639859	5.28138942001	0.550603476439	-0.0	-0.0	0.01206754608	0.382338813458	0.000297553294119	21.730896601	13.9431140368
3.68139637649	5.29329520178	0.532416153513	-0.0	-0.0	0.0124285490533	0.382115792158	0.000302854175346	22.4354447102	15.2416031552
3.69686257181	5.30752142177	0.51583801947	-0.0	-0.0	0.01279275704	0.381890712809	0.000308266861683	23.1573867622	16.5556801731
3.70658418029	5.31463878327	0.500717148245	-0.0	-0.0	0.0131643214933	0.381661002696	0.000314251306699	23.9043699703	17.8897334213
3.71498011489	5.32467532468	0.48716815985	-0.0	-0.0	0.0135363507067	0.381430926121	0.000320322630751	24.6618177347	19.2176458146
3.7229341582	5.33248891704	0.475634390494	-0.0	-0.0	0.01388941736	0.381212488207	0.000326057237724	25.3888394792	20.4682733889
3.73398144057	5.34419487504	0.46522279161	-0.0	-0.0	0.0142436939733	0.380993227891	0.000331508460269	26.1261385298	21.7125987136
3.74635439682	5.35651074589	0.456000923188	-0.0	-0.0	0.0145923324	0.380777377101	0.000336703677818	26.8583078776	22.9250218318
3.75519222271	5.36375118409	0.447543223854	-0.0	-0.0	0.0149523432267	0.380554416746	0.000342368226792	27.6195705286	24.155022972
3.77154220062	5.36626809314	0.440221851911	-0.0	-0.0	0.01531051036	0.380332505331	0.000347258899587	28.3813170001	25.3459984551
3.78479893946	5.37382297552	0.434278546257	-0.0	-0.0	0.0156541339733	0.380119541629	0.00035209382889	29.1120927479	26.4417964485
3.78877596111	5.37903984939	0.429178709341	-0.0	-0.0	0.0160203404533	0.379892490546	0.000358081962352	29.8868249693	27.5405083508
3.79452054795	5.3851944793	0.425537366985	-0.0	-0.0	0.0163805580933	0.379669076646	0.000363679097091	30.6416822583	28.5280239858
3.80291648255	5.39003759398	0.422914350472	-0.0	-0.0	0.0167494498533	0.379440199467	0.000369062463756	31.4099517006	29.4603161759
3.82456915599	5.39737991266	0.421088237997	-0.0	-0.0	0.0171536889067	0.379189294277	0.000373640247706	32.2466030537	30.4008948692
3.82810428635	5.39700841384	0.420868468748	-0.0	-0.0	0.0172135081733	0.379152162361	0.000374278172533	32.3703521089	30.5364319991
3.82722050376	5.39595015576	0.420990388487	-0.0	-0.0	0.0172105263333	0.379154007966	0.000374302945089	32.3626236276	30.5186737588
3.82545293858	5.39545029604	0.421281086336	-0.0	-0.0	0.0172006025333	0.379160168145	0.000374290666155	32.3391243861	30.4715844239
3.82501104728	5.39725600249	0.421595387628	-0.0	-0.0	0.01718904456	0.379167344696	0.000374121176771	32.3120660273	30.4191757191
3.82456915599	5.39769182782	0.421773394391	-0.0	-0.0	0.0171828699867	0.379171178061	0.000374049461288	32.2974627298	30.390200603
3.8232434821	5.3968798752	0.422173564625	-0.0	-0.0	0.01716859528	0.379180040147	0.000373914919243	32.2638782328	30.3244244887
3.82191780822	5.39625585023	0.42269772031	-0.0	-0.0	0.0171501267867	0.37919150565	0.000373702775945	32.2204602783	30.2389581581
3.81926646045	5.39556665626	0.425185362625	-0.0	-0.0	0.01706294408	0.379245617302	0.000372346418305	32.01568341	29.8368589578
3.80291648255	5.38960225493	0.434537301415	-0.0	-0.0	0.01674356016	0.379443854364	0.000368012263392	31.270817709	28.3816616125
3.79275298277	5.38437401945	0.444930050145	-0.0	-0.0	0.0164037507733	0.379654686961	0.000362686647449	30.4876967057	26.8635825673
3.78479893946	5.37814070352	0.454821447029	-0.0	-0.0	0.0160906825333	0.37984886936	0.00035762741923	29.7749279365	25.5010800884
3.77684489616	5.37252436341	0.464898179897	-0.0	-0.0	0.0157808553067	0.380040977322	0.000352610747772	29.0776136426	24.1882785799
3.76712328767	5.3650094399	0.475209862311	-0.0	-0.0	0.0154743623067	0.38023096272	0.000347838695353	28.3968967515	22.9218529243
3.76137870084	5.35851432169	0.486270092648	-0.0	-0.0	0.0151550994533	0.380428797737	0.000342458542791	27.6964858255	21.6398832376
3.74988952718	5.35987361769	0.497757710965	-0.0	-0.0	0.0148316887067	0.380629144521	0.000337521056439	26.996396441	20.3838042972
3.73884224481	5.35072738773	0.509962804771	-0.0	-0.0	0.0144959934	0.380837029516	0.000332300465695	26.279771878	19.1265445245
3.72381794079	5.33998732573	0.522429961865	-0.0	-0.0	0.0141610572533	0.38104437485	0.000327454870317	25.5753792424	17.9191269265
3.71498011489	5.32847178186	0.536316817225	-0.0	-0.0	0.0137938848667	0.381271596546	0.000321469626984	24.8152623628	16.6547811092
3.69465311533	5.31130876747	0.551440723535	-0.0	-0.0	0.0134071160933	0.3815108551	0.000316095883309	24.0273067519	15.3755762319
3.68448961555	5.30174880763	0.568198369841	-0.0	-0.0	0.0129895113467	0.381769078081	0.000309261387819	23.1912092076	14.0619975988
3.66548828988	5.28321121376	0.585081121271	-0.0	-0.0	0.0125746587867	0.382025506665	0.000303209124146	22.3758901589	12.8343112878
3.64118426867	5.26558005753	0.603994905793	-0.0	-0.0	0.0121117381733	0.382311513593	0.000296680296829	21.483275443	11.5591382773
3.62041537782	5.24487836108	0.624696525664	-0.0	-0.0	0.0115982158533	0.382628628987	0.000288896401951	20.5137453612	10.2679430362
3.60229783473	5.23217726397	0.646373388343	-0.0	-0.0	0.0110636225333	0.382958583395	0.000280513477058	19.5269698551	9.03534955016
3.57003977022	5.20322061192	0.673504985065	-0.0	-0.0	0.0104102220533	0.383361626864	0.000270951428565	18.3515879721	7.65872586647
3.54485196642	5.17591994835	0.705942860062	-0.0	-0.0	0.00965482125333	0.383827260092	0.000259018791294	17.0433573631	6.23377908743
3.51745470614	5.14881915238	0.738497877177	-0.0	-0.0	0.00892951114667	0.38427401437	0.00024770797578	15.8283253628	5.01309783332
