# C		CN		K0		e_x		e_y		e_z		n		overlap		p		q
3.37295625276	5.14642375169	0.736097777074	-0.0	-0.0	1.87240000048e-07	0.390823088978	0.000140666359004	5.58616121618	1.78893659133
3.41847105612	5.15705235078	0.653928713938	-0.0	-0.0	0.000531443826667	0.390499373752	0.000148353467426	6.11382156999	2.75036672707
3.44940344675	5.16732935719	0.574035227593	-0.0	-0.0	0.00134984762667	0.39000035195	0.000161425001518	6.96547253396	4.14378296877
3.46575342466	5.17227722772	0.528703723209	-0.0	-0.0	0.00212068413333	0.389529960678	0.00017393019111	7.79919493496	5.35975245139
3.48563853292	5.17531188444	0.499786293358	-0.0	-0.0	0.00286652962667	0.389074474511	0.00018563919458	8.63392880288	6.47959902741
3.50287229342	5.17777777778	0.47887922235	-0.0	-0.0	0.00361248325333	0.388618582383	0.000197323577762	9.49742885197	7.58414428871
3.51391957578	5.18395303327	0.463369439994	-0.0	-0.0	0.00433858268	0.38817449765	0.000208925916377	10.3654476593	8.66087673826
3.5377817057	5.18975024327	0.451402347823	-0.0	-0.0	0.00503626472	0.387747488876	0.000219245805986	11.2266513085	9.71026805395
3.54352629253	5.19980538437	0.441771674513	-0.0	-0.0	0.00572674384	0.387324595318	0.00023053003241	12.1038980688	10.7617466106
3.56473707468	5.19729206963	0.433721427938	-0.0	-0.0	0.00641326198667	0.386903838122	0.000240689093552	13.0001191811	11.8263681858
3.57445868316	5.20644122383	0.427348139867	-0.0	-0.0	0.00707321445333	0.386499090255	0.000251094908286	13.8825305665	12.8590169277
3.58594785683	5.20969813744	0.421799222226	-0.0	-0.0	0.00772982676	0.386096125727	0.000261266036762	14.7814934905	13.907590981
3.5965532479	5.21609490221	0.417039575072	-0.0	-0.0	0.00836371930667	0.385706853271	0.000271112564524	15.6695022586	14.9416120253
3.61113566063	5.22759282971	0.413104849122	-0.0	-0.0	0.00898968749333	0.385322204928	0.000280462973681	16.5640694842	15.9697521075
3.61908970393	5.23074464685	0.409597031485	-0.0	-0.0	0.00960245564	0.38494543453	0.000290093057667	17.4585540973	16.9980471707
3.62925320371	5.23675813657	0.406498105616	-0.0	-0.0	0.01020852716	0.38457255449	0.00029940582345	18.3602061093	18.0311746483
3.65267344233	5.24151063155	0.403801506429	-0.0	-0.0	0.0108068733867	0.384204205611	0.00030745773229	19.2668617381	19.0642644359
3.6637207247	5.24738675958	0.40136422531	-0.0	-0.0	0.0114085767867	0.383833567692	0.000316560433145	20.1950541364	20.118640509
3.67653557225	5.25181674566	0.398731898873	-0.0	-0.0	0.0121410528933	0.383382079548	0.000327640105559	21.3469010693	21.4222016938
3.6889085285	5.25740390674	0.39679823992	-0.0	-0.0	0.0127213886267	0.383024132342	0.00033624483893	22.2775149325	22.4763535754
3.70393283252	5.26390197926	0.395018436866	-0.0	-0.0	0.0132863232	0.382675481746	0.000344319695637	23.1986578426	23.5214600719
3.71807335395	5.27769061814	0.39334671272	-0.0	-0.0	0.0138520024667	0.382326169951	0.000352475780008	24.1366146534	24.586014167
3.73795846222	5.28674171357	0.391714278811	-0.0	-0.0	0.01442276032	0.38197352778	0.000360167845555	25.0999209499	25.6829859288
3.748121962	5.29450343535	0.389887939509	-0.0	-0.0	0.0150851648267	0.381564010518	0.000370307616417	26.2386405981	26.984034229
3.75916924437	5.29626168224	0.388500795285	-0.0	-0.0	0.0156255701333	0.381229713679	0.000378299293548	27.1830801552	28.0626061082
3.77551922227	5.30043451273	0.387219075546	-0.0	-0.0	0.0161585611733	0.380899824658	0.000385598716191	28.1273282881	29.1403059952
3.79186920018	5.30857319715	0.385996270892	-0.0	-0.0	0.01669558644	0.380567264552	0.0003929603315	29.0923943873	30.2419534302
3.79231109147	5.30724009901	0.385552377392	-0.0	-0.0	0.0169151308667	0.380431261612	0.000396602770498	29.4900489362	30.692860618
3.790101635	5.30600247525	0.385807641796	-0.0	-0.0	0.0169067821467	0.380436427582	0.000396664180515	29.4716636682	30.6521468452
3.78921785241	5.30814493651	0.38599346008	-0.0	-0.0	0.0168967420667	0.380442647659	0.000396570395043	29.4513820491	30.6153634354
3.78656650464	5.30936143831	0.38631086943	-0.0	-0.0	0.01688252576	0.380451447182	0.000396577691076	29.4220189912	30.5580816118
3.78656650464	5.30936143831	0.386535816595	-0.0	-0.0	0.0168722147467	0.380457841012	0.000396381367734	29.4007134077	30.5170151694
3.78656650464	5.30802603037	0.386911299889	-0.0	-0.0	0.0168547711067	0.38046865089	0.000396050844897	29.3647973858	30.4481837031
3.78656650464	5.30700123916	0.387288171939	-0.0	-0.0	0.01683766904	0.380479246066	0.000395727097321	29.3296084187	30.3800927797
3.78524083076	5.30812151271	0.387832093427	-0.0	-0.0	0.0168131410133	0.380494439035	0.000395399041987	29.279072982	30.2822610488
3.78214759169	5.31036623215	0.38971246832	-0.0	-0.0	0.01672814476	0.380547091403	0.000394106769612	29.1043655495	29.9456825291
3.77110030932	5.30400994716	0.397914837838	-0.0	-0.0	0.01636665716	0.380770970092	0.000388384670923	28.3666077375	28.5312919999
3.76005302696	5.29897228278	0.406165307863	-0.0	-0.0	0.01601647492	0.380987783903	0.000382863759798	27.6600521341	27.1895730299
3.748121962	5.29235569423	0.413801273879	-0.0	-0.0	0.0157008088667	0.381183146998	0.000378073177991	27.0306093426	26.0099912571
3.74060980999	5.28732042473	0.421631985963	-0.0	-0.0	0.0153861453067	0.381377836467	0.000372846219873	26.4099520442	24.860256177
3.72956252762	5.28035043805	0.429927119536	-0.0	-0.0	0.0150615938533	0.381578577904	0.000367767423023	25.7768707558	23.7029784147
3.71542200619	5.27115987461	0.438615882004	-0.0	-0.0	0.0147288175867	0.381784346335	0.000362827839365	25.1361884003	22.550849435
3.706142289	5.26861451461	0.447892207305	-0.0	-0.0	0.01438135024	0.38199911913	0.000357139466179	24.4765837328	21.3848882499
3.70083959346	5.26304211188	0.45805193897	-0.0	-0.0	0.0140122525067	0.382227172603	0.000350658578242	23.7860991797	20.182878097
3.68360583297	5.25078764965	0.469037661365	-0.0	-0.0	0.0136243910667	0.382466743557	0.000344902587192	23.071353702	18.9621421419
3.66327883341	5.24059437243	0.481178493065	-0.0	-0.0	0.0132094509467	0.382722929726	0.000338931400637	22.3196121398	17.7030400988
3.64030048608	5.22959669736	0.494223316853	-0.0	-0.0	0.01277572772	0.382990599077	0.000332864059583	21.5486384605	16.4431854023
3.6301369863	5.22455470738	0.508467808929	-0.0	-0.0	0.01231776044	0.3832731045	0.000325215500022	20.7509783452	15.1711940072
3.60892620415	5.20995532865	0.524311713715	-0.0	-0.0	0.01182521716	0.383576790504	0.000317894782519	19.9113087858	13.870157239
3.59743703049	5.19661666135	0.54184824762	-0.0	-0.0	0.0113024593733	0.383898950211	0.000309176588508	19.0400606479	12.5592721942
3.58418029165	5.18740006396	0.556847421865	-0.0	-0.0	0.0108728496533	0.384163574608	0.000302350550171	18.3397929746	11.5352410921
3.58418029165	5.18708026863	0.556252302107	-0.0	-0.0	0.0108816798667	0.384158144087	0.000302520362307	18.3544692651	11.5664886119
3.58462218294	5.18771985929	0.556047440427	-0.0	-0.0	0.0108864721867	0.384155191532	0.00030256909175	18.36198997	11.5788156867
3.58727353071	5.18931883594	0.555511950524	-0.0	-0.0	0.0108968437467	0.384148799749	0.000302535960983	18.3785898106	11.6091488111
3.58727353071	5.18931883594	0.554778708211	-0.0	-0.0	0.0109103873067	0.384140458875	0.000302787692404	18.4005007533	11.6502560933
3.58771542201	5.19059801727	0.553838544094	-0.0	-0.0	0.0109278105333	0.384129732501	0.000303074032133	18.4287164223	11.7031916258
3.5881573133	5.19123760793	0.551821748179	-0.0	-0.0	0.0109653968133	0.384106579814	0.000303735184486	18.4896531986	11.8175828676
3.59876270437	5.20127795527	0.533862509942	-0.0	-0.0	0.01131748792	0.383889691038	0.000309369272883	19.0655568916	12.8941286929
3.61069376933	5.21519795658	0.516049555138	-0.0	-0.0	0.0117002902933	0.383653797402	0.000315437920839	19.7021697215	14.0763908904
3.62129916041	5.23180076628	0.500453384529	-0.0	-0.0	0.01206754608	0.383427403585	0.000321324963563	20.3229841782	15.221515744
3.62571807335	5.23890130949	0.486400968368	-0.0	-0.0	0.0124285490533	0.383204776044	0.000327654644992	20.9428180941	16.3567526357
3.63323022536	5.24274322169	0.473426268649	-0.0	-0.0	0.01279275704	0.382980091737	0.00033373477596	21.5764637329	17.5076418982
3.64162615996	5.24912392482	0.461366064878	-0.0	-0.0	0.0131643214933	0.382750786474	0.000339836208601	22.2308659093	18.6832558742
3.65002209456	5.25660617638	0.450307970328	-0.0	-0.0	0.0135363507067	0.382521109014	0.000345920995941	22.8944813469	19.8644770634
3.65709235528	5.26615727475	0.440724130118	-0.0	-0.0	0.01388941736	0.38230306095	0.000351762840985	23.5315047681	20.9847962502
3.66813963765	5.27631160572	0.431869034969	-0.0	-0.0	0.0142436939733	0.382084192767	0.000357245885162	24.1785601974	22.1113507733
3.68007070261	5.28036790358	0.423923634853	-0.0	-0.0	0.0145923324	0.381868718214	0.000362508826117	24.8218838327	23.2150689868
3.68979231109	5.28417721519	0.416411267269	-0.0	-0.0	0.0149523432267	0.381646144198	0.000368193123528	25.493375537	24.3520249926
3.69553689792	5.29091484647	0.409640531871	-0.0	-0.0	0.01531051036	0.381424630503	0.000374216845031	26.1672436054	25.4739308705
3.7057003977	5.29564118762	0.403838507052	-0.0	-0.0	0.0156541339733	0.381212043333	0.000379477415113	26.8175862048	26.5328575365
3.71851524525	5.30400504573	0.398507151024	-0.0	-0.0	0.0160203404533	0.380985391216	0.000384806656	27.5125766309	27.6268554149
3.72337604949	5.30415617128	0.394400030892	-0.0	-0.0	0.0163805580933	0.380762381146	0.000390738814642	28.1927303502	28.634027347
3.7308882015	5.30317310713	0.391394601087	-0.0	-0.0	0.0167494498533	0.380533897272	0.000396413323856	28.8825879509	29.5796591207
3.73663278833	5.31134150173	0.389331611494	-0.0	-0.0	0.0171536889067	0.380283435662	0.00040275925727	29.6312200318	30.5198575297
3.7392841361	5.31291234684	0.389101091472	-0.0	-0.0	0.0172135081733	0.380246362162	0.000403495784959	29.7416597454	30.6531186114
3.73840035351	5.3122840088	0.389252451296	-0.0	-0.0	0.0172105263333	0.380248202372	0.000403525981985	29.7346161092	30.6330511777
3.73795846222	5.31061557789	0.389426262854	-0.0	-0.0	0.0172006025333	0.380254360427	0.000403388389129	29.7144706762	30.5976046005
3.73840035351	5.31259817782	0.389668390308	-0.0	-0.0	0.01718904456	0.38026152339	0.000403124268009	29.6909520933	30.5529455387
3.73840035351	5.31155778894	0.389836523498	-0.0	-0.0	0.0171828699867	0.380265348403	0.000403005657388	29.6780919979	30.5255302146
3.73707467963	5.31061557789	0.39011851457	-0.0	-0.0	0.01716859528	0.380274196466	0.000402881908186	29.6490713258	30.4719304774
3.73751657092	5.31092964824	0.39052700823	-0.0	-0.0	0.0171501267867	0.380285641762	0.000402486419194	29.6112578327	30.3987331117
3.73309765798	5.30829666876	0.392467857684	-0.0	-0.0	0.01706294408	0.380339667782	0.000401318470531	29.4330452353	30.0540588762
3.72735307114	5.30251572327	0.399770533085	-0.0	-0.0	0.01674356016	0.380537545727	0.000395912191843	28.7844913229	28.8028434699
3.71232876712	5.29873817035	0.407844396208	-0.0	-0.0	0.0164037507733	0.380748009122	0.000391089424832	28.1020952394	27.495041954
3.70260715864	5.29257503949	0.415551194483	-0.0	-0.0	0.0160906825333	0.380941840511	0.000386205702815	27.4805691283	26.313633632
3.69686257181	5.28761061947	0.423402816395	-0.0	-0.0	0.0157808553067	0.381133618271	0.000380958122451	26.8723479663	25.1697090572
3.69067609368	5.28616650839	0.431364821594	-0.0	-0.0	0.0154743623067	0.38132326742	0.000375822796495	26.2777622629	24.0654247713
3.68316394167	5.28209191759	0.439886812644	-0.0	-0.0	0.0151550994533	0.381520756392	0.000370570491608	25.6656747959	22.9426821222
3.67300044189	5.27515074579	0.448709036627	-0.0	-0.0	0.0148316887067	0.381720743418	0.000365491788877	25.0534571273	21.8376930897
3.66195315952	5.26836248013	0.458107825079	-0.0	-0.0	0.0144959934	0.381928265495	0.000360273411988	24.4266191149	20.7230231478
3.6473707468	5.25844486934	0.467835964411	-0.0	-0.0	0.0141610572533	0.382135245395	0.000355437750431	23.8100610092	19.6379220552
3.64162615996	5.24952198853	0.478793274629	-0.0	-0.0	0.0137938848667	0.382362066628	0.000349156758823	23.144162332	18.48637507
3.63543968184	5.24386356391	0.490711019246	-0.0	-0.0	0.0134071160933	0.382600903504	0.000342556188013	22.4531544587	17.3135413761
3.62439239947	5.23062200957	0.503899571345	-0.0	-0.0	0.0129895113467	0.382858678469	0.000335841532158	21.7195588693	16.0998412184
3.61246133451	5.2214057508	0.51740905483	-0.0	-0.0	0.0125746587867	0.383114648028	0.000329262790769	21.0036474596	14.944092592
3.59920459567	5.21389689401	0.532892803283	-0.0	-0.0	0.0121117381733	0.383400150886	0.000321909460673	20.2195699971	13.7159054117
3.58152894388	5.19621673613	0.550356764848	-0.0	-0.0	0.0115982158533	0.383716707384	0.000313989940433	19.3659988719	12.435475273
3.57092355281	5.18613607189	0.569003357209	-0.0	-0.0	0.0110636225333	0.384046080268	0.000305044789849	18.4966936497	11.186138208
3.5545735749	5.17004178721	0.592744921875	-0.0	-0.0	0.0104102220533	0.384448413398	0.00029439327812	17.4613044397	9.76147968488
3.52806009722	5.14870967742	0.621773789479	-0.0	-0.0	0.00965482125333	0.384913225977	0.000282626980693	16.2999755623	8.24374492389
3.48961555457	5.1190398962	0.651575583758	-0.0	-0.0	0.00892951114667	0.385359192879	0.000272382342176	15.2258042891	6.91015255019
