!OMP_NUM_THREADS description key E_m v kr eta mu 
 8 triax_Iter0_Sample00         0     7.0000000000e+00     0.0000000000e+00     0.0000000000e+00     0.0000000000e+00     1.0000000000e+01 
 8 triax_Iter0_Sample01         1     9.0000000000e+00     1.6666666667e-01     2.0000000000e-01     1.4285714286e-01     1.3636363636e+01 
 8 triax_Iter0_Sample02         2     8.0000000000e+00     3.3333333333e-01     4.0000000000e-01     2.8571428571e-01     1.7272727273e+01 
 8 triax_Iter0_Sample03         3     1.0000000000e+01     5.5555555556e-02     6.0000000000e-01     4.2857142857e-01     2.0909090909e+01 
 8 triax_Iter0_Sample04         4     7.5000000000e+00     2.2222222222e-01     8.0000000000e-01     5.7142857143e-01     2.4545454545e+01 
 8 triax_Iter0_Sample05         5     9.5000000000e+00     3.8888888889e-01     4.0000000000e-02     7.1428571429e-01     2.8181818182e+01 
 8 triax_Iter0_Sample06         6     8.5000000000e+00     1.1111111111e-01     2.4000000000e-01     8.5714285714e-01     3.1818181818e+01 
 8 triax_Iter0_Sample07         7     1.0500000000e+01     2.7777777778e-01     4.4000000000e-01     2.0408163265e-02     3.5454545455e+01 
 8 triax_Iter0_Sample08         8     7.2500000000e+00     4.4444444444e-01     6.4000000000e-01     1.6326530612e-01     3.9090909091e+01 
 8 triax_Iter0_Sample09         9     9.2500000000e+00     1.8518518519e-02     8.4000000000e-01     3.0612244898e-01     4.2727272727e+01 
 8 triax_Iter0_Sample10        10     8.2500000000e+00     1.8518518519e-01     8.0000000000e-02     4.4897959184e-01     4.6363636364e+01 
 8 triax_Iter0_Sample11        11     1.0250000000e+01     3.5185185185e-01     2.8000000000e-01     5.9183673469e-01     1.0330578512e+01 
 8 triax_Iter0_Sample12        12     7.7500000000e+00     7.4074074074e-02     4.8000000000e-01     7.3469387755e-01     1.3966942149e+01 
 8 triax_Iter0_Sample13        13     9.7500000000e+00     2.4074074074e-01     6.8000000000e-01     8.7755102041e-01     1.7603305785e+01 
 8 triax_Iter0_Sample14        14     8.7500000000e+00     4.0740740741e-01     8.8000000000e-01     4.0816326531e-02     2.1239669421e+01 
