# f
5.18184973
5.38139013
5.58093053
5.78047093
5.98001133
6.17955173
6.37909213
6.57863253
6.77817293
6.97771333
7.17725373
7.37679413
7.57633453
7.77587493
7.97541533
8.17495573
8.37449613
8.57403653
8.77357693
8.973117330000001
9.172657730000001
9.372198130000001
9.571738530000001
9.771278930000001
9.97081933
10.17035973
10.36990013
10.56944053
10.76898093
10.96852133
11.16806173
11.36760213
11.56714253
11.76668293
11.96622333
12.16576373
12.36530413
12.56484453
12.76438493
12.96392533
13.16346573
13.36300613
13.56254653
13.76208693
13.96162733
14.16116773
14.36070813
14.56024853
14.75978893
14.95932933
15.15886973
15.35841013
15.55795053
15.75749093
15.95703133
16.15657173
16.35611213
16.55565253
16.75519293
16.95473333
17.15427373
17.35381413
17.55335453
17.75289493
17.95243533
18.15197573
18.35151613
18.55105653
18.75059693
18.95013733
19.14967773
19.34921813
19.54875853
19.74829893
19.94783933
20.14737973
20.34692013
20.54646053
20.74600093
20.94554133
21.14508173
21.34462213
21.54416253
21.74370293
21.94324333
22.14278373
22.34232413
22.54186453
22.74140493
22.94094533
23.14048573
23.340026130000002
23.539566530000002
23.739106930000002
23.938647330000002
24.138187730000002
24.33772813
24.53726853
24.73680893
24.93634933
