# f
5.19206925
5.3928635840000005
5.593657918
5.794452252
5.995246586
6.19604092
6.396835254
6.597629588
6.7984239220000005
6.999218256000001
7.20001259
7.400806924
7.6016012580000005
7.802395592
8.003189926000001
8.20398426
8.404778594
8.605572928
8.806367262
9.007161596
9.20795593
9.408750264
9.609544598
9.810338932
10.011133266
10.2119276
10.412721934
10.613516268
10.814310601999999
11.015104936
11.215899270000001
11.416693603999999
11.617487938
11.818282272000001
12.019076605999999
12.21987094
12.420665274000001
12.621459608
12.822253942
13.023048276
13.223842609999998
13.424636944
13.625431278
13.826225611999998
14.027019946
14.22781428
14.428608614000002
14.629402948
14.830197282
15.030991616000001
15.231785949999999
15.432580284
15.633374618000001
15.834168951999999
16.034963286
16.23575762
16.436551954
16.637346288
16.838140622
17.038934956
17.23972929
17.440523624
17.641317958
17.842112292
18.042906626
18.243700959999998
18.444495294
18.645289628
18.846083961999998
19.046878296
19.24767263
19.448466964
19.649261298
19.850055632
20.050849966
20.2516443
20.452438634
20.653232968
20.854027302
21.054821636
21.255615969999997
21.456410304
21.657204638
21.857998971999997
22.058793306
22.25958764
22.460381973999997
22.661176307999998
22.861970642
23.062764975999997
23.263559309999998
23.464353644
23.665147978
23.865942311999998
24.066736646
24.26753098
24.468325313999998
24.669119648
24.869913982
25.070708315999997
