# f
5.09006845
5.291881223000001
5.493693996
5.6955067690000005
5.897319542
6.099132315
6.300945088000001
6.502757861000001
6.704570634
6.906383407
7.10819618
7.3100089530000005
7.511821726000001
7.713634499
7.915447272000001
8.117260045
8.319072818
8.520885591
8.722698364
8.924511137
9.12632391
9.328136683
9.529949456
9.731762229000001
9.933575002000001
10.135387775000002
10.337200548
10.539013321
10.740826094
10.942638867
11.14445164
11.346264413
11.548077186
11.749889959
11.951702732000001
12.153515505000001
12.355328278
12.557141051
12.758953824
12.960766597
13.16257937
13.364392143
13.566204916
13.768017689
13.969830462000001
14.171643235000001
14.373456008
14.575268781
14.777081554
14.978894327
15.180707100000001
15.382519873
15.584332646
15.786145419
15.987958192
16.189770965
16.391583738
16.593396511
16.795209284000002
16.997022057000002
17.198834830000003
17.400647603000003
17.602460376
17.804273149
18.006085922
18.207898695
18.409711468
18.611524240999998
18.813337014
19.015149787
19.21696256
19.418775333
19.620588106
19.822400879
20.024213652
20.226026425
20.427839198
20.629651971
20.831464744
21.033277517000002
21.23509029
21.436903063
21.638715836
21.840528609
22.042341382
22.244154155
22.445966928
22.647779701
22.849592474
23.051405247
23.253218020000002
23.455030793
23.656843566
23.858656339
24.060469112
24.262281885
24.464094658
24.665907431
24.867720204
25.069532977
