# f
5.12641321
5.327546453
5.528679696
5.729812939
5.930946182
6.132079425
6.333212668
6.534345911
6.735479154
6.936612396999999
7.13774564
7.338878883
7.540012126
7.741145369
7.942278612
8.143411855
8.344545098
8.545678341
8.746811584
8.947944827
9.14907807
9.350211312999999
9.551344556
9.752477799
9.953611041999999
10.154744285
10.355877528
10.557010771
10.758144013999999
10.959277257
11.1604105
11.361543742999999
11.562676986
11.763810229
11.964943472
12.166076714999999
12.367209958
12.568343201
12.769476443999999
12.970609687
13.17174293
13.372876172999998
13.574009415999999
13.775142659
13.976275902000001
14.177409144999999
14.378542388
14.579675631
14.780808873999998
14.981942117
15.18307536
15.384208603000001
15.585341845999999
15.786475089
15.987608332
16.188741574999998
16.389874818
16.591008061
16.792141303999998
16.993274547
17.19440779
17.395541033
17.596674275999998
17.797807519
17.998940762
18.200074004999998
18.401207248
18.602340491
18.803473734
19.004606976999998
19.20574022
19.406873463
19.608006705999998
19.809139949
20.010273192
20.211406435
20.412539677999998
20.613672921
20.814806164
21.015939406999998
21.21707265
21.418205893
21.619339135999997
21.820472378999998
22.021605622
22.222738864999997
22.423872107999998
22.625005351
22.826138594
23.027271836999997
23.228405079999998
23.429538323
23.630671565999997
23.831804808999998
24.032938052
24.234071295
24.435204537999997
24.636337780999998
24.837471024
25.038604266999997
