# f
5.34769584
5.545243002
5.7427901640000005
5.940337326
6.137884488
6.33543165
6.532978812
6.730525974
6.928073136
7.125620298
7.3231674600000005
7.520714622
7.718261784
7.915808946
8.113356108
8.31090327
8.508450432
8.705997594
8.903544756
9.101091918
9.298639080000001
9.496186242
9.693733404
9.891280565999999
10.088827728
10.286374890000001
10.483922052
10.681469214
10.879016376
11.076563538
11.2741107
11.471657862
11.669205024
11.866752186
12.064299348
12.26184651
12.459393672000001
12.656940834
12.854487996
13.052035157999999
13.24958232
13.447129482
13.644676644
13.842223806
14.039770968
14.23731813
14.434865292
14.632412454
14.829959616
15.027506778
15.22505394
15.422601102
15.620148264000001
15.817695426
16.015242588
16.21278975
16.410336911999998
16.607884073999998
16.805431236
17.002978398
17.20052556
17.398072722000002
17.595619884
17.793167046
17.990714208
18.18826137
18.385808532
18.583355693999998
18.780902856
18.978450018
19.17599718
19.373544342000002
19.571091504
19.768638666
19.966185828
20.16373299
20.361280152
20.558827314
20.756374475999998
20.953921638
21.1514688
21.349015962
21.546563124
21.744110286
21.941657448
22.13920461
22.336751772
22.534298934
22.731846095999998
22.929393258
23.12694042
23.324487582
23.522034744
23.719581906
23.917129068
24.11467623
24.312223392
24.509770554
24.707317716
24.904864878
