# f
5.27324278
5.471307840000001
5.6693729
5.86743796
6.06550302
6.263568080000001
6.46163314
6.6596982
6.8577632600000005
7.05582832
7.25389338
7.45195844
7.6500235
7.848088560000001
8.04615362
8.24421868
8.44228374
8.6403488
8.83841386
9.03647892
9.23454398
9.43260904
9.6306741
9.828739160000001
10.026804219999999
10.22486928
10.422934340000001
10.620999399999999
10.81906446
11.017129520000001
11.21519458
11.41325964
11.6113247
11.80938976
12.00745482
12.20551988
12.40358494
12.60165
12.79971506
12.99778012
13.19584518
13.39391024
13.5919753
13.790040359999999
13.98810542
14.18617048
14.38423554
14.5823006
14.78036566
14.97843072
15.17649578
15.37456084
15.5726259
15.77069096
15.968756019999999
16.16682108
16.36488614
16.5629512
16.761016259999998
16.95908132
17.15714638
17.355211439999998
17.5532765
17.75134156
17.949406619999998
18.14747168
18.34553674
18.543601799999998
18.74166686
18.93973192
19.137796979999997
19.335862040000002
19.5339271
19.731992159999997
19.930057220000002
20.12812228
20.326187339999997
20.5242524
20.72231746
20.920382519999997
21.11844758
21.31651264
21.5145777
21.712642759999998
21.91070782
22.10877288
22.306837939999998
22.504903
22.70296806
22.901033119999997
23.09909818
23.29716324
23.4952283
23.69329336
23.89135842
24.08942348
24.28748854
24.4855536
24.68361866
24.881683719999998
