# f
5.29587668
5.493785913
5.691695146
5.889604379
6.087513612
6.285422845
6.483332078
6.681241311
6.879150544
7.0770597770000006
7.2749690099999995
7.472878243
7.670787476
7.868696709
8.066605941999999
8.264515175
8.462424408
8.660333641
8.858242874
9.056152106999999
9.25406134
9.451970573
9.649879806
9.847789039
10.045698272
10.243607505
10.441516738
10.639425971
10.837335203999999
11.035244437
11.23315367
11.431062903
11.628972136
11.826881368999999
12.024790602
12.222699835
12.420609068000001
12.618518301
12.816427533999999
13.014336767
13.212246
13.410155233000001
13.608064465999998
13.805973698999999
14.003882932
14.201792165
14.399701398000001
14.597610630999998
14.795519864
14.993429097
15.19133833
15.389247562999998
15.587156795999999
15.785066029
15.982975262
16.180884495
16.378793727999998
16.576702961
16.774612194
16.972521427
17.17043066
17.368339892999998
17.566249126
17.764158359
17.962067592
18.159976825
18.357886058
18.555795291
18.753704524
18.951613757
19.149522989999998
19.347432223
19.545341456
19.743250689
19.941159922
20.139069154999998
20.336978388
20.534887621
20.732796854
20.930706087
21.128615319999998
21.326524553
21.524433786
21.722343018999997
21.920252251999997
22.118161484999998
22.316070718
22.513979951
22.711889183999997
22.909798416999998
23.10770765
23.305616883
23.503526116
23.701435348999997
23.899344581999998
24.097253815
24.295163048
24.493072281
24.690981513999997
24.888890746999998
