# f
5.35725208
5.553888476
5.750524872000001
5.947161268
6.143797664
6.34043406
6.537070456
6.733706852
6.930343248
7.126979644
7.32361604
7.520252436
7.716888832
7.913525228
8.110161624
8.30679802
8.503434416000001
8.700070812
8.896707208
9.093343604000001
9.28998
9.486616396
9.683252792000001
9.879889188
10.076525584
10.273161980000001
10.469798376
10.666434771999999
10.863071168000001
11.059707564
11.256343959999999
11.452980356000001
11.649616752
11.846253147999999
12.042889544000001
12.23952594
12.436162335999999
12.632798732000001
12.829435128
13.026071523999999
13.22270792
13.419344316
13.615980712
13.812617108
14.009253504
14.2058899
14.402526296
14.599162692
14.795799088
14.992435484
15.18907188
15.385708275999999
15.582344672
15.778981068
15.975617463999999
16.172253859999998
16.368890256
16.565526652
16.762163047999998
16.958799444
17.15543584
17.352072235999998
17.548708632
17.745345028
17.941981423999998
18.13861782
18.335254216
18.531890611999998
18.728527008
18.925163404
19.121799799999998
19.318436196
19.515072592
19.711708987999998
19.908345384
20.10498178
20.301618175999998
20.498254572
20.694890968
20.891527363999998
21.08816376
21.284800156
21.481436551999998
21.678072948
21.874709344000003
22.071345739999998
22.267982136
22.464618532000003
22.661254927999998
22.857891324
23.054527720000003
23.251164115999998
23.447800512
23.644436908000003
23.841073304
24.0377097
24.234346096000003
24.430982492
24.627618888
24.824255283999996
