# f
5.25837772
5.457395761000001
5.656413802
5.855431843000001
6.054449884
6.253467925000001
6.452485966
6.651504007000001
6.850522048
7.049540089000001
7.24855813
7.447576171000001
7.646594212
7.8456122530000005
8.044630294000001
8.243648335
8.442666376
8.641684417
8.840702458
9.039720499000001
9.23873854
9.437756581
9.636774622
9.835792663
10.034810704000002
10.233828745
10.432846786
10.631864827000001
10.830882868
11.029900909
11.22891895
11.427936991
11.626955032000001
11.825973073
12.024991114
12.224009155000001
12.423027196
12.622045237000002
12.821063278
13.020081319
13.219099360000001
13.418117401
13.617135442
13.816153483
14.015171524000001
14.214189565
14.413207606
14.612225647
14.811243688000001
15.010261729000002
15.20927977
15.408297811
15.607315852000001
15.806333893000001
16.005351934
16.204369975
16.403388016
16.602406057000003
16.801424098
17.000442139
17.199460180000003
17.398478221
17.597496262
17.796514303000002
17.995532344
18.194550385
18.393568426
18.592586467
18.791604508
18.990622549
19.189640590000003
19.388658631
19.587676672
19.786694713000003
19.985712754
20.184730795
20.383748836000002
20.582766877
20.781784918
20.980802959000002
21.179821
21.378839041
21.577857082
21.776875123000003
21.975893164
22.174911205
22.373929246000003
22.572947286999998
22.771965328
22.970983369000002
23.170001409999998
23.369019451
23.568037492000002
23.767055533000004
23.966073574
24.165091615
24.364109656000004
24.563127697
24.762145738
24.961163779000003
