# f
5.2484307
5.447088746
5.645746792
5.844404838
6.043062884
6.2417209300000005
6.440378976
6.639037022
6.837695068
7.036353114000001
7.23501116
7.433669206
7.632327252
7.830985298
8.029643344
8.22830139
8.426959436
8.625617482
8.824275528000001
9.022933574
9.22159162
9.420249666
9.618907712
9.817565758
10.016223804
10.214881850000001
10.413539896
10.612197942
10.810855988
11.009514034
11.20817208
11.406830126
11.605488172000001
11.804146218
12.002804264
12.20146231
12.400120356
12.598778402
12.797436448
12.996094494000001
13.19475254
13.393410586
13.592068632
13.790726678
13.989384724
14.188042770000001
14.386700816000001
14.585358862
14.784016908
14.982674954
15.181333
15.379991046
15.578649092000001
15.777307138000001
15.975965184
16.17462323
16.373281276
16.571939322
16.770597368
16.969255414000003
17.16791346
17.366571506
17.565229551999998
17.763887598
17.962545644000002
18.16120369
18.359861736
18.558519782
18.757177828
18.955835874
19.15449392
19.353151966
19.551810012
19.750468058000003
19.949126104
20.14778415
20.346442195999998
20.545100242
20.743758288000002
20.942416334
21.14107438
21.339732426
21.538390472
21.737048518
21.935706564
22.134364610000002
22.333022656
22.531680702
22.730338748
22.928996794
23.12765484
23.326312886
23.524970932000002
23.723628978
23.922287024
24.12094507
24.319603116
24.518261162
24.716919208
24.915577254000002
