# f
5.04738932
5.249604668
5.451820016
5.654035363999999
5.856250712
6.05846606
6.260681408
6.462896755999999
6.665112103999999
6.867327452
7.0695428
7.271758148
7.473973495999999
7.6761888439999995
7.878404192
8.080619539999999
8.282834888
8.485050236
8.687265583999999
8.889480932
9.09169628
9.293911628
9.496126976
9.698342323999999
9.900557672
10.10277302
10.304988368
10.507203716
10.709419063999999
10.911634412
11.113849759999999
11.316065108
11.518280456
11.720495803999999
11.922711152
12.124926499999999
12.327141848
12.529357196
12.731572543999999
12.933787891999998
13.13600324
13.338218588
13.540433936
13.742649283999999
13.944864631999998
14.14707998
14.349295328
14.551510676
14.753726023999999
14.955941371999998
15.158156720000001
15.360372068
15.562587416
15.764802763999999
15.967018111999998
16.169233459999997
16.371448808
16.573664156
16.775879504
16.978094851999998
17.180310199999997
17.382525548
17.584740896
17.786956244
17.989171591999998
18.191386939999997
18.393602288
18.595817636
18.798032984
19.000248331999998
19.202463679999997
19.404679028
19.606894376
19.809109724
20.011325071999998
20.213540419999998
20.415755768
20.617971116
20.820186464
21.022401812
21.22461716
21.426832508
21.629047856
21.831263204
22.033478552
22.2356939
22.437909248
22.640124596
22.842339944
23.044555292
23.24677064
23.448985988
23.651201336
23.853416684
24.055632032
24.25784738
24.460062728
24.662278076
24.864493424
25.066708772
