# f
5.01882243
5.221383698
5.4239449660000005
5.626506234
5.829067502
6.03162877
6.234190038
6.436751306
6.639312574
6.841873842
7.04443511
7.246996378
7.449557646000001
7.652118914
7.854680182
8.05724145
8.259802718
8.462363986
8.664925254
8.867486522
9.07004779
9.272609058
9.475170326
9.677731594
9.880292862000001
10.082854130000001
10.285415398
10.487976666
10.690537934
10.893099202
11.095660469999999
11.298221737999999
11.500783005999999
11.703344273999999
11.905905542
12.10846681
12.311028078
12.513589346
12.716150614
12.918711882
13.12127315
13.323834418
13.526395685999999
13.728956954
13.931518222
14.13407949
14.336640758
14.539202026
14.741763294
14.944324562
15.14688583
15.349447097999999
15.552008365999999
15.754569634
15.957130902
16.15969217
16.362253438
16.564814706
16.767375974
16.969937242
17.172498509999997
17.375059778
17.577621045999997
17.780182314
17.982743581999998
18.18530485
18.387866117999998
18.590427386
18.792988654
18.995549922
19.19811119
19.400672458
19.603233726
19.805794994
20.008356262
20.21091753
20.413478798
20.616040066
20.818601334
21.021162602
21.22372387
21.426285138
21.628846406
21.831407673999998
22.033968941999998
22.236530209999998
22.439091477999998
22.641652746
22.844214014
23.046775282
23.24933655
23.451897818
23.654459086
23.857020354
24.059581622
24.26214289
24.464704158
24.667265426
24.869826694
25.072387962
