# f
5.06814219
5.270226321
5.472310451999999
5.674394583
5.876478713999999
6.0785628449999995
6.280646976
6.482731106999999
6.684815238
6.886899369
7.088983499999999
7.291067631
7.493151762
7.6952358929999995
7.897320024
8.099404155
8.301488286
8.503572416999999
8.705656548
8.907740679
9.10982481
9.311908940999999
9.513993072
9.716077203
9.918161334
10.120245465
10.322329596
10.524413726999999
10.726497858
10.928581989
11.13066612
11.332750251
11.534834382
11.736918512999999
11.939002643999999
12.141086775
12.343170906
12.545255037
12.747339168
12.949423299
13.151507429999999
13.353591561
13.555675692
13.757759822999999
13.959843954
14.161928085
14.364012215999999
14.566096347
14.768180478
14.970264609
15.17234874
15.374432871
15.576517002
15.778601133
15.980685264
16.182769395
16.384853526
16.586937657
16.789021788
16.991105919
17.19319005
17.395274180999998
17.597358311999997
17.799442443
18.001526574
18.203610705
18.405694836000002
18.607778967
18.809863098
19.011947229
19.21403136
19.416115491
19.618199622
19.820283753
20.022367883999998
20.224452014999997
20.426536146
20.628620277
20.830704408
21.032788539000002
21.234872669999998
21.436956801
21.639040932
21.841125063
22.043209194
22.245293325
22.447377455999998
22.649461587
22.851545718
23.053629849
23.25571398
23.457798111
23.659882242
23.861966373
24.064050504
24.266134635
24.468218766
24.670302897
24.872387028
25.074471158999998
