# f
5.24275541
5.441213027
5.639670644
5.838128261
6.036585878
6.235043495
6.433501112
6.631958729
6.830416346
7.028873963000001
7.2273315799999995
7.425789197
7.624246814
7.822704431
8.021162048
8.219619665
8.418077282
8.616534899
8.814992516
9.013450133
9.21190775
9.410365367
9.608822984
9.807280601
10.005738218000001
10.204195835
10.402653452
10.601111069
10.799568686
10.998026303
11.19648392
11.394941537000001
11.593399154
11.791856770999999
11.990314388
12.188772005
12.387229622
12.585687239
12.784144856000001
12.982602473
13.181060089999999
13.379517707000002
13.577975324
13.776432941
13.974890557999998
14.173348175000001
14.371805792
14.570263408999999
14.768721026000001
14.967178643
15.16563626
15.364093876999998
15.562551494000001
15.761009111
15.959466727999999
16.157924345
16.356381962
16.554839579
16.753297196000002
16.951754813
17.15021243
17.348670047
17.547127664
17.745585281
17.944042898
18.142500515000002
18.340958132
18.539415749
18.737873366
18.936330983
19.1347886
19.333246217
19.531703834
19.730161451
19.928619068
20.127076685
20.325534302
20.523991919
20.722449536
20.920907153
21.11936477
21.317822387
21.516280004000002
21.714737621
21.913195238
22.111652855000003
22.310110472
22.508568089
22.707025706
22.905483323000002
23.10394094
23.302398557
23.500856174000003
23.699313791
23.897771408
24.096229025
24.294686642000002
24.493144259
24.691601876
24.890059493000003
