# f
5.02754617
5.230408715
5.43327126
5.636133805
5.83899635
6.041858895
6.24472144
6.447583985
6.65044653
6.853309075
7.05617162
7.259034165
7.4618967099999995
7.664759255
7.8676218
8.070484345
8.27334689
8.476209435
8.67907198
8.881934525
9.08479707
9.287659614999999
9.490522160000001
9.693384705
9.89624725
10.099109795
10.301972339999999
10.504834885000001
10.70769743
10.910559975
11.11342252
11.316285064999999
11.519147610000001
11.722010155
11.9248727
12.127735245
12.330597789999999
12.533460335000001
12.73632288
12.939185425
13.14204797
13.344910514999999
13.54777306
13.750635605
13.953498150000001
14.156360695
14.359223239999999
14.562085785
14.76494833
14.967810875000001
15.17067342
15.373535964999999
15.57639851
15.779261055
15.982123600000001
16.184986145
16.387848690000002
16.590711235
16.79357378
16.996436325
17.19929887
17.402161415000002
17.60502396
17.807886505
18.01074905
18.213611595
18.416474140000002
18.619336685
18.82219923
19.025061775
19.22792432
19.430786865
19.63364941
19.836511955
20.0393745
20.242237045
20.44509959
20.647962135
20.85082468
21.053687225
21.25654977
21.459412315
21.66227486
21.865137405000002
22.06799995
22.270862495000003
22.47372504
22.676587585
22.879450130000002
23.082312675
23.285175220000003
23.488037765
23.69090031
23.893762855000002
24.0966254
24.299487945000003
24.50235049
24.705213035
24.908075580000002
25.110938125
