# C		CN		K0		e_x		e_y		e_z		n		overlap		p		q
3.37560760053	5.16154106117	0.735744145823	-0.0	-0.0	1.87240000048e-07	0.389430374011	0.000125680161224	5.58483454322	1.79142085477
3.39637649138	5.16336134454	0.659241277632	-0.0	-0.0	0.000531443826667	0.389105918698	0.000134442963153	6.18062523138	2.72519017126
3.41979673	5.16711229947	0.591126066204	-0.0	-0.0	0.00134984762667	0.388605756021	0.000147784237196	7.13853737107	4.01249949047
3.42951833849	5.15244104949	0.55451619446	-0.0	-0.0	0.00212068413333	0.388134289329	0.000160526293277	8.0771082316	5.11830107259
3.45779938135	5.15562149687	0.53127852273	-0.0	-0.0	0.00286652962667	0.387677761818	0.000171832292656	9.02210243846	6.15088905154
3.47503314185	5.15213114754	0.514641947951	-0.0	-0.0	0.00361248325333	0.387220827419	0.000183553869378	10.0031381358	7.17756197118
3.49668581529	5.15347018573	0.502156033918	-0.0	-0.0	0.00433858268	0.386775727239	0.000194656628091	10.9936824648	8.19204539249
3.50817498895	5.15804878049	0.49257130632	-0.0	-0.0	0.00503626472	0.386347742396	0.000205775070114	11.9772929714	9.18466323922
3.52275740168	5.1586273875	0.485080194882	-0.0	-0.0	0.00572674384	0.385923882009	0.000216479116843	12.9780724628	10.1758210825
3.53954927088	5.16349564657	0.478919655266	-0.0	-0.0	0.00641326198667	0.385502162868	0.000226948766185	14.0019091321	11.1798546463
3.5634114008	5.17399678973	0.473575671379	-0.0	-0.0	0.00707321445333	0.385096489957	0.000236468576724	15.014973868	12.1781713072
3.58418029165	5.18248641739	0.469077649971	-0.0	-0.0	0.00772982676	0.384692603861	0.000246040127138	16.0461357194	13.1866400262
3.59566946531	5.19220945083	0.46526794034	-0.0	-0.0	0.00836371930667	0.384302441441	0.000255809106245	17.0651114473	14.1804080678
3.60362350862	5.19662205226	0.461923848517	-0.0	-0.0	0.00898968749333	0.383916915887	0.000265646587585	18.0939924326	15.1819904893
3.61025187804	5.19898121617	0.459080979799	-0.0	-0.0	0.00960245564	0.383539281926	0.000275354684131	19.1217960435	16.1769601288
3.62571807335	5.20761904762	0.456369652526	-0.0	-0.0	0.01020852716	0.383165549399	0.000284252964685	20.160043225	17.1893962882
3.63588157313	5.20899303357	0.454260257949	-0.0	-0.0	0.0108068733867	0.382796358392	0.000293344871586	21.2010874666	18.1872962468
3.65046398586	5.21009463722	0.452121132664	-0.0	-0.0	0.0114085767867	0.382424878989	0.000302140310747	22.2703144563	19.2225036935
3.6557666814	5.21976634039	0.449982623723	-0.0	-0.0	0.0121410528933	0.381972348375	0.000313819399799	23.5938773393	20.4904419086
3.66593018118	5.22667087011	0.448490060536	-0.0	-0.0	0.0127213886267	0.381613580752	0.000322558948465	24.6635217381	21.5113124745
3.67918692002	5.23403586033	0.446994628837	-0.0	-0.0	0.0132863232	0.381264134186	0.0003307724864	25.7239610832	22.5325807773
3.68714096332	5.23837939698	0.446030558078	-0.0	-0.0	0.0138520024667	0.380914029121	0.00033932952811	26.7945858762	23.535257383
3.69465311533	5.24278544542	0.444866976737	-0.0	-0.0	0.01442276032	0.380560580084	0.000348081316234	27.8970101665	24.5852886835
3.7057003977	5.24992170373	0.443458492357	-0.0	-0.0	0.0150851648267	0.380150126554	0.00035802645052	29.1996667676	25.8371089409
3.70923552806	5.24734208881	0.442435344528	-0.0	-0.0	0.0156255701333	0.379815064004	0.000366676224382	30.2794835917	26.8709730616
3.72028281043	5.25538557602	0.441490758024	-0.0	-0.0	0.0161585611733	0.379484422883	0.00037444355194	31.3579171037	27.9031201777
3.73442333186	5.26105919003	0.440880496079	-0.0	-0.0	0.01669558644	0.379151108395	0.000381817609221	32.4404919596	28.9167091575
3.73751657092	5.26494396015	0.440400832354	-0.0	-0.0	0.0169151308667	0.379014787153	0.00038517094671	32.8987516558	29.3653196751
3.7397260274	5.26517273576	0.44067179015	-0.0	-0.0	0.0169067821467	0.379019966378	0.000384773258697	32.8772451844	29.3234647085
3.73751657092	5.26463262765	0.440948407984	-0.0	-0.0	0.0168967420667	0.379026201036	0.000384808301378	32.8531226141	29.2788483582
3.73619089704	5.26338729763	0.441248726418	-0.0	-0.0	0.01688252576	0.379035028143	0.000384675799707	32.8193316625	29.223694306
3.73707467963	5.26533790097	0.441500329387	-0.0	-0.0	0.0168722147467	0.379041422542	0.000384388695933	32.7946741218	29.1807885614
3.73619089704	5.26378075366	0.441910478784	-0.0	-0.0	0.0168547711067	0.379052263355	0.000384146529675	32.7530188253	29.1096399387
3.73309765798	5.26128931797	0.44233064822	-0.0	-0.0	0.01683766904	0.379062873537	0.000384139331559	32.7123090497	29.0386164625
3.73353954927	5.26191217689	0.44291794719	-0.0	-0.0	0.0168131410133	0.37907811293	0.00038362672477	32.6538819766	28.9381886165
3.73000441891	5.25794392523	0.44496611858	-0.0	-0.0	0.01672814476	0.379130886721	0.000382369993519	32.4516921169	28.5911657785
3.72028281043	5.25702685821	0.453882558765	-0.0	-0.0	0.01636665716	0.379355277709	0.000376438136209	31.5968443301	27.1347677208
3.71056120194	5.25046904315	0.462791410584	-0.0	-0.0	0.01601647492	0.379572583354	0.000370748310693	30.7806067625	25.7619763095
3.70216526734	5.24381846635	0.470984614338	-0.0	-0.0	0.0157008088667	0.379768399273	0.00036556544878	30.0529251158	24.5603167172
3.69686257181	5.24490435873	0.479281852718	-0.0	-0.0	0.0153861453067	0.3799635339	0.000360088475647	29.3351817595	23.3978013382
3.68448961555	5.23876845743	0.488144310825	-0.0	-0.0	0.0150615938533	0.380164734985	0.000355112431541	28.6015634411	22.223281771
3.67520989837	5.23120478138	0.497417344696	-0.0	-0.0	0.0147288175867	0.380370967134	0.000349687773874	27.8607345808	21.0578681614
3.67034909412	5.22827455919	0.507252213766	-0.0	-0.0	0.01438135024	0.380586230589	0.000343556698164	27.0965179554	19.8834250072
3.65885992046	5.2184741488	0.517971145886	-0.0	-0.0	0.0140122525067	0.380814806336	0.000337597926993	26.2946880288	18.6765583549
3.64958020327	5.21408272813	0.529348312623	-0.0	-0.0	0.0136243910667	0.381054924111	0.000331083932778	25.4644780278	17.4647872907
3.63632346443	5.20265570661	0.5419009127	-0.0	-0.0	0.0132094509467	0.381311695978	0.00032439074321	24.5892823508	16.2169852214
3.62306672559	5.19923857868	0.555462661861	-0.0	-0.0	0.01277572772	0.381579977282	0.000317344598896	23.6909701249	14.9671625219
3.59964648696	5.1852913085	0.570280846167	-0.0	-0.0	0.01231776044	0.381863128576	0.0003106929334	22.7592237748	13.706786986
3.5797613787	5.17406579368	0.586446197518	-0.0	-0.0	0.01182521716	0.38216751277	0.000303048027215	21.7780379708	12.4346568205
3.56385329209	5.15569053708	0.603898519269	-0.0	-0.0	0.0113024593733	0.382490405109	0.000294479198982	20.7581156949	11.1726579306
3.5550154662	5.15022421525	0.61874693535	-0.0	-0.0	0.0108728496533	0.382755634966	0.000287082179272	19.9407650115	10.1932942096
3.5545735749	5.15118513773	0.61815858012	-0.0	-0.0	0.0108816798667	0.382750185833	0.000287279320227	19.9569782044	10.2227014525
3.55413168361	5.15086483024	0.617748431789	-0.0	-0.0	0.0108864721867	0.382747227767	0.000287407333241	19.9661126861	10.2421229164
3.5545735749	5.15150544523	0.617215596579	-0.0	-0.0	0.0108968437467	0.382740826156	0.000287563238954	19.985237542	10.2711203458
3.55678303137	5.15278667521	0.616460670902	-0.0	-0.0	0.0109103873067	0.382732471087	0.000287634274896	20.0101214334	10.3111583996
3.55678303137	5.15177713737	0.615417760513	-0.0	-0.0	0.0109278105333	0.382721711031	0.000287958771928	20.042540724	10.3656299947
3.55810870526	5.15401857189	0.613220004975	-0.0	-0.0	0.0109653968133	0.3826985094	0.000288549637712	20.1123452822	10.481826737
3.56385329209	5.16202369516	0.593704464729	-0.0	-0.0	0.01131748792	0.382481124768	0.000294601656795	20.772247724	11.5748885279
3.58197083517	5.17934782609	0.57446324862	-0.0	-0.0	0.0117002902933	0.382244691826	0.000300189520129	21.5025250813	12.7739799588
3.59301811754	5.19131267966	0.557648925806	-0.0	-0.0	0.01206754608	0.382017775949	0.000306066377693	22.2153854239	13.9370438046
3.60362350862	5.20031897927	0.542645707696	-0.0	-0.0	0.0124285490533	0.381794642255	0.000311834997517	22.9272090824	15.0854562681
3.61820592134	5.21401273885	0.528839433028	-0.0	-0.0	0.01279275704	0.38156944592	0.000317285858946	23.6559046335	16.2499546794
3.62881131242	5.22604266157	0.515995502512	-0.0	-0.0	0.0131643214933	0.381339616413	0.000323212638179	24.4106584671	17.4432885611
3.6389748122	5.23608017817	0.504374253956	-0.0	-0.0	0.0135363507067	0.381109413859	0.000329165874463	25.1771664254	18.6361585491
3.64427750773	5.23927550048	0.494437528375	-0.0	-0.0	0.01388941736	0.380890865652	0.000335204107983	25.9138495228	19.7615276579
3.6553247901	5.24754046334	0.485444478454	-0.0	-0.0	0.0142436939733	0.380671490908	0.000340716880214	26.6602088488	20.8811728646
3.66990720283	5.25974025974	0.477515687339	-0.0	-0.0	0.0145923324	0.380455531547	0.000345779383515	27.401307678	21.9690900007
3.67476800707	5.26670890086	0.470022201677	-0.0	-0.0	0.0149523432267	0.380232448677	0.000351941640309	28.1741797116	23.0897133705
3.68448961555	5.27373417722	0.463519849225	-0.0	-0.0	0.01531051036	0.380010428552	0.000357537853671	28.9468133785	24.1760314823
3.6889085285	5.2779886148	0.458166942767	-0.0	-0.0	0.0156541339733	0.379797348888	0.000363348667598	29.6921352746	25.1858727016
3.69553689792	5.28278041074	0.453703662104	-0.0	-0.0	0.0160203404533	0.379570185066	0.000369244382098	30.4838736508	26.1924576816
3.70128148475	5.28630050505	0.450373730433	-0.0	-0.0	0.0163805580933	0.379346662703	0.000375018049682	31.2577553259	27.1157801999
3.70967741935	5.29400630915	0.447797365926	-0.0	-0.0	0.0167494498533	0.379117658905	0.000380614368917	32.0501597097	28.009440494
3.7140963323	5.29498896943	0.445681254795	-0.0	-0.0	0.0171536889067	0.37886662328	0.000387152848858	32.9177642991	28.9425221903
3.71674768007	5.29272898961	0.445421460284	-0.0	-0.0	0.0172135081733	0.378829466425	0.000387904924669	33.0460860017	29.0769528005
3.71630578878	5.29241422726	0.4456279347	-0.0	-0.0	0.0172105263333	0.378831318654	0.000387885946008	33.03799472	29.0526654737
3.7145382236	5.29322834646	0.445833217821	-0.0	-0.0	0.0172006025333	0.378837476161	0.000387880849114	33.0142076707	29.0146987116
3.71277065842	5.29237555135	0.446080219667	-0.0	-0.0	0.01718904456	0.378844662315	0.000387850474979	32.9871399098	28.970422771
3.71232876712	5.29206049149	0.446286954365	-0.0	-0.0	0.0171828699867	0.378848497673	0.000387778413865	32.9723454612	28.9402983041
3.71277065842	5.29341317365	0.446581370378	-0.0	-0.0	0.01716859528	0.378857364365	0.000387465709161	32.9387725858	28.8864712897
3.71321254971	5.29435865112	0.447037619512	-0.0	-0.0	0.0171501267867	0.378868835828	0.000387071918271	32.8950818308	28.8104860578
3.70879363677	5.2926521602	0.449204740448	-0.0	-0.0	0.01706294408	0.378922985363	0.000385889859203	32.6892282994	28.4528793712
3.70260715864	5.29112724976	0.457251159067	-0.0	-0.0	0.01674356016	0.379121305432	0.000380515922465	31.9403905527	27.1646732217
3.69907202828	5.28282828283	0.466095720161	-0.0	-0.0	0.0164037507733	0.379332260264	0.000374472603631	31.1527395099	25.8244301356
3.68802474591	5.27393364929	0.47454169759	-0.0	-0.0	0.0160906825333	0.379526541207	0.000369690854806	30.4358399673	24.6158243016
3.6809544852	5.26985131288	0.483136768153	-0.0	-0.0	0.0157808553067	0.379718751001	0.000364561833893	29.734599098	23.4484989556
3.66593018118	5.25863708399	0.491834625511	-0.0	-0.0	0.0154743623067	0.379908833731	0.000360294158009	29.0497335597	22.3253983378
3.6557666814	5.25039669946	0.501133905093	-0.0	-0.0	0.0151550994533	0.380106771074	0.000355317807178	28.3448541345	21.1864066648
3.65311533363	5.2486503652	0.510839817939	-0.0	-0.0	0.0148316887067	0.380307221922	0.000349510172262	27.6387295761	20.0621786234
3.64471939903	5.24022878932	0.521153249975	-0.0	-0.0	0.0144959934	0.380515214966	0.000344021231402	26.9155704837	18.9321731848
3.63499779054	5.23559375995	0.531637126157	-0.0	-0.0	0.0141610572533	0.380722660129	0.000338657378449	26.2034107931	17.8445082176
3.62439239947	5.22331952851	0.543295918448	-0.0	-0.0	0.0137938848667	0.380950007867	0.000332767459182	25.4330491353	16.700023178
3.61157755192	5.21141581633	0.555874386135	-0.0	-0.0	0.0134071160933	0.381189390777	0.000326699491998	24.6335413351	15.5421707508
3.60141405214	5.20204277051	0.569892275587	-0.0	-0.0	0.0129895113467	0.381447747404	0.000319812281374	23.7837399756	14.3419629888
3.59346000884	5.19552715655	0.5841269693	-0.0	-0.0	0.0125746587867	0.381704305646	0.000312746576173	22.9529461581	13.2071863618
3.57755192223	5.17850287908	0.600002473095	-0.0	-0.0	0.0121117381733	0.381990463603	0.000305478534405	22.0421700322	12.02290047
3.56120194432	5.16244793335	0.617507885996	-0.0	-0.0	0.0115982158533	0.382307741974	0.000297312280165	21.051592111	10.8080686552
3.54573574901	5.14854026307	0.635739227078	-0.0	-0.0	0.0110636225333	0.382637871539	0.000288612488056	20.0421233733	9.64203645111
3.51082633672	5.12616973217	0.658597192575	-0.0	-0.0	0.0104102220533	0.383041124493	0.000279193595191	18.8411863078	8.32787349466
3.49270879364	5.10500807754	0.686299383938	-0.0	-0.0	0.00965482125333	0.383506999737	0.000266527188097	17.4960413148	6.93988256265
3.47724259832	5.09158576052	0.714083169919	-0.0	-0.0	0.00892951114667	0.38395398622	0.000254294472594	16.2552006183	5.74215450999
