# C		CN		K0		e_x		e_y		e_z		n		overlap		p		q
3.33009279717	5.12066621346	0.735651861838	-0.0	-0.0	1.87240000048e-07	0.391024987532	0.000119619785661	5.59066273275	1.79405056975
3.37560760053	5.12453843572	0.639705443799	-0.0	-0.0	0.000531443826667	0.390701379593	0.000127683256708	6.2211059477	2.95001303016
3.40919133893	5.13590939374	0.546416911313	-0.0	-0.0	0.00134984762667	0.390202523182	0.000141071740071	7.25476971813	4.71701215006
3.44454264251	5.1449323209	0.493094531844	-0.0	-0.0	0.00212068413333	0.389732287811	0.000153233731835	8.28650453531	6.34452359694
3.47149801149	5.14791734995	0.458998282635	-0.0	-0.0	0.00286652962667	0.38927695293	0.000165094914486	9.33284022034	7.89743216205
3.48563853292	5.14789422135	0.435056792527	-0.0	-0.0	0.00361248325333	0.388821211573	0.000177407860282	10.4221797439	9.44531877703
3.50640742377	5.15502112447	0.417582515128	-0.0	-0.0	0.00433858268	0.388377273853	0.000188929955975	11.5247245701	10.9726389517
3.51878038003	5.15948136143	0.404633881666	-0.0	-0.0	0.00503626472	0.38795040677	0.000200360605209	12.6237728757	12.4621133611
3.52673442333	5.15777562237	0.394325387555	-0.0	-0.0	0.00572674384	0.387527653371	0.000211874431119	13.749257009	13.9673591283
3.54573574901	5.16425120773	0.386138918027	-0.0	-0.0	0.00641326198667	0.387107035627	0.000222600168482	14.9018909077	15.4846334304
3.55413168361	5.16345536288	0.379479432811	-0.0	-0.0	0.00707321445333	0.386702425709	0.00023352607434	16.0447557676	16.980671596
3.57003977022	5.17291066282	0.373914623842	-0.0	-0.0	0.00772982676	0.386299592509	0.000243859994434	17.2128793192	18.4973424107
3.58241272647	5.17630150112	0.369316079908	-0.0	-0.0	0.00836371930667	0.38591044749	0.00025400597506	18.3699289036	19.9909199436
3.59213433495	5.18176020408	0.365478631915	-0.0	-0.0	0.00898968749333	0.385525931848	0.000264162423984	19.5393915181	21.4878120276
3.60229783473	5.18879337791	0.3621294324	-0.0	-0.0	0.00960245564	0.385149281105	0.000274065949782	20.7116635618	22.986155145
3.61555457357	5.19003807107	0.359192272998	-0.0	-0.0	0.01020852716	0.384776524648	0.00028356419792	21.8953550109	24.4951795729
3.62748563853	5.19632678911	0.356579357639	-0.0	-0.0	0.0108068733867	0.38440829785	0.00029302095446	23.088679771	26.0146354865
3.64339372514	5.20069422531	0.354103224595	-0.0	-0.0	0.0114085767867	0.384037782771	0.000302221062217	24.3155709718	27.5821734959
3.65046398586	5.20384373031	0.351390434725	-0.0	-0.0	0.0121410528933	0.38358644709	0.000314386269334	25.8421610836	29.5307631773
3.65974370305	5.21745981721	0.349428652944	-0.0	-0.0	0.0127213886267	0.383228609249	0.000323690614069	27.0776018629	31.1078132189
3.66327883341	5.22281752285	0.34776830182	-0.0	-0.0	0.0132863232	0.382880075327	0.000333202287924	28.2997870093	32.6587195457
3.67565178966	5.22400251335	0.346280893587	-0.0	-0.0	0.0138520024667	0.382530884624	0.000341891522439	29.5426796216	34.2308581045
3.68581528944	5.22922546253	0.344895912124	-0.0	-0.0	0.01442276032	0.382178358684	0.000350865075819	30.8172781957	35.8420332615
3.69818824569	5.23568075117	0.343794185981	-0.0	-0.0	0.0150851648267	0.38176897527	0.000360988335473	32.308498753	37.6887369151
3.7057003977	5.23579013117	0.342470280548	-0.0	-0.0	0.0156255701333	0.381434795215	0.000369676276758	33.5603243334	39.2896541632
3.71011931065	5.2368174727	0.341418833055	-0.0	-0.0	0.0161585611733	0.381105012063	0.000378518366886	34.8098700946	40.8686922033
3.72160848431	5.24322640922	0.340460292109	-0.0	-0.0	0.01669558644	0.380772566555	0.000386687217378	36.0853888871	42.4762723519
3.7229341582	5.24315068493	0.340098973387	-0.0	-0.0	0.0169151308667	0.3806365977	0.000390368155002	36.61145321	43.1376593552
3.72160848431	5.24190535492	0.340299107418	-0.0	-0.0	0.0169067821467	0.38064176857	0.000390339199632	36.5880437558	43.0867382408
3.72160848431	5.24221668742	0.340432907769	-0.0	-0.0	0.0168967420667	0.380647986945	0.000390150767711	36.5617907422	43.0402363776
3.7224922669	5.24283935243	0.34066821679	-0.0	-0.0	0.01688252576	0.380656788805	0.000389787734024	36.5240560466	42.9684455573
3.72205037561	5.24252801993	0.340835989216	-0.0	-0.0	0.0168722147467	0.380663171241	0.000389637205239	36.4967143998	42.9167892777
3.72116659302	5.24128268991	0.341114726855	-0.0	-0.0	0.0168547711067	0.380673980548	0.000389397607606	36.4505347395	42.8301629456
3.72072470172	5.24128268991	0.341394420726	-0.0	-0.0	0.01683766904	0.380684572862	0.000389117926105	36.40525782	42.7445892044
3.71807335395	5.23910336239	0.341792428881	-0.0	-0.0	0.0168131410133	0.380699763261	0.000388927751408	36.3403526182	42.6224347175
3.71630578878	5.24057338735	0.343184269566	-0.0	-0.0	0.01672814476	0.380752390586	0.000387491766859	36.1158368832	42.1997610229
3.70790985418	5.2421875	0.349273200837	-0.0	-0.0	0.01636665716	0.3809762053	0.000381461353633	35.1672130886	40.4185272526
3.69907202828	5.23514696685	0.355405760001	-0.0	-0.0	0.01601647492	0.381192941541	0.000375685191329	34.2588798843	38.7238624198
3.69509500663	5.23216520651	0.361144475201	-0.0	-0.0	0.0157008088667	0.381388247841	0.000370052799892	33.4486854181	37.2217637551
3.68581528944	5.22455371124	0.367089090942	-0.0	-0.0	0.0153861453067	0.381582871795	0.000364954946143	32.6494771214	35.7475554606
3.67830313743	5.21919096896	0.373437934139	-0.0	-0.0	0.0150615938533	0.381783547406	0.000359503031731	31.8352708185	34.255621845
3.66902342024	5.2141959799	0.38019698164	-0.0	-0.0	0.0147288175867	0.381989237247	0.000354052673847	31.0100137662	32.7542025238
3.66504639859	5.21610569361	0.387458160697	-0.0	-0.0	0.01438135024	0.382203942198	0.000347769159934	30.1568842059	31.2223507607
3.65930181175	5.21410579345	0.395547585115	-0.0	-0.0	0.0140122525067	0.38243192006	0.000341250059169	29.263603378	29.6273297323
3.64604507291	5.20372122359	0.404406824242	-0.0	-0.0	0.0136243910667	0.382671411641	0.000335057405105	28.3381714166	27.9929690767
3.62660185594	5.19038583175	0.4142474649	-0.0	-0.0	0.0132094509467	0.382927508341	0.000328897640306	27.3638561746	26.2977728784
3.61688024746	5.18567807351	0.424943091492	-0.0	-0.0	0.01277572772	0.38319509354	0.000321460331949	26.3615555597	24.5843146185
3.60362350862	5.18340750159	0.436786770243	-0.0	-0.0	0.01231776044	0.383477505333	0.000313854799715	25.3214097707	22.8355375503
3.59787892179	5.17615262321	0.450014547946	-0.0	-0.0	0.01182521716	0.383781094573	0.000305005864192	24.229360265	21.0404077818
3.57711003093	5.1586998088	0.464780371959	-0.0	-0.0	0.0113024593733	0.38410314362	0.000296867306015	23.097719264	19.2204667596
3.56959787892	5.14818355641	0.477329746427	-0.0	-0.0	0.0108728496533	0.384367682068	0.000289390676509	22.1886474613	17.7995390564
3.57092355281	5.14913957935	0.476873724432	-0.0	-0.0	0.0108816798667	0.384362245879	0.00028945279643	22.2075706854	17.8385856608
3.57092355281	5.14913957935	0.476718613002	-0.0	-0.0	0.0108864721867	0.384359295539	0.000289539978809	22.2173321931	17.854553375
3.57092355281	5.14945825366	0.476304023183	-0.0	-0.0	0.0108968437467	0.384352910351	0.000289732112234	22.2388810637	17.893625754
3.57048166151	5.15078100096	0.475722000116	-0.0	-0.0	0.0109103873067	0.38434457334	0.000290023546724	22.2674469208	17.9472214413
3.57048166151	5.15210459184	0.474997756104	-0.0	-0.0	0.0109278105333	0.384333845444	0.000290350507721	22.3040100854	18.0148958334
3.57092355281	5.15274234694	0.473443075567	-0.0	-0.0	0.0109653968133	0.384310704409	0.000291021769467	22.3830679665	18.1612459788
3.58108705259	5.16443594646	0.459481602018	-0.0	-0.0	0.01131748792	0.384093887516	0.000296808837039	23.1305288978	19.5456740359
3.58904109589	5.17527087317	0.445540215583	-0.0	-0.0	0.0117002902933	0.383858075074	0.000303361101828	23.9572645576	21.0726199525
3.59522757402	5.18132568515	0.433290282737	-0.0	-0.0	0.01206754608	0.383631748817	0.00030974503111	24.7632560407	22.5550047325
3.59876270437	5.18833652008	0.422185228071	-0.0	-0.0	0.0124285490533	0.383409197877	0.000316229435256	25.5674247277	24.0297207733
3.60804242156	5.19547914677	0.411898543275	-0.0	-0.0	0.01279275704	0.383184594273	0.000322251452294	26.3899439268	25.5290973661
3.6217410517	5.20820089002	0.402271654998	-0.0	-0.0	0.0131643214933	0.382955360418	0.000327997502858	27.2404367244	27.068978179
3.63234644278	5.21911718006	0.393371148296	-0.0	-0.0	0.0135363507067	0.38272575908	0.000334018693042	28.103599689	28.6249244347
3.63941670349	5.22130627774	0.385588108349	-0.0	-0.0	0.01388941736	0.382507781651	0.000339992702269	28.9330242279	30.1101504967
3.64383561644	5.22630744849	0.378390720634	-0.0	-0.0	0.0142436939733	0.382288983525	0.000346230104127	29.7750324682	31.6062704914
3.65311533363	5.23337555415	0.371881437688	-0.0	-0.0	0.0145923324	0.3820735845	0.00035187083056	30.6126044745	33.0807795877
3.65930181175	5.24026590693	0.36574227994	-0.0	-0.0	0.0149523432267	0.381851084251	0.000357991050872	31.486336961	34.6011499437
3.66858152894	5.24596901676	0.360161072554	-0.0	-0.0	0.01531051036	0.381629651519	0.000363742789066	32.3634831704	36.1108233462
3.67432611578	5.24842171717	0.355330129823	-0.0	-0.0	0.0156541339733	0.381417127614	0.000369550267617	33.2124248452	37.5487467353
3.67874502872	5.25276112338	0.350856160805	-0.0	-0.0	0.0160203404533	0.381190553854	0.000375867787235	34.1209921899	39.0479017858
3.68714096332	5.25748502994	0.347225456216	-0.0	-0.0	0.0163805580933	0.38096760403	0.000381625932883	35.017482728	40.4706701349
3.69244365886	5.25739458779	0.344531665963	-0.0	-0.0	0.0167494498533	0.380739205956	0.000387765618055	35.9312499074	41.8311073449
3.69818824569	5.25533919598	0.34272945166	-0.0	-0.0	0.0171536889067	0.380488833205	0.000394378379828	36.925530978	43.1990313365
3.69863013699	5.25667609174	0.342561830936	-0.0	-0.0	0.0172135081733	0.380451766143	0.00039538898704	37.0717476252	43.3897804075
3.6977463544	5.25604775369	0.342643973963	-0.0	-0.0	0.0172105263333	0.380453612193	0.000395424597393	37.0635631962	43.3705527475
3.69597878922	5.25581395349	0.342772830385	-0.0	-0.0	0.0172006025333	0.380459754534	0.00039542706914	37.0375575313	43.3250009281
3.69509500663	5.25549968573	0.342957842267	-0.0	-0.0	0.01718904456	0.380466914444	0.000395302089515	37.0070013899	43.2675731073
3.69642068051	5.25581395349	0.343055279611	-0.0	-0.0	0.0171828699867	0.380470747687	0.000395042469742	36.9905969575	43.2369821345
3.69553689792	5.25487115022	0.343291333343	-0.0	-0.0	0.01716859528	0.380479591222	0.000394864922472	36.9527824797	43.1651759339
3.69376933274	5.25495127318	0.343591790378	-0.0	-0.0	0.0171501267867	0.380491025459	0.000394702672329	36.9039434486	43.0730568803
3.69111798498	5.25582127124	0.345016086612	-0.0	-0.0	0.01706294408	0.380545040839	0.0003933278259	36.6736514803	42.6393984897
3.68758285462	5.25346347607	0.350387776634	-0.0	-0.0	0.01674356016	0.380742843612	0.000387626227965	35.8352751599	41.0619133021
3.68228015908	5.25346784363	0.356305765247	-0.0	-0.0	0.0164037507733	0.380953244032	0.000381718381374	34.9526834854	39.4114610023
3.67653557225	5.25197347648	0.361978546576	-0.0	-0.0	0.0160906825333	0.381147020387	0.000376373673841	34.1487273222	37.9144366038
3.66769774635	5.2439178515	0.367824508649	-0.0	-0.0	0.0157808553067	0.38133872819	0.000371402610905	33.361631867	36.4539243953
3.65841802916	5.23624288425	0.37380105911	-0.0	-0.0	0.0154743623067	0.381528314484	0.000366530850982	32.5918624642	35.0348449637
3.65488289881	5.232521354	0.380239818155	-0.0	-0.0	0.0151550994533	0.381725738003	0.000360839842945	31.7990331036	33.5836452731
3.64781263809	5.22767574414	0.387029066441	-0.0	-0.0	0.0148316887067	0.381925662213	0.00035542543638	31.0053375311	32.1388070765
3.63985859479	5.22155309033	0.394377113874	-0.0	-0.0	0.0144959934	0.382133112045	0.000349843365489	30.1907831816	30.6653015175
3.63367211666	5.21401395054	0.402000833926	-0.0	-0.0	0.0141610572533	0.382340023347	0.000344100946267	29.3882820785	29.2253080834
3.62527618206	5.20895522388	0.41068847874	-0.0	-0.0	0.0137938848667	0.382566761982	0.000337946372188	28.5203507433	27.6835136424
3.60715863897	5.19681528662	0.420173309238	-0.0	-0.0	0.0134071160933	0.382805527123	0.000332328417098	27.6204926664	26.1066562666
3.59832081308	5.19693584424	0.43076049556	-0.0	-0.0	0.0129895113467	0.383063216655	0.000325271534553	26.6644384769	24.4613708099
3.58594785683	5.18696069032	0.441764757319	-0.0	-0.0	0.0125746587867	0.383319101378	0.000318571971817	25.729958215	22.8773205145
3.58241272647	5.18420211065	0.454482486487	-0.0	-0.0	0.0121117381733	0.383604509612	0.00031015329106	24.7057408744	21.180191133
3.57269111798	5.17114523353	0.46905016108	-0.0	-0.0	0.0115982158533	0.383920961194	0.000301312284056	23.5931277388	19.3902770089
3.55678303137	5.14907229687	0.484676954285	-0.0	-0.0	0.0110636225333	0.384250224914	0.000292544178243	22.4594018336	17.6309305922
3.538223597	5.1393258427	0.504554138067	-0.0	-0.0	0.0104102220533	0.384652422786	0.000281815668898	21.1138279507	15.6200023841
3.50287229342	5.11817888279	0.529181782629	-0.0	-0.0	0.00965482125333	0.385117083227	0.000270542860777	19.6111348829	13.4572138596
3.48387096774	5.09864165589	0.555041922174	-0.0	-0.0	0.00892951114667	0.385562902322	0.000258512101635	18.2182738962	11.5251839246
