# C		CN		K0		e_x		e_y		e_z		n		overlap		p		q
3.32920901458	5.12351139843	0.735869807777	-0.0	-0.0	1.87240000048e-07	0.390659033093	0.000122033588486	5.58869211279	1.79162357484
3.36190897039	5.12095687332	0.652111309031	-0.0	-0.0	0.000531443826667	0.390335230687	0.000130471432805	6.20402630545	2.81002873579
3.39902783915	5.118254497	0.570715583091	-0.0	-0.0	0.00134984762667	0.389836074496	0.000143638273372	7.20993913197	4.33604576943
3.42951833849	5.12017167382	0.523427300083	-0.0	-0.0	0.00212068413333	0.389365556544	0.000155947099333	8.2119064395	5.73597717642
3.45161290323	5.11938340439	0.492986656773	-0.0	-0.0	0.00286652962667	0.38890994771	0.000167965088881	9.22625097279	7.06630696283
3.46089262042	5.11466840902	0.47103215032	-0.0	-0.0	0.00361248325333	0.388453932808	0.000180567039601	10.2876693197	8.40628137254
3.47193990278	5.111328125	0.454834737509	-0.0	-0.0	0.00433858268	0.38800972831	0.00019265819408	11.3625198333	9.73118833681
3.49005744587	5.10880829016	0.442720752569	-0.0	-0.0	0.00503626472	0.387582604708	0.000203820344133	12.432982738	11.0244363105
3.50552364118	5.10892684499	0.432932386222	-0.0	-0.0	0.00572674384	0.387159597262	0.000215024195126	13.5297378295	12.3357430709
3.51701281485	5.110218509	0.424888447173	-0.0	-0.0	0.00641326198667	0.386738726753	0.000226353488029	14.6553747221	13.6694463091
3.53026955369	5.12451861361	0.418374057611	-0.0	-0.0	0.00707321445333	0.386333869885	0.000237039396673	15.7675884234	14.9789267237
3.55280600972	5.13354632588	0.412833987434	-0.0	-0.0	0.00772982676	0.385930799628	0.000246992116153	16.9040999028	16.3099420145
3.55855059655	5.14053018205	0.408198108695	-0.0	-0.0	0.00836371930667	0.385541419545	0.000257704101966	18.0312714701	17.6243604613
3.57445868316	5.15328234544	0.404157185064	-0.0	-0.0	0.00898968749333	0.385156667613	0.000267513885988	19.1724074632	18.9520275136
3.59169244366	5.15909812639	0.40073388553	-0.0	-0.0	0.00960245564	0.384779795748	0.000276938961777	20.3140289229	20.2726510751
3.60848431286	5.16582278481	0.397654881248	-0.0	-0.0	0.01020852716	0.384406815289	0.000286268965151	21.4690003703	21.6092195024
3.63234644278	5.17485822306	0.394946219377	-0.0	-0.0	0.0108068733867	0.384038367211	0.000294847444653	22.6326549637	22.9521726917
3.63632346443	5.17941454202	0.392665004097	-0.0	-0.0	0.0114085767867	0.383667629476	0.00030507829456	23.827240826	24.3167097562
3.65665046399	5.1891468005	0.389916860193	-0.0	-0.0	0.0121410528933	0.38321602211	0.000316240704606	25.3154391005	26.0325260644
3.66681396376	5.19248826291	0.388012042446	-0.0	-0.0	0.0127213886267	0.382857969693	0.000325553927164	26.5192594508	27.4142691507
3.67786124613	5.19681349578	0.386414661297	-0.0	-0.0	0.0132863232	0.382509226325	0.000334471539691	27.7107032705	28.7724504021
3.6893504198	5.19676214197	0.38480983619	-0.0	-0.0	0.0138520024667	0.382159831507	0.000343357336312	28.9256124204	30.1670791543
3.69642068051	5.20062208398	0.383409578752	-0.0	-0.0	0.01442276032	0.381807095957	0.000352686332404	30.1678907102	31.5842722707
3.7057003977	5.20590062112	0.38195314706	-0.0	-0.0	0.0150851648267	0.38139745857	0.000363351834592	31.6313370159	33.2494674385
3.71365444101	5.2041511772	0.380705190281	-0.0	-0.0	0.0156255701333	0.381063080676	0.000372069979334	32.8515522953	34.6508616939
3.7229341582	5.21101485149	0.379602228152	-0.0	-0.0	0.0161585611733	0.380733096363	0.000380519339032	34.0710461082	36.0462952687
3.72602739726	5.21627475248	0.37858770671	-0.0	-0.0	0.01669558644	0.380400449888	0.000389661434583	35.3156889409	37.4674089216
3.72646928856	5.21373337457	0.378225730663	-0.0	-0.0	0.0169151308667	0.380264400514	0.000393477177985	35.8291176973	38.0499386993
3.72425983208	5.21287128713	0.378464139789	-0.0	-0.0	0.0169067821467	0.380269574491	0.000393539720355	35.8061739609	38.0006766224
3.7224922669	5.21163366337	0.378591033842	-0.0	-0.0	0.0168967420667	0.380275796603	0.000393534954854	35.7805343271	37.960229484
3.72337604949	5.21386567626	0.378841679064	-0.0	-0.0	0.01688252576	0.38028460673	0.000393167907183	35.7437882671	37.895138623
3.72337604949	5.21355617456	0.379024852994	-0.0	-0.0	0.0168722147467	0.380290990399	0.000392969324357	35.7171394135	37.8478307338
3.72558550597	5.21541318477	0.379319866614	-0.0	-0.0	0.0168547711067	0.380301806477	0.000392400540527	35.6720967428	37.7694669569
3.72116659302	5.21200866605	0.379623259751	-0.0	-0.0	0.01683766904	0.38031240226	0.000392536354943	35.6279135078	37.6912421292
3.72116659302	5.21231816775	0.380057095786	-0.0	-0.0	0.0168131410133	0.380327604034	0.000392063840429	35.5646085212	37.5794254704
3.72028281043	5.21046115754	0.381551010099	-0.0	-0.0	0.01672814476	0.380380271627	0.000390519157157	35.3454629472	37.1947265788
3.71674768007	5.20773993808	0.388069957091	-0.0	-0.0	0.01636665716	0.380604215997	0.000383907638704	34.4199433812	35.5759091871
3.70658418029	5.20415761713	0.394616427195	-0.0	-0.0	0.01601647492	0.380821079427	0.000378185742364	33.5336713573	34.0381639971
3.70393283252	5.2049689441	0.40068744555	-0.0	-0.0	0.0157008088667	0.381016498978	0.000372390044417	32.7442679525	32.6817881728
3.70039770217	5.20105655687	0.406904446104	-0.0	-0.0	0.0153861453067	0.381211243257	0.000366720410901	31.96653275	31.3581136287
3.68846663721	5.19259489732	0.413534934197	-0.0	-0.0	0.0150615938533	0.381412036857	0.000361593940557	31.1706365334	30.0160761041
3.68228015908	5.19227173574	0.420401775978	-0.0	-0.0	0.0147288175867	0.381617849055	0.000355795779091	30.3667489838	28.683963199
3.67476800707	5.18261140542	0.427654226008	-0.0	-0.0	0.01438135024	0.381832684588	0.000349878354734	29.5392936865	27.3378098771
3.66725585506	5.18400499844	0.435628497663	-0.0	-0.0	0.0140122525067	0.382060808935	0.000343543045392	28.6717559074	25.942222789
3.66018559434	5.17693029072	0.4443330911	-0.0	-0.0	0.0136243910667	0.382300437246	0.000336780088346	27.772382523	24.5128452473
3.64825452939	5.16651017214	0.453980038814	-0.0	-0.0	0.0132094509467	0.382556692407	0.000329937186864	26.8261518862	23.0313221699
3.622182943	5.15534591195	0.464472421775	-0.0	-0.0	0.01277572772	0.382824433844	0.000323982770866	25.8536228842	21.5330076925
3.60627485639	5.14213677907	0.475806691138	-0.0	-0.0	0.01231776044	0.383107015348	0.000316680348532	24.8470498329	20.0213690667
3.59301811754	5.13194444444	0.488425913373	-0.0	-0.0	0.01182521716	0.383410787025	0.000308410964251	23.782672194	18.4635974846
3.57313300928	5.12131770668	0.502391303804	-0.0	-0.0	0.0113024593733	0.383733029603	0.000300105824943	22.6792163796	16.8876793682
3.5634114008	5.11516497462	0.514492250479	-0.0	-0.0	0.0108728496533	0.383997727021	0.000292715627563	21.7893583073	15.6416704666
3.5629695095	5.11453045685	0.513977932118	-0.0	-0.0	0.0108816798667	0.383992287566	0.000292921354962	21.8077582306	15.6794118718
3.5634114008	5.1154822335	0.513835557564	-0.0	-0.0	0.0108864721867	0.383989335452	0.000292972432114	21.8173062924	15.6930753759
3.56385329209	5.1174230403	0.513459716854	-0.0	-0.0	0.0108968437467	0.383982948458	0.000293126471194	21.8379789156	15.7259182604
3.5629695095	5.11714285714	0.512876587421	-0.0	-0.0	0.0109103873067	0.383974604797	0.000293454800877	21.8656486448	15.7737914742
3.5634114008	5.11777777778	0.512148183555	-0.0	-0.0	0.0109278105333	0.383963871291	0.000293745311915	21.9011159684	15.834389738
3.55987627044	5.11721728081	0.510604820193	-0.0	-0.0	0.0109653968133	0.383940715122	0.000294741394543	21.9776920682	15.9643656153
3.57401679187	5.1284490961	0.496693409754	-0.0	-0.0	0.01131748792	0.383723767936	0.000300174914729	22.7019028065	17.1958856884
3.58594785683	5.14167987322	0.482807177389	-0.0	-0.0	0.0117002902933	0.383487811965	0.000306369424085	23.5030638001	18.5523918422
3.59125055236	5.14729173266	0.470567779879	-0.0	-0.0	0.01206754608	0.383261351522	0.000312832584738	24.2846100464	19.8704128834
3.60185594344	5.15664556962	0.459577601289	-0.0	-0.0	0.0124285490533	0.383038672891	0.000318691042203	25.0638976738	21.1735221056
3.61599646487	5.16877370417	0.449452064578	-0.0	-0.0	0.01279275704	0.382813924438	0.000324287134371	25.8612022084	22.4937603717
3.62306672559	5.1771392485	0.439951089268	-0.0	-0.0	0.0131643214933	0.382584559972	0.000330653253967	26.6863410303	23.8506924393
3.63102076889	5.18629617935	0.431215285478	-0.0	-0.0	0.0135363507067	0.382354817344	0.000336941588246	27.524069	25.2174818855
3.64339372514	5.19672131148	0.423588946188	-0.0	-0.0	0.01388941736	0.382136708925	0.000342441851594	28.3289889915	26.5201458919
3.64781263809	5.19974795211	0.416554106871	-0.0	-0.0	0.0142436939733	0.381917778621	0.000348659749643	29.1453573555	27.829353868
3.65488289881	5.20333648096	0.410213165959	-0.0	-0.0	0.0145923324	0.381702250849	0.000354514394937	29.9579672556	29.1175990242
3.66769774635	5.20709130844	0.404234705334	-0.0	-0.0	0.0149523432267	0.381479616893	0.000360004538386	30.8048946722	30.4442315307
3.67123287671	5.21141781681	0.398873267898	-0.0	-0.0	0.01531051036	0.381258043542	0.000366359775695	31.6559159945	31.7551172336
3.68272205038	5.20756486402	0.394191717865	-0.0	-0.0	0.0156541339733	0.381045392662	0.000371626336721	32.47926561	33.0066937175
3.69376933274	5.21334996881	0.389836572681	-0.0	-0.0	0.0160203404533	0.380818689906	0.000377321982499	33.3624840693	34.3151229932
3.69951391958	5.22052401747	0.386317924128	-0.0	-0.0	0.0163805580933	0.380595605757	0.000383384195097	34.2335664744	35.5547240442
3.70702607159	5.22530383297	0.383731908102	-0.0	-0.0	0.0167494498533	0.38036707043	0.000389355016873	35.1237042033	36.7401323376
3.71277065842	5.22713130056	0.381852174177	-0.0	-0.0	0.0171536889067	0.380116539968	0.000396042579813	36.093722459	37.9506736796
3.71321254971	5.22744243933	0.381595130346	-0.0	-0.0	0.0172135081733	0.380079458258	0.000397070789872	36.2377005162	38.1290169822
3.71144498453	5.22720199191	0.381689877577	-0.0	-0.0	0.0172105263333	0.380081306386	0.000397198838353	36.2294485587	38.1103980153
3.71144498453	5.2268907563	0.38188757232	-0.0	-0.0	0.0172006025333	0.380087458304	0.00039700736215	36.2036821609	38.0625828742
3.71144498453	5.22626828509	0.382062850802	-0.0	-0.0	0.01718904456	0.38009461794	0.000396787723053	36.1741287783	38.0131721764
3.71188687583	5.2265795207	0.382173919031	-0.0	-0.0	0.0171828699867	0.380098450835	0.000396622487947	36.1582076083	37.9848291015
3.71100309324	5.22727272727	0.382432594342	-0.0	-0.0	0.01716859528	0.380107299685	0.000396444049683	36.1213737486	37.9191281313
3.70879363677	5.22509339975	0.382755836882	-0.0	-0.0	0.0171501267867	0.380118748063	0.000396326589432	36.0738362436	37.8355439845
3.70702607159	5.22492211838	0.384303031044	-0.0	-0.0	0.01706294408	0.380172788633	0.000394845747165	35.8497556145	37.4406483323
3.69863013699	5.21920798254	0.390080814876	-0.0	-0.0	0.01674356016	0.380370719868	0.000389613158436	35.0340581171	36.0101192295
3.6889085285	5.21361648969	0.396441523317	-0.0	-0.0	0.0164037507733	0.380581239943	0.000384129364427	34.175663349	34.5148190496
3.68272205038	5.21006564551	0.402478064506	-0.0	-0.0	0.0160906825333	0.380775129932	0.000378787277606	33.393622309	33.1643880665
3.67123287671	5.20721003135	0.408628417935	-0.0	-0.0	0.0157808553067	0.380966952939	0.00037405616672	32.6283083569	31.8537049122
3.66106937693	5.20483820295	0.41493294335	-0.0	-0.0	0.0154743623067	0.381156647139	0.000369244832948	31.879393011	30.5786059607
3.6557666814	5.20220125786	0.421682148866	-0.0	-0.0	0.0151550994533	0.381354189563	0.000363693462078	31.1082096947	29.2786938622
3.64648696421	5.19521410579	0.428683012619	-0.0	-0.0	0.0148316887067	0.381554237575	0.00035845682749	30.3368151803	27.9943817536
3.63809102961	5.19369085174	0.436106864018	-0.0	-0.0	0.0144959934	0.381761814167	0.000352896990465	29.5462729188	26.6971771063
3.63102076889	5.19216182048	0.44368977896	-0.0	-0.0	0.0141610572533	0.381968849809	0.000347231155424	28.7679303446	25.4382754466
3.62306672559	5.1843769766	0.452256743311	-0.0	-0.0	0.0137938848667	0.382195732126	0.000341027059121	27.9262992886	24.0950388019
3.6133451171	5.17304650427	0.461550937054	-0.0	-0.0	0.0134071160933	0.382434633322	0.00033460928944	27.052397244	22.7231923736
3.60141405214	5.1602279924	0.471900072064	-0.0	-0.0	0.0129895113467	0.382692477709	0.000327812201228	26.1240674953	21.2924948123
3.59301811754	5.1504592968	0.482449524703	-0.0	-0.0	0.0125746587867	0.382948516202	0.000320764366234	25.2177580868	19.9269209596
3.58329650906	5.13977812995	0.494547313441	-0.0	-0.0	0.0121117381733	0.383234095948	0.000312939164383	24.2252302414	18.4677604713
3.57622624834	5.13094483196	0.508635782357	-0.0	-0.0	0.0115982158533	0.383550737697	0.000303930031507	23.1448042919	16.9127382535
3.55899248785	5.11983471074	0.52381503673	-0.0	-0.0	0.0110636225333	0.383880199283	0.000295339031215	22.0436868759	15.3790555648
3.53468846664	5.09719566603	0.543284277311	-0.0	-0.0	0.0104102220533	0.384282640765	0.000285041504796	20.730034351	13.6123961981
3.50508174989	5.08528374479	0.56754565041	-0.0	-0.0	0.00965482125333	0.3847475728	0.00027314844775	19.2586346877	11.7022822415
3.47370746796	5.06219787303	0.59258120333	-0.0	-0.0	0.00892951114667	0.385193665525	0.000261926580809	17.8972488286	10.0107098116
