# C		CN		K0		e_x		e_y		e_z		n		overlap		p		q
3.35086168802	5.1247464503	0.735622631104	-0.0	-0.0	1.87240000048e-07	0.390778608547	0.000118212210021	5.59030969588	1.79417809068
3.41493592576	5.13948069241	0.636761918	-0.0	-0.0	0.000531443826667	0.390454869684	0.000125500141363	6.222810584	2.98263217484
3.44277507733	5.1539225422	0.550340578436	-0.0	-0.0	0.00134984762667	0.389955811445	0.000138697210016	7.24462458227	4.65222485829
3.45293857711	5.15785997358	0.505417545365	-0.0	-0.0	0.00212068413333	0.389485385827	0.000151439395929	8.25027609463	6.08768240783
3.48298718515	5.16590163934	0.477831469247	-0.0	-0.0	0.00286652962667	0.389029866401	0.00016266043015	9.26047365766	7.41773210821
3.51789659744	5.17800195249	0.458302664865	-0.0	-0.0	0.00361248325333	0.388573940985	0.000173472996634	10.3098537762	8.74173763826
3.5298276624	5.1817591691	0.444023871436	-0.0	-0.0	0.00433858268	0.388129823657	0.000184951646597	11.3694222817	10.04391029
3.54882898807	5.19411193788	0.433219287684	-0.0	-0.0	0.00503626472	0.387702783873	0.000195549536079	12.4237719682	11.3181667246
3.56208572691	5.19703321509	0.424507455317	-0.0	-0.0	0.00572674384	0.387279859436	0.000206301372518	13.5021594575	12.6073490164
3.58197083517	5.20205589464	0.417443177035	-0.0	-0.0	0.00641326198667	0.386859071518	0.000216514562054	14.6068093244	13.9125179303
3.59213433495	5.2014089017	0.411724030621	-0.0	-0.0	0.00707321445333	0.386454294098	0.000226833579847	15.6994593396	15.1947535957
3.60936809545	5.20503826531	0.40687096311	-0.0	-0.0	0.00772982676	0.386051300146	0.000236579288346	16.8148051736	16.4963091837
3.6305788776	5.21473951715	0.402824903957	-0.0	-0.0	0.00836371930667	0.385661999266	0.000245624683799	17.917994835	17.7778330653
3.65709235528	5.22425773847	0.399441265125	-0.0	-0.0	0.00898968749333	0.38527732809	0.000254127549938	19.0325626205	19.062120294
3.67079098542	5.23321777498	0.396461086281	-0.0	-0.0	0.00960245564	0.384900524928	0.000263281625767	20.1497583545	20.3486187885
3.68537339814	5.24410191884	0.393751853342	-0.0	-0.0	0.01020852716	0.384527617662	0.000272243589386	21.2800669589	21.6519850108
3.69863013699	5.24945089426	0.391345083158	-0.0	-0.0	0.0108068733867	0.384159241887	0.000281131289582	22.4191203381	22.9633417229
3.70702607159	5.25548589342	0.389166355345	-0.0	-0.0	0.0114085767867	0.383788576905	0.000290424482076	23.5874791966	24.3059565838
3.72691117985	5.26679162762	0.386741048936	-0.0	-0.0	0.0121410528933	0.383337051415	0.000300987512101	25.0436868066	25.9798479842
3.74105170128	5.2722741433	0.384920657197	-0.0	-0.0	0.0127213886267	0.382979076008	0.000309467065243	26.2235030241	27.3406460933
3.74237737517	5.27148194271	0.383318152058	-0.0	-0.0	0.0132863232	0.382630401075	0.000318751281194	27.3924210617	28.6857155611
3.75165709236	5.28268991283	0.381923035646	-0.0	-0.0	0.0138520024667	0.382281069098	0.000327338816658	28.5801088539	30.0446403042
3.76623950508	5.28465116279	0.380559148453	-0.0	-0.0	0.01442276032	0.381928400532	0.000335549670314	29.7993967062	31.444163127
3.77507733098	5.2898730257	0.379086039033	-0.0	-0.0	0.0150851648267	0.381518855385	0.00034577242284	31.239955884	33.0979970454
3.78656650464	5.2935723115	0.378014403391	-0.0	-0.0	0.0156255701333	0.381184535418	0.00035370751544	32.4344158187	34.464820957
3.79098541759	5.29873339512	0.377279981032	-0.0	-0.0	0.0161585611733	0.380854622651	0.000362081262492	33.624501004	35.8015405954
3.80247459125	5.30434782609	0.376392170906	-0.0	-0.0	0.01669558644	0.380522033649	0.000369911904507	34.8439434354	37.1904667411
3.80556783031	5.30989824237	0.376082085103	-0.0	-0.0	0.0169151308667	0.380386015783	0.000373261675961	35.3466382482	37.7591344625
3.80380026513	5.31070657205	0.376289724842	-0.0	-0.0	0.0169067821467	0.38039118624	0.000373275847579	35.3245324862	37.7140229747
3.80468404772	5.31101511879	0.37651149738	-0.0	-0.0	0.0168967420667	0.380397401441	0.000373000140489	35.2982649596	37.6630468007
3.80468404772	5.31101511879	0.376850655131	-0.0	-0.0	0.01688252576	0.380406218034	0.000372730212088	35.2606961853	37.5879511505
3.80335837384	5.31008947856	0.377091881373	-0.0	-0.0	0.0168722147467	0.38041260277	0.000372663903908	35.2335704618	37.5341698315
3.80424215643	5.30906847625	0.377502362831	-0.0	-0.0	0.0168547711067	0.380423407249	0.000372246499049	35.1876792155	37.4430567317
3.80512593902	5.30835646007	0.377906215396	-0.0	-0.0	0.01683766904	0.380434008405	0.000371835376037	35.14263884	37.3536776711
3.80203269996	5.30690931524	0.378482883396	-0.0	-0.0	0.0168131410133	0.3804492069	0.000371670582126	35.078129402	37.226094419
3.7984975696	5.30657610374	0.380510060684	-0.0	-0.0	0.01672814476	0.38050185734	0.000370395504225	34.8550027972	36.7837765833
3.78303137428	5.29437229437	0.38936530923	-0.0	-0.0	0.01636665716	0.380725763406	0.000364995411821	33.9124396103	34.9262196193
3.76889085285	5.29534161491	0.398331474511	-0.0	-0.0	0.01601647492	0.380942585455	0.000359690291894	33.0113013542	33.1645860806
3.75916924437	5.29514321295	0.406703602726	-0.0	-0.0	0.0157008088667	0.381137970026	0.000354588764444	32.2080774923	31.6127612406
3.74458683164	5.28705148206	0.415348633526	-0.0	-0.0	0.0153861453067	0.381332672721	0.000349941342489	31.4161494675	30.0991786782
3.73398144057	5.28526743822	0.42453363981	-0.0	-0.0	0.0150615938533	0.381533429522	0.000344768130306	30.6105359245	28.5798151632
3.72823685373	5.28146524734	0.434279815794	-0.0	-0.0	0.0147288175867	0.381739206277	0.000338986655672	29.7945135517	27.0615249466
3.71939902784	5.27854454203	0.444809471913	-0.0	-0.0	0.01438135024	0.381953991579	0.000333185026334	28.9533498717	25.5204240903
3.71011931065	5.26764982742	0.45634223367	-0.0	-0.0	0.0140122525067	0.382182066729	0.000327020929644	28.0736105849	23.9387677644
3.6977463544	5.25636192271	0.468814632451	-0.0	-0.0	0.0136243910667	0.382421652969	0.000320780142775	27.1651476558	22.3413155501
3.68714096332	5.2465408805	0.482546511982	-0.0	-0.0	0.0132094509467	0.382677857844	0.000313880192604	26.2103107443	20.7053048654
3.66858152894	5.23596214511	0.497356467172	-0.0	-0.0	0.01277572772	0.382945540208	0.000307132817517	25.2226471237	19.067406
3.64869642068	5.21871049305	0.513429267485	-0.0	-0.0	0.01231776044	0.383228067079	0.000300195398278	24.2111429992	17.4364910736
3.63985859479	5.21069281873	0.531446123899	-0.0	-0.0	0.01182521716	0.383531784856	0.000291716086678	23.1482173871	15.7732722004
3.61732213875	5.19682539683	0.551301991455	-0.0	-0.0	0.0113024593733	0.383853964198	0.000283753604957	22.0470329858	14.1145834529
3.59920459567	5.18662420382	0.568232824833	-0.0	-0.0	0.0108728496533	0.384118609673	0.000277184379675	21.1643711345	12.8315857646
3.60008837826	5.18757961783	0.567627131042	-0.0	-0.0	0.0108816798667	0.384113174371	0.000277281949544	21.1824327951	12.8678482021
3.60008837826	5.18757961783	0.567341550287	-0.0	-0.0	0.0108864721867	0.384110219751	0.000277369382706	21.191996834	12.8856079304
3.60008837826	5.18757961783	0.566672667665	-0.0	-0.0	0.0108968437467	0.38410383198	0.000277561340426	21.2129625465	12.9263973145
3.60053026955	5.18821656051	0.565791270463	-0.0	-0.0	0.0109103873067	0.384095490496	0.000277779725143	21.2405013054	12.9802307574
3.60229783473	5.19044585987	0.564675221288	-0.0	-0.0	0.0109278105333	0.384084759359	0.000277965721301	21.2758344824	13.0489060224
3.60450729121	5.19267515924	0.562273644404	-0.0	-0.0	0.0109653968133	0.384061615543	0.000278492705189	21.3522361653	13.197780868
3.61688024746	5.20649061406	0.540931294378	-0.0	-0.0	0.01131748792	0.383844704349	0.000284054734076	22.0755344105	14.6035387674
3.62969509501	5.21671433111	0.51993076652	-0.0	-0.0	0.0117002902933	0.383608793488	0.000290145679801	22.8772097934	16.1520442321
3.64427750773	5.23223350254	0.501688901871	-0.0	-0.0	0.01206754608	0.383382384675	0.00029579916039	23.6606125332	17.655699976
3.65709235528	5.24603677869	0.485442039164	-0.0	-0.0	0.0124285490533	0.383159737698	0.00030145909695	24.4436865359	19.1452561379
3.66769774635	5.25467215711	0.470563546616	-0.0	-0.0	0.01279275704	0.382935044152	0.000307337671902	25.2460184512	20.6573220025
3.67962881131	5.26344086022	0.456868799795	-0.0	-0.0	0.0131643214933	0.382705716626	0.000313208290158	26.0764642355	22.2020113734
3.6893504198	5.27091885065	0.444431808748	-0.0	-0.0	0.0135363507067	0.382476022395	0.000319255197389	26.9199802128	23.7537817609
3.69951391958	5.28075709779	0.433767843474	-0.0	-0.0	0.01388941736	0.38225796215	0.000324884303811	27.730042643	25.2230390391
3.71056120194	5.29089190041	0.424065299902	-0.0	-0.0	0.0142436939733	0.382039066447	0.00033044527179	28.5529076874	26.6939095013
3.71851524525	5.29628463476	0.415411720708	-0.0	-0.0	0.0145923324	0.381823585585	0.000336143831479	29.3714654179	28.1352325525
3.72425983208	5.29915067631	0.40736816402	-0.0	-0.0	0.0149523432267	0.381600994738	0.000342220531799	30.2248273029	29.6112354505
3.72867874503	5.30304935555	0.400304358904	-0.0	-0.0	0.01531051036	0.381379467333	0.000348336474959	31.0790634769	31.0527968327
3.73574900574	5.30935929648	0.394377840561	-0.0	-0.0	0.0156541339733	0.381166862978	0.000353893613087	31.9025228164	32.4038799098
3.73884224481	5.31583909491	0.389130515474	-0.0	-0.0	0.0160203404533	0.380940192463	0.000360168720922	32.7805032497	33.7823448428
3.74591250552	5.31754000628	0.385173886729	-0.0	-0.0	0.0163805580933	0.380717161525	0.000365850101614	33.6400828494	35.0487091268
3.75342465753	5.3204887218	0.382436889359	-0.0	-0.0	0.0167494498533	0.380488665552	0.000371526272606	34.5130318697	36.2303110446
3.7649138312	5.32718173287	0.38056522477	-0.0	-0.0	0.0171536889067	0.380238184253	0.000377297007952	35.4627384566	37.4194656005
3.76579761379	5.32843290585	0.380305720378	-0.0	-0.0	0.0172135081733	0.38020111166	0.000378231646312	35.6039537204	37.5952909456
3.76358815731	5.32926447574	0.380409778557	-0.0	-0.0	0.0172105263333	0.380202957585	0.000378391424398	35.5955002694	37.5756115472
3.76226248343	5.32832550861	0.380652026732	-0.0	-0.0	0.0172006025333	0.380209100284	0.000378337884933	35.5694890719	37.5231481303
3.76270437472	5.32863849765	0.380921639903	-0.0	-0.0	0.01718904456	0.380216271782	0.000378076820954	35.5393349772	37.4635476415
3.76358815731	5.32926447574	0.381072002063	-0.0	-0.0	0.0171828699867	0.380220090425	0.000377871823575	35.5231685645	37.4310218947
3.76093680954	5.33020050125	0.381413458894	-0.0	-0.0	0.01716859528	0.380228945783	0.000377869323931	35.4858179853	37.3565592589
3.76049491825	5.32926065163	0.381855672481	-0.0	-0.0	0.0171501267867	0.380240385784	0.000377566637533	35.4375907073	37.2604265531
3.76005302696	5.3312441241	0.383953734517	-0.0	-0.0	0.01706294408	0.38029442188	0.00037597199612	35.2102146513	36.8081276131
3.74988952718	5.32110379429	0.391886674015	-0.0	-0.0	0.01674356016	0.380492305614	0.000370988896553	34.3835120345	35.1654629531
3.73884224481	5.31636820609	0.400723615503	-0.0	-0.0	0.0164037507733	0.380702792893	0.00036569327416	33.5142014026	33.4468905336
3.73486522316	5.31112507857	0.409212948558	-0.0	-0.0	0.0160906825333	0.380896644977	0.0003602068259	32.722785482	31.8938450787
3.72425983208	5.30604534005	0.417980573801	-0.0	-0.0	0.0157808553067	0.381088430341	0.000355418060526	31.9485781299	30.3841284473
3.71718957137	5.2993068683	0.426954256629	-0.0	-0.0	0.0154743623067	0.381278091993	0.000350348121581	31.1919143689	28.9243945354
3.70923552806	5.28994642294	0.436667726603	-0.0	-0.0	0.0151550994533	0.381475588527	0.000345120313631	30.4132651532	27.4367953227
3.70216526734	5.2825607064	0.446821818576	-0.0	-0.0	0.0148316887067	0.381675601825	0.000339724698418	29.6345385125	25.9708529103
3.69642068051	5.27665615142	0.457725437652	-0.0	-0.0	0.0144959934	0.381883135588	0.000333957164243	28.8367614752	24.4915321141
3.69023420239	5.27051767677	0.468934005925	-0.0	-0.0	0.0141610572533	0.382090130602	0.000328261104723	28.0521974501	23.0628216685
3.6805125939	5.26422250316	0.481552552366	-0.0	-0.0	0.0137938848667	0.382316961201	0.000322277344146	27.2053539858	21.5544439805
3.66548828988	5.25269157695	0.495221943913	-0.0	-0.0	0.0134071160933	0.382555822711	0.000316385566185	26.3282195189	20.0305683827
3.64869642068	5.23359746434	0.510451529094	-0.0	-0.0	0.0129895113467	0.382813616499	0.000310058596782	25.3976367794	18.4571558734
3.64074237738	5.22250396197	0.526004120057	-0.0	-0.0	0.0125746587867	0.383069604747	0.000303026990128	24.4904993672	16.971270735
3.62395050817	5.20965692503	0.54378247533	-0.0	-0.0	0.0121117381733	0.383355128452	0.000295820818121	23.4987409795	15.406281044
3.60273972603	5.1923566879	0.563794840955	-0.0	-0.0	0.0115982158533	0.383671708065	0.000288012693243	22.4222175814	13.7912216854
3.58020327	5.17337164751	0.58492403235	-0.0	-0.0	0.0110636225333	0.384001104998	0.000279934545024	21.3281939137	12.2397796477
3.55722492267	5.14641943734	0.611317764315	-0.0	-0.0	0.0104102220533	0.384403467505	0.000269652359263	20.0271691107	10.5067224438
3.52850198851	5.12451861361	0.64353442384	-0.0	-0.0	0.00965482125333	0.384868314024	0.000257850269034	18.5730830784	8.6844758967
3.49359257623	5.10264686895	0.676618197284	-0.0	-0.0	0.00892951114667	0.385314310711	0.000246996009883	17.2294312277	7.10300657814
