# C		CN		K0		e_x		e_y		e_z		n		overlap		p		q
3.30534688467	5.10970608339	0.735638120382	-0.0	-0.0	1.87240000048e-07	0.39092792171	0.00010699420379	5.58651450929	1.79283252737
3.33672116659	5.10938029123	0.627720227121	-0.0	-0.0	0.000531443826667	0.390604262192	0.000115534749737	6.29166353768	3.11547893241
3.36897923111	5.11924756466	0.532620788452	-0.0	-0.0	0.00134984762667	0.390105326266	0.00012875802679	7.44313542688	5.05330728303
3.3946089262	5.12312312312	0.482871591118	-0.0	-0.0	0.00212068413333	0.389635015944	0.000141060657648	8.5875468388	6.77738242678
3.41316836058	5.13027583915	0.452278410566	-0.0	-0.0	0.00286652962667	0.38917960816	0.00015302757062	9.74782364397	8.40997769227
3.43128590367	5.13732627399	0.430708147256	-0.0	-0.0	0.00361248325333	0.388723794487	0.00016490872974	10.9598921929	10.0558548092
3.45603181617	5.14516129032	0.415137875793	-0.0	-0.0	0.00433858268	0.388279786007	0.000176012196016	12.1891529919	11.6850817233
3.46663720725	5.1488173456	0.403619949701	-0.0	-0.0	0.00503626472	0.387852850885	0.00018728397393	13.4158227046	13.2814614518
3.48475475033	5.15032679739	0.394511338255	-0.0	-0.0	0.00572674384	0.387430030102	0.000197994255124	14.6728664361	14.8979457539
3.50950066284	5.16325203252	0.386996181035	-0.0	-0.0	0.00641326198667	0.387009348953	0.000208237448977	15.9664545289	16.5516455608
3.53247901016	5.17757615036	0.38074763197	-0.0	-0.0	0.00707321445333	0.386604667101	0.000218112386515	17.2533508956	18.1962085575
3.54308440124	5.18240620957	0.375523590697	-0.0	-0.0	0.00772982676	0.386201771918	0.000228650554231	18.5728770352	19.8709498258
3.55987627044	5.18788269417	0.371129630342	-0.0	-0.0	0.00836371930667	0.385812566451	0.000238370926848	19.8819272852	21.5292096478
3.56871409633	5.19035369775	0.367325321264	-0.0	-0.0	0.00898968749333	0.385427984302	0.000248456391274	21.2066587574	23.2039507336
3.58197083517	5.19595894804	0.364078889396	-0.0	-0.0	0.00960245564	0.385051278742	0.000257969754843	22.5338958121	24.8758190258
3.59920459567	5.20121366975	0.361138600447	-0.0	-0.0	0.01020852716	0.384678462871	0.000267067039518	23.8783096381	26.5722561498
3.60760053027	5.20772176133	0.358678498027	-0.0	-0.0	0.0108068733867	0.384310177679	0.000276659087913	25.2338384721	28.2696082876
3.62041537782	5.21030862234	0.356447347732	-0.0	-0.0	0.0114085767867	0.383939603244	0.000285958298393	26.6260400514	30.0110545147
3.6385329209	5.21584786054	0.353932361406	-0.0	-0.0	0.0121410528933	0.383488188418	0.000297052948429	28.3616525617	32.1867633644
3.64427750773	5.21670357482	0.35206869296	-0.0	-0.0	0.0127213886267	0.383130300747	0.000306532623352	29.7675122872	33.953782077
3.65709235528	5.22057431366	0.350389669532	-0.0	-0.0	0.0132863232	0.382781716491	0.00031511970634	31.1618008914	35.7066210355
3.66548828988	5.22996845426	0.348818892558	-0.0	-0.0	0.0138520024667	0.38243246635	0.000324124456479	32.5840532174	37.4958428325
3.67388422448	5.23597983617	0.347437816747	-0.0	-0.0	0.01442276032	0.38207988278	0.00033317043994	34.041615331	39.3201785125
3.69067609368	5.24011299435	0.34592710267	-0.0	-0.0	0.0150851648267	0.381670434114	0.000343004857915	35.7641899849	41.4794382818
3.6973044631	5.24318395487	0.344816513883	-0.0	-0.0	0.0156255701333	0.381336195231	0.000351658680541	37.1932583487	43.2669252989
3.71321254971	5.2496875	0.343814958232	-0.0	-0.0	0.0161585611733	0.381006365076	0.000359268517496	38.6224914552	45.0516447738
3.71895713654	5.25218476904	0.342896235622	-0.0	-0.0	0.01669558644	0.38067386058	0.000367918682972	40.0840251572	46.8729649791
3.7224922669	5.25553822153	0.34253600312	-0.0	-0.0	0.0169151308667	0.380537878369	0.000371345761824	40.6884502693	47.6261982429
3.72160848431	5.25530586767	0.342740043808	-0.0	-0.0	0.0169067821467	0.380543047746	0.000371268056333	40.6614959474	47.5683573626
3.72160848431	5.25530586767	0.342908658262	-0.0	-0.0	0.0168967420667	0.380549258387	0.000371079524711	40.6310578391	47.5110488842
3.72028281043	5.25436953808	0.343177669781	-0.0	-0.0	0.01688252576	0.380558064702	0.000370939853322	40.5871153884	47.4251002992
3.71984091913	5.25374531835	0.343369917297	-0.0	-0.0	0.0168722147467	0.380564460392	0.000370787918309	40.5554019438	47.363374694
3.71939902784	5.25444895411	0.343694973166	-0.0	-0.0	0.0168547711067	0.380575263693	0.000370499639898	40.5017711759	47.2591105741
3.72205037561	5.25569778333	0.344011621597	-0.0	-0.0	0.01683766904	0.380585858861	0.00036991037499	40.4491850071	47.157280661
3.71851524525	5.25452841974	0.34447556452	-0.0	-0.0	0.0168131410133	0.380601051681	0.000369794591832	40.3738035435	47.0102674747
3.7140963323	5.251875	0.34608414924	-0.0	-0.0	0.01672814476	0.380653696033	0.000368614199296	40.1131042641	46.5035210594
3.706142289	5.24984345648	0.353130602809	-0.0	-0.0	0.01636665716	0.380877537722	0.000362505357706	39.0123105531	44.370468708
3.69553689792	5.24161704795	0.360263930609	-0.0	-0.0	0.01601647492	0.381094308154	0.000356862367614	37.9594691747	42.3428916555
3.68625718073	5.23501725761	0.366978935394	-0.0	-0.0	0.0157008088667	0.381289645999	0.000351732151892	37.0210870516	40.5461891545
3.67786124613	5.23231688148	0.373891271272	-0.0	-0.0	0.0153861453067	0.381484300974	0.000346531684231	36.0964152089	38.792492924
3.66725585506	5.22715816005	0.38127675931	-0.0	-0.0	0.0150615938533	0.381685008572	0.000341327433308	35.1535800635	37.0207260359
3.65753424658	5.22474747475	0.389171375254	-0.0	-0.0	0.0147288175867	0.381890733944	0.000335918406981	34.2008321844	35.2421049582
3.64825452939	5.21250394695	0.397704620699	-0.0	-0.0	0.01438135024	0.382105470371	0.000330179033198	33.219190358	33.4315392759
3.64339372514	5.2108091024	0.407071314195	-0.0	-0.0	0.0140122525067	0.382333491758	0.000323621750287	32.1920521696	31.5646480396
3.62881131242	5.20475435816	0.417368537907	-0.0	-0.0	0.0136243910667	0.382573014325	0.000317562972069	31.1288922223	29.6554839839
3.61555457357	5.19498253414	0.428687111008	-0.0	-0.0	0.0132094509467	0.382829156407	0.000310839976532	30.0100194886	27.6924984682
3.60229783473	5.18841502228	0.441136847671	-0.0	-0.0	0.01277572772	0.383096774695	0.000303727772905	28.8607825017	25.7070391955
3.58638974812	5.17874241941	0.454849968324	-0.0	-0.0	0.01231776044	0.383379236503	0.000296384920221	27.6710012697	23.6972001661
3.56827220504	5.16869398207	0.470234040258	-0.0	-0.0	0.01182521716	0.383682874133	0.000288530220819	26.4183317138	21.6373559488
3.55059655325	5.15367340391	0.487285711906	-0.0	-0.0	0.0113024593733	0.384004972942	0.000280075085549	25.1223637539	19.5697071658
3.53513035793	5.13350449294	0.502040419817	-0.0	-0.0	0.0108728496533	0.384269555125	0.000273200960622	24.0814376273	17.9507467971
3.538223597	5.13671373556	0.501513312435	-0.0	-0.0	0.0108816798667	0.384264118069	0.000273130829416	24.1029810178	17.9952902555
3.53910737958	5.13735558408	0.501300258628	-0.0	-0.0	0.0108864721867	0.384261173532	0.000273149141304	24.1141175885	18.0151319764
3.5377817057	5.13703465982	0.50076712754	-0.0	-0.0	0.0108968437467	0.384254781054	0.000273445744152	24.1389338557	18.0625676373
3.53689792311	5.13671373556	0.500066679258	-0.0	-0.0	0.0109103873067	0.384246441615	0.000273769293186	24.1714398784	18.1249537498
3.53910737958	5.13960205392	0.49917821516	-0.0	-0.0	0.0109278105333	0.384235713108	0.000273923680437	24.2131774339	18.2046904472
3.53910737958	5.14093097913	0.49727301068	-0.0	-0.0	0.0109653968133	0.384212568384	0.000274626007281	24.3034142101	18.3770875055
3.55236411843	5.15826645265	0.480270681166	-0.0	-0.0	0.01131748792	0.383995716932	0.000280175280585	25.1569734363	20.0069484672
3.56694653115	5.17505610773	0.463449554004	-0.0	-0.0	0.0117002902933	0.38375986881	0.000286197563337	26.1024046678	21.8048627578
3.57534246575	5.18493589744	0.448771303878	-0.0	-0.0	0.01206754608	0.383533504571	0.000292410955	27.0261466047	23.5529692349
3.58506407424	5.19206145967	0.435595194014	-0.0	-0.0	0.0124285490533	0.383310918306	0.000298392477457	27.949395899	25.2910235175
3.59301811754	5.20192	0.423481680133	-0.0	-0.0	0.01279275704	0.383086274164	0.000304553784377	28.8947553219	27.0579636004
3.60362350862	5.2089456869	0.412249016326	-0.0	-0.0	0.0131643214933	0.38285701203	0.000310605851414	29.8728367899	28.870059974
3.61246133451	5.21743295019	0.402039553653	-0.0	-0.0	0.0135363507067	0.382627370427	0.00031679411214	30.865632599	30.6911609989
3.61864781264	5.22200956938	0.393153680029	-0.0	-0.0	0.01388941736	0.382409358254	0.000322842228522	31.8201634905	32.4299438274
3.62925320371	5.22462615336	0.384977227751	-0.0	-0.0	0.0142436939733	0.382190521571	0.000328508519379	32.7900997942	34.1816559433
3.64118426867	5.23387353035	0.377629202908	-0.0	-0.0	0.0145923324	0.38197509866	0.000333933647002	33.7564662937	35.9075998689
3.65046398586	5.23921319797	0.370746686477	-0.0	-0.0	0.0149523432267	0.381752556182	0.000339780182043	34.7646996407	37.6845576027
3.65753424658	5.24698795181	0.364589381039	-0.0	-0.0	0.01531051036	0.381531080607	0.000345765475148	35.7769967778	39.4402548175
3.67034909412	5.25482747705	0.35931731457	-0.0	-0.0	0.0156541339733	0.381318523565	0.000350902183113	36.7551458073	41.1053957367
3.67565178966	5.25766677205	0.354386611034	-0.0	-0.0	0.0160203404533	0.381091918456	0.000357140435355	37.8036540774	42.8492410385
3.67918692002	5.26074589128	0.350543006624	-0.0	-0.0	0.0163805580933	0.380868935141	0.000363377602014	38.8361109706	44.4816728883
3.69155987627	5.26212980466	0.347843679568	-0.0	-0.0	0.0167494498533	0.380640500662	0.000368789633523	39.8859458806	46.0200488533
3.6973044631	5.26771653543	0.345990757953	-0.0	-0.0	0.0171536889067	0.380390080753	0.000375359219407	41.0272903559	47.5753904225
3.69907202828	5.26826196474	0.345748439984	-0.0	-0.0	0.0172135081733	0.380353024983	0.000376231416353	41.1964185143	47.80290416
3.69863013699	5.26826196474	0.345873081929	-0.0	-0.0	0.0172105263333	0.380354862719	0.000376213316634	41.1861614783	47.7748567437
3.6977463544	5.26803149606	0.346017215417	-0.0	-0.0	0.0172006025333	0.380361007082	0.000376117590637	41.1561637261	47.7214093269
3.69642068051	5.26771653543	0.346234522018	-0.0	-0.0	0.01718904456	0.38036817177	0.000376032660899	41.1206102365	47.6521012321
3.69553689792	5.26811594203	0.346352268425	-0.0	-0.0	0.0171828699867	0.380371998546	0.000376004463743	41.1015344388	47.6147918883
3.69465311533	5.26780088217	0.346621063511	-0.0	-0.0	0.01716859528	0.380380844547	0.000375823418998	41.0576755193	47.5293283885
3.69332744145	5.26654064272	0.346968793631	-0.0	-0.0	0.0171501267867	0.380392285195	0.000375607347301	41.0009416346	47.4189153943
3.69332744145	5.265910523	0.348625613685	-0.0	-0.0	0.01706294408	0.380446302888	0.000373949828042	40.733381341	46.8982096092
3.68581528944	5.261829653	0.354864275394	-0.0	-0.0	0.01674356016	0.380644143415	0.000368625607002	39.7599753263	45.0081631039
3.68316394167	5.26603475513	0.361800711928	-0.0	-0.0	0.0164037507733	0.380854568086	0.000362437233433	38.7365538175	43.0290449866
3.67167476801	5.2582278481	0.368455845479	-0.0	-0.0	0.0160906825333	0.381048380096	0.000357617983529	37.8045576315	41.2374115116
3.66460450729	5.25277161863	0.375324747219	-0.0	-0.0	0.0157808553067	0.381240118455	0.00035243191317	36.8926723099	39.4926673915
3.65090587715	5.24610987615	0.382357478137	-0.0	-0.0	0.0154743623067	0.381429731255	0.000347938858862	36.0011579601	37.80074382
3.64074237738	5.23918575064	0.389964024804	-0.0	-0.0	0.0151550994533	0.38162718471	0.000342872327705	35.0842058349	36.0733026122
3.63146266019	5.23074474857	0.397920177198	-0.0	-0.0	0.0148316887067	0.381827142689	0.00033764879921	34.1677926818	34.3656470015
3.62571807335	5.22650525645	0.406453273217	-0.0	-0.0	0.0144959934	0.382034623761	0.000331861042499	33.2295037651	32.6380803763
3.61953159523	5.22091169908	0.415329172456	-0.0	-0.0	0.0141610572533	0.38224156663	0.000326134782068	32.3062178684	30.9536236324
3.6049491825	5.21182108626	0.425438685634	-0.0	-0.0	0.0137938848667	0.38246835541	0.00032054338526	31.308497616	29.1569584571
3.59478568272	5.20147105852	0.436476573432	-0.0	-0.0	0.0134071160933	0.382707149748	0.000314182261765	30.274473604	27.3264312
3.58418029165	5.19308357349	0.448947161137	-0.0	-0.0	0.0129895113467	0.38296488179	0.000307272206232	29.1772711202	25.4148261455
3.57401679187	5.1803331198	0.461860479749	-0.0	-0.0	0.0125746587867	0.383220804494	0.000300356912832	28.1068249265	23.5877140191
3.56076005303	5.17041078306	0.476779662904	-0.0	-0.0	0.0121117381733	0.383506258124	0.000292780633149	26.9341720127	21.6412776009
3.54750331418	5.15414258189	0.493776819381	-0.0	-0.0	0.0115982158533	0.38382276281	0.000284231407422	25.6618761382	19.6079788328
3.52319929297	5.13329040567	0.512051851322	-0.0	-0.0	0.0110636225333	0.384152078886	0.000276167777424	24.370339918	17.6247821148
3.50596553248	5.11717236927	0.535716523924	-0.0	-0.0	0.0104102220533	0.384554343142	0.000265333574581	22.8350668535	15.3545067163
3.46884666372	5.08916990921	0.564974712491	-0.0	-0.0	0.00965482125333	0.385019075732	0.000254072467994	21.1235863258	12.9429752277
3.44321696863	5.06471544715	0.595359592568	-0.0	-0.0	0.00892951114667	0.385464965888	0.000242521711032	19.5453854228	10.8304881446
