# C		CN		K0		e_x		e_y		e_z		n		overlap		p		q
3.30799823243	5.12889955434	0.735807225435	-0.0	-0.0	1.87240000048e-07	0.390586783725	0.000118482810699	5.58494716922	1.79093792875
3.37914273089	5.12995298858	0.637049235515	-0.0	-0.0	0.000531443826667	0.390262942926	0.000125529540089	6.22753964979	2.98178417366
3.41581970835	5.13122923588	0.542670264015	-0.0	-0.0	0.00134984762667	0.389763727549	0.000138691673443	7.2815261772	4.79066857345
3.44807777287	5.13401382944	0.489789485675	-0.0	-0.0	0.00212068413333	0.389293153808	0.000150854622128	8.33115255623	6.44173588246
3.46752098984	5.13958060288	0.455863779572	-0.0	-0.0	0.00286652962667	0.388837490953	0.000162980038598	9.3970727296	8.02408420652
3.49536014141	5.14918566775	0.432151172026	-0.0	-0.0	0.00361248325333	0.388381421981	0.000174561089911	10.5092664965	9.60306896888
3.5125939019	5.14216321244	0.415116874676	-0.0	-0.0	0.00433858268	0.387937164815	0.000186202715174	11.6347378223	11.1542503611
3.52673442333	5.1451144792	0.402393631498	-0.0	-0.0	0.00503626472	0.387509990569	0.000197467864364	12.7560439394	12.6714542784
3.54529385771	5.15231362468	0.392381371414	-0.0	-0.0	0.00572674384	0.387086932966	0.000208279168909	13.9027209145	14.1994541005
3.55943437914	5.15727098014	0.384190525625	-0.0	-0.0	0.00641326198667	0.386666012555	0.000219261202857	15.0799192842	15.753997977
3.57799381352	5.16411238825	0.37765434751	-0.0	-0.0	0.00707321445333	0.386261107683	0.000229445848584	16.2455810764	17.2796388187
3.59346000884	5.16751430388	0.371948454489	-0.0	-0.0	0.00772982676	0.385857986841	0.000239791574095	17.4398695536	18.8425192514
3.60760053027	5.17279644895	0.367243168928	-0.0	-0.0	0.00836371930667	0.385468563383	0.00024978457631	18.6240690116	20.3827034533
3.61953159523	5.17477876106	0.363257098094	-0.0	-0.0	0.00898968749333	0.385083765831	0.000259767495991	19.8220968984	21.9313218428
3.63632346443	5.18084436043	0.359765979169	-0.0	-0.0	0.00960245564	0.38470684928	0.000269171436108	21.0245817948	23.4842728107
3.65002209456	5.18561557789	0.356772149944	-0.0	-0.0	0.01020852716	0.384333824597	0.000278646445781	22.2405237422	25.0458495968
3.67123287671	5.19230769231	0.353831846258	-0.0	-0.0	0.0108068733867	0.383965332832	0.000287451152456	23.4711344488	26.643945783
3.69111798498	5.20386533666	0.351267864231	-0.0	-0.0	0.0114085767867	0.38359455736	0.000296353460295	24.7340308367	28.2738747551
3.70437472382	5.20889027044	0.348337283456	-0.0	-0.0	0.0121410528933	0.383142888152	0.000308042565799	26.3075475803	30.3127923106
3.71277065842	5.21091811414	0.346207250633	-0.0	-0.0	0.0127213886267	0.382784798306	0.000317453554735	27.5810808969	31.9643515757
3.72514361467	5.22057001239	0.34443880367	-0.0	-0.0	0.0132863232	0.382436010636	0.000326226389171	28.8412120161	33.5853457421
3.73884224481	5.2212962963	0.342761366997	-0.0	-0.0	0.0138520024667	0.382086568665	0.000334895525218	30.1263665475	35.2416699598
3.74591250552	5.22249614792	0.341128131487	-0.0	-0.0	0.01442276032	0.381733789806	0.000344245714323	31.447305901	36.9499207488
3.75254087494	5.22821065599	0.339437528441	-0.0	-0.0	0.0150851648267	0.381324111059	0.000355219997817	33.008248636	38.9618218666
3.76314626602	5.23677736777	0.338177120231	-0.0	-0.0	0.0156255701333	0.380989694589	0.000363649470452	34.3023334329	40.6275747943
3.77154220062	5.23917715689	0.337031224868	-0.0	-0.0	0.0161585611733	0.380659677542	0.000372151742553	35.5978395331	42.2927879596
3.78214759169	5.24647455549	0.335997150768	-0.0	-0.0	0.01669558644	0.38032697935	0.000380453583272	36.9192838245	43.9855141167
3.78921785241	5.24732170187	0.335582983067	-0.0	-0.0	0.0169151308667	0.380190918657	0.000383571186239	37.4650560807	44.6857247661
3.78745028723	5.24808575804	0.335773584705	-0.0	-0.0	0.0169067821467	0.380196093248	0.000383583340752	37.441058437	44.6341099172
3.78789217852	5.24839203675	0.335917312432	-0.0	-0.0	0.0168967420667	0.380202316097	0.000383349324864	37.4138574831	44.5843649727
3.78656650464	5.2471669219	0.336162175976	-0.0	-0.0	0.01688252576	0.380211127269	0.000383210408312	37.374638646	44.5081698956
3.78568272205	5.24686064319	0.336334118068	-0.0	-0.0	0.0168722147467	0.380217510093	0.000383102727108	37.3463479958	44.4538189536
3.78524083076	5.24823781796	0.336626934541	-0.0	-0.0	0.0168547711067	0.380228329055	0.000382813170338	37.2983890255	44.361612643
3.78347326558	5.24609255287	0.336915423223	-0.0	-0.0	0.01683766904	0.380238928341	0.000382664622992	37.2514053416	44.2711981281
3.78435704817	5.24609255287	0.337328627728	-0.0	-0.0	0.0168131410133	0.380254120784	0.000382107016402	37.1841582305	44.1419468033
3.77905435263	5.24248927039	0.338774045302	-0.0	-0.0	0.01672814476	0.380306803509	0.000381015260073	36.9512401244	43.6943402672
3.76844896156	5.23740786241	0.34507025982	-0.0	-0.0	0.01636665716	0.380530774432	0.00037514908627	35.9677704246	41.8125515576
3.76314626602	5.23486012911	0.35146190536	-0.0	-0.0	0.01601647492	0.380747663575	0.000368961987281	35.0256725557	40.017321033
3.76049491825	5.23569230769	0.357460424052	-0.0	-0.0	0.0157008088667	0.380943102175	0.000363156137704	34.1849349165	38.4248175815
3.75298276624	5.23197781885	0.363692460105	-0.0	-0.0	0.0153861453067	0.381137873668	0.000357834164236	33.3562286989	36.8617664342
3.74370304905	5.23131562693	0.370307218051	-0.0	-0.0	0.0150615938533	0.38133869368	0.000352465841585	32.5109797225	35.2839701441
3.73884224481	5.22414325409	0.377420037158	-0.0	-0.0	0.0147288175867	0.381544535228	0.000346480490011	31.6523611087	33.6887550461
3.7308882015	5.22400990099	0.385107264786	-0.0	-0.0	0.01438135024	0.381759384409	0.000340522987062	30.7696220983	32.0639393319
3.72028281043	5.21784939572	0.393587646449	-0.0	-0.0	0.0140122525067	0.381987540078	0.000334389015204	29.8449602255	30.3803761901
3.70083959346	5.20870917574	0.402867738765	-0.0	-0.0	0.0136243910667	0.382227196801	0.000328669618596	28.8872982019	28.657914591
3.68714096332	5.19458281445	0.413020072198	-0.0	-0.0	0.0132094509467	0.382483482347	0.000321954933377	27.8803592398	26.8863934408
3.67034909412	5.18707058089	0.424024688921	-0.0	-0.0	0.01277572772	0.382751252666	0.000315113469302	26.845725192	25.1007496402
3.6557666814	5.17323327079	0.436072895741	-0.0	-0.0	0.01231776044	0.383033870539	0.000307640768166	25.7758546585	23.2925819296
3.63676535572	5.16609105181	0.449557171385	-0.0	-0.0	0.01182521716	0.383337678235	0.000299846851193	24.6489088915	21.4328566115
3.61643835616	5.161829653	0.464728720544	-0.0	-0.0	0.0113024593733	0.38365995902	0.000291588352688	23.4809528649	19.5423015017
3.59832081308	5.15284810127	0.477661317521	-0.0	-0.0	0.0108728496533	0.383924687824	0.000284914092967	22.5424731294	18.0657741641
3.59920459567	5.15248339133	0.477237771376	-0.0	-0.0	0.0108816798667	0.383919247723	0.000285011327078	22.5616943019	18.1036825534
3.60008837826	5.15279974692	0.477052392499	-0.0	-0.0	0.0108864721867	0.38391629526	0.000285029732353	22.5718727146	18.1217101409
3.60008837826	5.15279974692	0.476603691228	-0.0	-0.0	0.0108968437467	0.383909905478	0.000285222909305	22.5941516649	18.1635022796
3.59920459567	5.15316455696	0.476008042704	-0.0	-0.0	0.0109103873067	0.383901561368	0.000285547186192	22.6234098958	18.2188327042
3.60008837826	5.1531161025	0.475241752656	-0.0	-0.0	0.0109278105333	0.383890826852	0.000285804130763	22.6610224604	18.2901702018
3.59964648696	5.1531161025	0.473598882294	-0.0	-0.0	0.0109653968133	0.383867669165	0.000286544384056	22.7423584956	18.4443560111
3.61201944322	5.16240126382	0.458952870518	-0.0	-0.0	0.01131748792	0.383650696256	0.000292149473168	23.5109034966	19.8974953401
3.62262483429	5.17624763108	0.444387442583	-0.0	-0.0	0.0117002902933	0.383414711114	0.000298456069283	24.360604787	21.4981542252
3.63146266019	5.18239192174	0.431581220103	-0.0	-0.0	0.01206754608	0.383188225012	0.000304601004304	25.1893987047	23.0545554736
3.64383561644	5.18822788794	0.420006831304	-0.0	-0.0	0.0124285490533	0.38296551393	0.000310310336417	26.0161841712	24.6017886739
3.6557666814	5.20062893082	0.40930987362	-0.0	-0.0	0.01279275704	0.382740744114	0.000316099902435	26.8627893021	26.1752096861
3.6637207247	5.20797989318	0.399267943762	-0.0	-0.0	0.0131643214933	0.382511349901	0.000322365844362	27.7389488686	27.7954016498
3.67388422448	5.2191522763	0.390063960197	-0.0	-0.0	0.0135363507067	0.382281586506	0.000328440315975	28.6284896446	29.4274597898
3.67962881131	5.22637362637	0.382084794346	-0.0	-0.0	0.01388941736	0.382063449067	0.00033454471072	29.4839704737	30.9810243792
3.68537339814	5.23320778406	0.374768864797	-0.0	-0.0	0.0142436939733	0.381844489815	0.000340658814816	30.3526821158	32.541353481
3.69244365886	5.2412927518	0.368212748868	-0.0	-0.0	0.0145923324	0.381628943882	0.000346523722169	31.2168020075	34.0740980051
3.70083959346	5.24670846395	0.362010190456	-0.0	-0.0	0.0149523432267	0.381406279124	0.000352456441138	32.1179084357	35.6565940508
3.70658418029	5.25023488882	0.356389866055	-0.0	-0.0	0.01531051036	0.381184679501	0.00035858668078	33.0228170531	37.2268879208
3.72116659302	5.25773195876	0.351530824932	-0.0	-0.0	0.0156541339733	0.380972003407	0.000363577116073	33.8981121422	38.7218175319
3.72646928856	5.25693794824	0.346979103343	-0.0	-0.0	0.0160203404533	0.38074526983	0.000369858302127	34.8371816047	40.2892010182
3.7308882015	5.25794392523	0.343337339592	-0.0	-0.0	0.0163805580933	0.380522171288	0.000376041614075	35.761270678	41.7681455105
3.74016791869	5.26251944012	0.340666097579	-0.0	-0.0	0.0167494498533	0.380293600747	0.00038179025413	36.7037277432	43.1800665853
3.74237737517	5.26297792975	0.338850967916	-0.0	-0.0	0.0171536889067	0.380043040579	0.000388787845924	37.7299653027	44.605891263
3.74281926646	5.26320696085	0.338602140343	-0.0	-0.0	0.0172135081733	0.380005956366	0.000389808096386	37.8823033402	44.8161407109
3.74281926646	5.26289620883	0.338723938545	-0.0	-0.0	0.0172105263333	0.38000780282	0.000389744488141	37.8731356521	44.790538629
3.74281926646	5.26289620883	0.338849093922	-0.0	-0.0	0.0172006025333	0.380013955468	0.000389558468962	37.8463799034	44.743748094
3.74414494034	5.26484302145	0.33903814568	-0.0	-0.0	0.01718904456	0.380021121208	0.000389200189585	37.8147625038	44.6835147018
3.74237737517	5.26359962698	0.339167463828	-0.0	-0.0	0.0171828699867	0.380024943242	0.000389264712478	37.7976698964	44.6476975139
3.74105170128	5.26337064677	0.339383182519	-0.0	-0.0	0.01716859528	0.380033790782	0.000389132227909	37.758868183	44.5758454249
3.73884224481	5.26119402985	0.339699440532	-0.0	-0.0	0.0171501267867	0.380045248052	0.000389009396913	37.70826092	44.4780321033
3.73663278833	5.26463262765	0.341179762548	-0.0	-0.0	0.01706294408	0.380099295914	0.00038757737453	37.4701914162	44.0205319457
3.72867874503	5.2629444791	0.346758925411	-0.0	-0.0	0.01674356016	0.380297250617	0.000382305288072	36.6036640113	42.357422098
3.71763146266	5.25452841974	0.352948047227	-0.0	-0.0	0.0164037507733	0.380507795654	0.000376958480189	35.6919135919	40.6141777268
3.71630578878	5.255	0.358903061392	-0.0	-0.0	0.0160906825333	0.380701708632	0.000371129829394	34.8611917344	39.0313021953
3.71365444101	5.25132854017	0.365017899102	-0.0	-0.0	0.0157808553067	0.380893554383	0.000365488721166	34.0476221198	37.4899131797
3.70967741935	5.24953095685	0.37128391742	-0.0	-0.0	0.0154743623067	0.381083277099	0.000360044969238	33.2514739679	35.9912584781
3.70172337605	5.24483406387	0.378041355926	-0.0	-0.0	0.0151550994533	0.381280842679	0.000354740339305	32.4318856822	34.4595812729
3.69376933274	5.23551518948	0.385143989978	-0.0	-0.0	0.0148316887067	0.381480903631	0.000349372094315	31.6123704704	32.938803508
3.67962881131	5.22661644696	0.392853130254	-0.0	-0.0	0.0144959934	0.381688507715	0.000344340431252	30.7719688486	31.387756725
3.67388422448	5.22079145729	0.400849741548	-0.0	-0.0	0.0141610572533	0.381895570048	0.000338544205462	29.944380246	29.8737664054
3.6553247901	5.20780856423	0.409910313736	-0.0	-0.0	0.0137938848667	0.382122474806	0.00033331266794	29.0498285335	28.2588359752
3.64162615996	5.20037866835	0.419707382424	-0.0	-0.0	0.0134071160933	0.382361408789	0.000327252822033	28.1223176214	26.6158132739
3.63455589925	5.19292706031	0.430652067739	-0.0	-0.0	0.0129895113467	0.382619283748	0.000320041032087	27.1380908803	24.903532368
3.6217410517	5.18374446553	0.442030221562	-0.0	-0.0	0.0125746587867	0.382875347585	0.000313394472305	26.1780347469	23.2580949846
3.61201944322	5.17675007919	0.455285321088	-0.0	-0.0	0.0121117381733	0.383160964637	0.000305559377422	25.1255950522	21.4903549848
3.59920459567	5.16133122029	0.470412360701	-0.0	-0.0	0.0115982158533	0.3834776455	0.00029700004743	23.9801171315	19.6301708471
3.58638974812	5.14942893401	0.486616539459	-0.0	-0.0	0.0110636225333	0.383807143609	0.000288011738774	22.8120405106	17.8052827481
3.56783031374	5.13581424936	0.507127275282	-0.0	-0.0	0.0104102220533	0.384209633824	0.000277207489771	21.4220007913	15.7254005895
3.53468846664	5.11022364217	0.532757036359	-0.0	-0.0	0.00965482125333	0.384674628233	0.000265589082205	19.8701870541	13.484592349
3.51524524967	5.09708426786	0.559795463761	-0.0	-0.0	0.00892951114667	0.385120765672	0.000253556071929	18.4372337665	11.487340082
