# f		u
101726.37568903553	0.0002000219716968843
287725.6403009895	0.0004000439433937686
528585.753489747	0.0006000659150906529
786225.6845982221	0.0007819040711787295
1106458.6382121355	0.0009819260428756138
1461216.5381439745	0.001181948014572498
1811075.0143107264	0.0013637861706605747
2223782.0524897543	0.001563808142357459
2663803.2556850677	0.0017638301140543433
3129537.624728935	0.0019638520857512276
3574107.039993614	0.0021456902418393042
4085348.495819232	0.0023457122135361885
4618879.130158617	0.002545734185233073
5122493.695426553	0.0027275723413211495
5696175.454264833	0.0029275943130180337
6289805.476785777	0.003127616284714918
6846232.218423179	0.0033094544408029947
7476193.055156476	0.003509476412499879
8124371.894953113	0.0037094983841967633
8790270.38208967	0.0039095203558936475
9410621.823314128	0.004091358511981724
10109101.298664253	0.0042913804836786085
10824054.588797498	0.004491402455375493
11487994.764479537	0.004673240611463569
12233387.571143145	0.004873262583160454
12994238.955339884	0.005073284554857338
13699077.042353278	0.005255122710945415
14488600.114485811	0.005455144682642299
15292733.75313902	0.005655166654339183
16111217.162156103	0.0058551886260360675
16867536.92434769	0.006037026782124144
17712739.031035952	0.006237048753821028
18571604.954875648	0.006437070725517913
19364068.908899404	0.006618908881605989
20248434.22175094	0.006818930853302874
21145867.227043666	0.007018952824999758
21972897.148831673	0.0072007909810878346
22894763.29621929	0.007400812952784719
23829172.80121339	0.007600834924481603
24775959.48993166	0.007800856896178487
25647280.659869794	0.007982695052266564
26617258.025790133	0.008182717023963448
27599164.312158156	0.008382738995660333
28502037.337597117	0.00856457715174841
29506323.617836636	0.008764599123445294
30522135.98253035	0.008964621095142178
31455494.83358032	0.009146459251230254
32492956.00079614	0.009346481222927139
33541578.654842485	0.009546503194624023
34601245.23375418	0.009746525166320907
35574066.12817181	0.009928363322408984
36654503.12431992	0.010128385294105868
37745662.080089495	0.010328407265802753
38746841.09057982	0.01051024542189083
39858182.02356947	0.010710267393587714
40979949.56341242	0.010910289365284598
42008705.26311813	0.011092127521372674
43150113.68294619	0.011292149493069559
44301676.494072974	0.011492171464766443
45463304.93287469	0.011692193436463327
46527992.612672105	0.011874031592551404
47708598.96448294	0.012074053564248288
48899025.38638961	0.012274075535945173
49989685.12360934	0.01245591369203325
51198637.46739225	0.012655935663730133
52417181.461515315	0.012855957635427018
53533208.99051296	0.013037795791515094
54769857.747385435	0.013237817763211979
56015884.9676057	0.013437839734908863
57271220.58643938	0.013637861706605747
58420454.63705781	0.013819699862693824
59693371.82749144	0.014019721834390708
60975402.18881154	0.014219743806087592
62148738.30501373	0.014401581962175669
63447989.04658294	0.014601603933872553
64756169.52167012	0.014801625905569438
65953122.471760444	0.014983464061657514
67278183.52078967	0.015183486033354399
68612001.51539822	0.015383508005051283
69954519.33637995	0.015583529976748167
71182492.36246878	0.015765368132836244
72541464.2943541	0.015965390104533128
73908976.03569107	0.016165412076230012
75159534.48948091	0.01634725023231809
76543203.1507171	0.016547272204014973
77935260.12148671	0.016747294175711858
79208003.27288412	0.016929132331799934
80615935.51618837	0.01712915430349682
82032112.35641089	0.017329176275193703
83456486.07222827	0.017529198246890587
84758444.77747616	0.017711036402978664
86198337.50363153	0.017911058374675548
87646292.85454284	0.018111080346372432
88969574.80961223	0.01829291850246051
90432799.08198012	0.018492940474157393
91903958.11583629	0.018692962445854278
93248225.12339267	0.018874800601942354
94734414.70385937	0.01907482257363924
96228417.07913464	0.019274844545336123
97730191.60431045	0.019474866517033007
99102151.9152111	0.019656704673121084
100618653.57443582	0.019856726644817968
102142812.65620954	0.020056748616514852
103535024.47009242	0.02023858677260293
105073696.44910774	0.020438608744299813
106619916.05846661	0.020638630715996698
108032088.98316522	0.020820468872084774
109592616.33882622	0.02102049084378166
111160586.12379938	0.021220512815478543
112735963.17853488	0.021420534787175427
114174522.75378536	0.021602372943263504
115763945.10351881	0.021802394914960388
117360675.2064356	0.022002416886657272
118818561.44167137	0.02218425504274535
120429150.63778663	0.022384277014442233
122046951.97672671	0.022584298986139117
123523911.9944898	0.022766137142227194
125155393.43953066	0.02296615911392408
126793995.07422039	0.023166181085620963
128439686.09268965	0.023366203057317847
129941895.18518688	0.023548041213405924
131601036.36567214	0.023748063185102808
133267179.53661937	0.023948085156799692
134787906.58910906	0.02412992331288777
136467336.13255078	0.024329945284584653
138153683.42746678	0.024529967256281537
139692705.64158005	0.024711805412369614
141392181.36113778	0.0249118273840665
143098493.56221297	0.025111849355763383
144811614.9628188	0.025311871327460267
146374884.17331138	0.025493709483548344
148100930.36383015	0.025693731455245228
149833708.20766982	0.025893753426942112
151414780.38347346	0.02607559158303019
153160337.4785435	0.026275613554727073
154912551.27119523	0.026475635526423957
156511228.1688727	0.026657473682512034
158276080.48247543	0.02685749565420892
160047516.98730248	0.027057517625905803
161825513.30114633	0.027257539597602687
163447545.6869443	0.027439377753690763
165237998.53545865	0.027639399725387648
167034941.77414405	0.027839421697084532
168674139.03294715	0.02802125985317261
170483408.36384434	0.028221281824869493
172299100.82431015	0.028421303796566377
173955285.06644547	0.028603141952654454
175783177.19065338	0.028803163924351338
177617427.23250538	0.029003185896048223
179458013.22995436	0.029203207867745107
181136753.0763947	0.029385046023833183
182989374.8182388	0.029585067995530068
184848269.89742586	0.029785089967226952
186543600.56083474	0.02996692812331503
188414413.59748715	0.030166950095011913
190291439.17385364	0.030366972066708797
192003199.8589024	0.030548810222796874
193892028.99766684	0.030748832194493758
195787011.61259276	0.030948854166190642
197688127.78632668	0.031148876137887527
199421721.124866	0.0313307142939756
201334492.20504525	0.03153073626567249
203253339.98420605	0.03173075823736937
205003004.07894692	0.03191259639345745
206933399.7112855	0.03211261836515433
208869816.73534596	0.03231264033685122
210635405.3125716	0.032494478492939294
212583266.0333446	0.03269450046463618
214537094.32175317	0.03289452243633306
216496872.00644627	0.03309454440802995
218283635.62772015	0.03327638256411802
220254721.38644212	0.03347640453581491
222231704.60853934	0.03367642650751179
224034064.9540105	0.03385826466359987
226022258.39382464	0.03405828663529675
228016298.70077693	0.03425830860699364
229834121.9568665	0.034440146763081714
231839277.12251455	0.0346401687347786
233850229.83936247	0.03484019070647548
235866963.44107735	0.03504021267817237
237705360.18808576	0.03522205083426044
239733084.25991562	0.03542207280595733
241766541.53801244	0.03562209477765421
243620100.5935468	0.03580393293374229
245664458.43699467	0.03600395490543917
247714502.96869096	0.03620397687713606
249583101.30549592	0.036385815033224134
251643958.66864255	0.03658583700492102
253710457.31626713	0.0367858589766179
255782581.89019495	0.03698588094831479
257671200.684157	0.03716771910440286
259754023.46538436	0.03736774107609975
261842428.19790092	0.03756776304779663
263745809.27344298	0.03774960120388471
265844829.2385922	0.03794962317558159
267949388.19535017	0.03814964514727848
269867417.9364428	0.038331483303366554
271982511.05235493	0.03853150527506344
274103101.1770489	0.03873152724676032
276229174.0979024	0.038931549218457207
278166713.5913144	0.03911338737454528
280303214.59770066	0.03931340934624217
282445157.67298204	0.03951343131793905
284397089.499581	0.03969526947402713
286549383.76908493	0.03989529144572401
288707080.2745352	0.0400953134174209
290673299.0879244	0.040277151573508974
292841271.57246995	0.04047717354520586
295014607.3220704	0.04067719551690274
297193293.13400376	0.040877217488599626
299178548.1855502	0.0410590556446877
301367411.440842	0.04125907761638459
303561586.8979708	0.04145909958808147
305560890.8229786	0.04164093774416955
307765172.206854	0.04184095971586643
309974728.7246386	0.04204098168756332
311987983.4896364	0.042222819843651394
314207575.9043218	0.04242284181534828
316432407.15028447	0.04262286378704516
318662464.9205214	0.042822885758742046
320694315.2948198	0.04300472391483012
322934317.1117576	0.04320474588652701
325179510.1380207	0.04340476785822389
327225089.3974	0.04358660601431197
329480159.7302137	0.04378662798600885
331740386.66372246	0.04398664995770574
333799603.2790215	0.04416848811379381
336069642.10494506	0.0443685100854907
338344803.6060167	0.04456853205718758
340625076.27406067	0.044768554028884466
342702477.11670524	0.04495039218497254
344992475.78924006	0.04515041415666943
347287552.5863496	0.04535043612836631
349378383.2399763	0.04553227428445439
351683123.5688951	0.04573229625615127
353992909.61264986	0.04593231822784816
356097084.3636604	0.04611415638393623
358416472.65512604	0.04631417835563312
360740874.8644123	0.04651420032733
363070280.19934314	0.046714222299026886
365192253.9439819	0.04689606045511496
367531180.98270893	0.04709608242681185
369875080.14353853	0.04729610439850873
372010203.3560322	0.04747794255459681
374363565.57927984	0.04767796452629369
376721869.4904087	0.04787798649799058
378870061.68192714	0.04805982465407865
381237771.0843918	0.04825984662577554
383610392.2926236	0.04845986859747242
385987915.15916246	0.048659890569169306
388153544.60113764	0.04884172872525738
390540397.2270189	0.04904175069695427
392932122.3451386	0.04924177266865115
395110637.76583016	0.04942361082473923
397511637.45700884	0.04962363279643611
399917480.98887473	0.049823654768133
402108806.61416596	0.05000549292422107
404523870.5006632	0.05020551489591796
406943750.07586163	0.05040553686761484
409368435.7752875	0.050605558839311726
411576858.10415167	0.0507873969953998
414010692.77737576	0.05098741896709669
416449306.07163787	0.05118744093879357
418670366.12027836	0.05136927909488165
421118076.3307024	0.05156930106657853
423570538.1257996	0.05176932303827542
425804164.39184654	0.05195116119436349
428265671.9241037	0.05215118316606038
430731904.45843494	0.05235120513775726
433202852.9595929	0.052551227109454146
435453254.5862911	0.05273306526554222
437933181.39366186	0.05293308723723911
440417798.17532897	0.05313310920893599
442680603.0801796	0.05331494736502407
445174148.9542298	0.05351496933672095
447672359.2351446	0.05371499130841784
449947499.80071163	0.05389682946450591
452454590.7606966	0.0540968514362028
454966320.9737507	0.05429687340789968
457482681.8867859	0.054496895379596566
459774293.9344112	0.05467873353568464
462299471.69414544	0.05487875550738153
464829255.5385875	0.05507877747907841
467133049.00412065	0.05526061563516649
469671603.0754267	0.05546063760686337
472214739.00458056	0.055660659578560256
474530649.81602764	0.05584249773464833
477082510.08399785	0.05604251970634522
479638928.3612607	0.0562425416780421
482199896.53547883	0.056442563649738986
484531990.8880102	0.05662440180582706
487101622.8581807	0.05682442377752395
489675781.3698175	0.05702444574922083
492019846.7748901	0.05720628390530891
494602624.8365055	0.05740630587700579
497189906.44010985	0.057606327848702676
499545882.0718105	0.05778816600479075
502141739.65046364	0.05798818797648764
504742078.1186869	0.05818820994818452
507346889.7682986	0.058388231919881406
509718775.59156585	0.05857007007596948
512332105.68972766	0.05877009204766637
514949886.7696648	0.05897011401936325
517333543.81546396	0.05915195217545133
519959801.27699924	0.05935197414714821
522590487.84796864	0.059551996118845096
524985858.2713358	0.05973383427493317
527624979.77408355	0.05993385624663006
530268508.83323306	0.06013387821832694
532916438.11228	0.060333900190023826
535327458.77698016	0.0605157383461119
537983768.2352612	0.06071576031780879
540644456.7774091	0.06091578228950567
543067058.5189834	0.06109762044559375
545736087.1792724	0.06129764241729063
548409474.0890758	0.061497664388987516
550843601.8077358	0.06167950254507559
553525289.3436817	0.06187952451677248
556211314.5893589	0.06207954648846936
558901670.5510023	0.062279568460166246
561351200.8999324	0.06246140661625432
564049805.2931414	0.0626614285879512
566752720.2475725	0.06286145055964809
569213650.4542948	0.06304328871573617
571924775.6305656	0.06324331068743305
574640191.4921161	0.06344333265912994
577112468.99155	0.06362517081521801
579836057.3913473	0.0638251927869149
582563916.8729142	0.06402521475861178
585296040.7593453	0.06422523673030867
587783484.6708695	0.06440707488639674
590523731.2657831	0.06460709685809363
593268223.0184551	0.06480711882979051
595766893.8179853	0.06498895698587859
598519471.7824495	0.06518897895757547
601276275.9158473	0.06538900092927236
603786123.3844608	0.06557083908536043
606550977.7205395	0.06577086105705732
609320039.4892831	0.0659708830287542
612093302.3074229	0.06617090500045109
614618090.5151227	0.06635274315653916
617399355.8976574	0.06655276512823605
620184803.9239843	0.06675278709993293
622720653.6917452	0.06693462525602101
625514069.3745306	0.06713464722771789
628311649.535319	0.06733466919941478
630858512.8208952	0.06751650735550285
633664026.1830729	0.06771652932719974
636473686.0921172	0.06791655129889662
639287486.4374858	0.0681165732705935
641849074.572369	0.06829841142668158
644670762.5162656	0.06849843339837847
647496573.272804	0.06869845537007535
650069064.7350252	0.06888029352616343
652902729.6588948	0.06908031549786031
655740499.9948689	0.0692803374695572
658323848.7660356	0.06946217562564527
661169440.2596632	0.06966219759734216
664019119.9833347	0.06986221956903904
666872882.0803533	0.07006224154073593
669470748.9072378	0.070244079696824
672332288.453545	0.07044410166852089
675197893.4776	0.07064412364021777
677806512.0009193	0.07082596179630585
680679862.4185445	0.07102598376800273
683557261.6263732	0.07122600573969962
686176587.7133766	0.07140784389578769
689061700.6521832	0.07160786586748458
691950845.8974682	0.07180788783918146
694844017.8292788	0.07200790981087835
697477663.6532696	0.07218974796696642
700378507.3745542	0.0723897699386633
703283361.5660616	0.07258979191036019
705927613.610741	0.07277163006644827
708840108.8196818	0.07297165203814515
711756598.4768978	0.07317167400984204
714411414.3698064	0.07335351216593011
717335514.6397564	0.073553534137627
720263593.5265368	0.07375355610932388
723195645.6314073	0.07395357808102077
725864590.8539405	0.07413541623710884
728804213.2809888	0.07433543820880573
731747793.3447914	0.07453546018050261
734427205.0619543	0.07471729833659069
737378325.8761265	0.07491732030828757
740333388.9276025	0.07511734227998446
743023226.4132411	0.07529918043607253
745985800.9871414	0.07549920240776942
748952302.577268	0.0756992243794663
751922725.9919533	0.07589924635116319
754626509.7988255	0.07608108450725126
757604405.9907868	0.07628110647894815
760586209.0205547	0.07648112845064503
763300324.9766513	0.07666296660673311
766289572.3360753	0.07686298857842999
769282711.717061	0.07706301055012688
772007120.6386206	0.07724484870621495
775007676.2240752	0.07744487067791184
778012109.1821454	0.07764489264960872
781020414.5153283	0.0778449146213056
783758593.6815959	0.07802675277739368
786774277.9231783	0.07822677474909057
789793820.1108283	0.07842679672078745
792542202.124867	0.07860863487687553
795569095.8280188	0.07880865684857241
798599833.2082951	0.0790086788202693
801358380.3337774	0.07919051697635737
804396442.1394846	0.07939053894805426
807438333.510536	0.07959056091975114
810484049.6317854	0.07979058289144803
813256197.4304785	0.0799724210475361
816309202.0420401	0.08017244301923299
819366017.4987099	0.08037246499092987
822148243.5797474	0.08055430314701795
825212321.1249524	0.08075432511871483
828280195.7607393	0.08095434709041172
831072463.7482588	0.08113618524649979
834147574.3556546	0.08133620721819668
837226468.4469721	0.08153622918989356
840309141.3785963	0.08173625116159045
843114846.5819329	0.08191808931767852
846204720.8301952	0.0821181112893754
849298360.5066687	0.08231813326107229
852114023.8807168	0.08249997141716037
855214839.4048134	0.08269999338885725
858319407.0868288	0.08290001536055414
861144993.5363649	0.08308185351664221
864256711.8653218	0.0832818754883391
867372169.2212269	0.08348189746003598
870491361.1220479	0.08368191943173287
873330227.0853062	0.08386375758782094
876456536.1840037	0.08406377955951783
879586566.8800583	0.08426380153121471
882435275.0969541	0.08444563968730279
885572398.4009737	0.08464566165899967
888713230.4885311	0.08484568363069656
891571747.0710613	0.08502752178678463
894719647.4297985	0.08522754375848152
897871243.8897071	0.0854275657301784
901026532.1211795	0.08562758770187529
903898175.9406333	0.08580942585796336
907060500.1317753	0.08600944782966025
910226503.5852485	0.08620946980135713
913107877.6972352	0.08639130795744521
916280893.3501357	0.08659132992914209
919457575.8824384	0.08679135190083898
922348647.5385165	0.08697319005692705
925532318.7491032	0.08717321202862394
928719644.580356	0.08737323400032082
931910620.8466438	0.0875732559720177
934814672.5840398	0.08775509412810578
938012606.2916088	0.08795511609980267
941214178.3391212	0.08815513807149955
944127852.1439017	0.08833697622758763
947336358.6564934	0.08853699819928451
950548491.533371	0.0887370201709814
953471755.7341901	0.08891885832706947
956690800.3260815	0.08911888029876636
959913459.4240824	0.08931890227046324
963139728.9787322	0.08951892424216013
966075830.9456931	0.0897007623982482
969308981.9945996	0.08990078436994509
972545731.7968466	0.09010080634164197
975491351.1387458	0.09028264449773005
978734960.2008973	0.09048266646942693
981982156.4261572	0.09068268844112382
984937262.4909691	0.09086452659721189
988191295.9559184	0.09106454856890878
991448905.1050107	0.09126457054060566
994710086.0177292	0.09146459251230254
997677892.1142614	0.09164643066839062
1000945881.0082252	0.0918464526400875
1004217430.3335863	0.09204647461178439
1007194652.4572095	0.09222831276787247
1010472988.2322341	0.09242833473956935
1013754873.2136097	0.09262835671126624
1016741481.6780913	0.09281019486735431
1020030131.7805587	0.0930102168390512
1023322319.9698336	0.09321023881074808
1026618042.4476426	0.09341026078244496
1029617217.5495965	0.09359209893853304
1032919676.8023572	0.09379212091022993
1036225659.3632988	0.09399214288192681
1039234152.3147235	0.09417398103801489
1042546850.7855486	0.09437400300971177
1045863061.6859114	0.09457402498140866
1048880843.7166932	0.09475586313749673
