# C		CN		K0		e_x		e_y		e_z		n		overlap		p		q
3.4454264251	5.2026034713	0.735763916537	-0.0	-0.0	1.87240000048e-07	0.388254888216	0.000124398664571	5.58910760577	1.79262869393
3.47724259832	5.2076846638	0.643086437541	-0.0	-0.0	0.000531443826667	0.387929808253	0.000132820440601	6.19363984425	2.90082270526
3.50596553248	5.2209417188	0.563636274762	-0.0	-0.0	0.00134984762667	0.387428682649	0.000145983823731	7.16326641629	4.40816521463
3.53954927088	5.23487078835	0.522620203657	-0.0	-0.0	0.00212068413333	0.386956308276	0.000157640848719	8.11086291543	5.67947230979
3.56959787892	5.24869960988	0.496747180405	-0.0	-0.0	0.00286652962667	0.386498901845	0.000168752997365	9.06022502679	6.86169554406
3.59125055236	5.26247569669	0.478634064845	-0.0	-0.0	0.00361248325333	0.386041087743	0.000180041076929	10.0411409041	8.02410574933
3.60627485639	5.27328589909	0.465419675602	-0.0	-0.0	0.00433858268	0.385595130644	0.000191226226731	11.0293361822	9.16088556592
3.6305788776	5.27749196141	0.455535653149	-0.0	-0.0	0.00503626472	0.385166321833	0.000201306332	12.0081503101	10.2633685524
3.64604507291	5.27898782832	0.447669588767	-0.0	-0.0	0.00572674384	0.384741645418	0.000211668578562	13.0048251934	11.3694063821
3.66725585506	5.28498565508	0.441062897747	-0.0	-0.0	0.00641326198667	0.384319114371	0.000221549819091	14.0239543677	12.4941304697
3.67786124613	5.28789323165	0.435674606136	-0.0	-0.0	0.00707321445333	0.383912660147	0.000231618088296	15.0300368392	13.5974056634
3.69288555015	5.30180894954	0.431034311999	-0.0	-0.0	0.00772982676	0.383507996778	0.000241310394907	16.0560190525	14.7180245815
3.70260715864	5.30776545166	0.427089015474	-0.0	-0.0	0.00836371930667	0.383117083207	0.000250969215385	17.0720290424	15.8249415157
3.71277065842	5.31151170145	0.423643150386	-0.0	-0.0	0.00898968749333	0.382730813242	0.000260424217582	18.0967798633	16.9386895131
3.72691117985	5.32143984844	0.420721291364	-0.0	-0.0	0.00960245564	0.382352457917	0.000269350302956	19.1206199195	18.0448222266
3.73619089704	5.31853950268	0.418145860555	-0.0	-0.0	0.01020852716	0.381978002388	0.000278482730163	20.1536201376	19.1578503029
3.74370304905	5.32379754794	0.415856472735	-0.0	-0.0	0.0108068733867	0.381608100604	0.000287632198534	21.1930845368	20.2757804145
3.75254087494	5.32632569815	0.413777001822	-0.0	-0.0	0.0114085767867	0.381235902768	0.0002967324818	22.2584385784	21.4194632369
3.76358815731	5.33228938303	0.411601344207	-0.0	-0.0	0.0121410528933	0.38078250418	0.000307725990058	23.579961892	22.8297456488
3.77507733098	5.3409446356	0.410088232648	-0.0	-0.0	0.0127213886267	0.380423045848	0.000316165614819	24.6448144725	23.9618515106
3.79628811312	5.34693241981	0.408631669544	-0.0	-0.0	0.0132863232	0.380072926517	0.000323491135314	25.6988376299	25.0885136628
3.81573133009	5.35765290283	0.407429103639	-0.0	-0.0	0.0138520024667	0.37972214742	0.000330958179265	26.7702253589	26.2223071309
3.83296509059	5.36478960396	0.406155424817	-0.0	-0.0	0.01442276032	0.379368022859	0.000338705022105	27.8710641602	27.3977506555
3.84666372072	5.37700865266	0.404946515602	-0.0	-0.0	0.0150851648267	0.378956772301	0.00034819620679	29.1683252361	28.7697337907
3.85638532921	5.38209876543	0.404031519371	-0.0	-0.0	0.0156255701333	0.378621066544	0.000356052620537	30.2439680812	29.9067864107
3.86875828546	5.38345633456	0.403119018349	-0.0	-0.0	0.0161585611733	0.378289788864	0.000363512225389	31.3198564397	31.049440235
3.87671232877	5.39298892989	0.402308100144	-0.0	-0.0	0.01669558644	0.377955825107	0.000371430685738	32.4178181963	32.210506606
3.88510826337	5.39637703408	0.401981828625	-0.0	-0.0	0.0169151308667	0.377819249018	0.000374172618541	32.8710379645	32.6904778859
3.88113124171	5.39447004608	0.402258377	-0.0	-0.0	0.0169067821467	0.377824438174	0.000374388130523	32.8495184165	32.6439603448
3.87892178524	5.39440516446	0.402488811306	-0.0	-0.0	0.0168967420667	0.377830678127	0.000374417328647	32.8257901512	32.5994793188
3.87892178524	5.39710858197	0.402856707782	-0.0	-0.0	0.01688252576	0.377839525925	0.000374149889393	32.7914250546	32.5320386029
3.87627043747	5.39569230769	0.40312107509	-0.0	-0.0	0.0168722147467	0.377845937776	0.000374213025715	32.76659465	32.4835013717
3.87582854618	5.39507692308	0.403566283886	-0.0	-0.0	0.0168547711067	0.377856797331	0.000373928483121	32.7245916549	32.4016900981
3.87185152452	5.39273622653	0.4040058439	-0.0	-0.0	0.01683766904	0.377867432406	0.000373991940365	32.6834318658	32.3213636141
3.87096774194	5.39285714286	0.40463422697	-0.0	-0.0	0.0168131410133	0.377882696074	0.000373617167244	32.6244013562	32.2065836457
3.86699072028	5.39106317411	0.406829886136	-0.0	-0.0	0.01672814476	0.377935572064	0.000372402946622	32.4200693293	31.8096312928
3.84798939461	5.37998146432	0.416395660427	-0.0	-0.0	0.01636665716	0.37816039892	0.00036742408361	31.5577541341	30.1462180396
3.84091913389	5.37248840804	0.425990475679	-0.0	-0.0	0.01601647492	0.378378116866	0.000361502806183	30.7324270003	28.5759512657
3.82854617764	5.3667905824	0.434913595606	-0.0	-0.0	0.0157008088667	0.378574313022	0.000356708040633	29.9965823807	27.1960868276
3.82191780822	5.3617482951	0.444085975798	-0.0	-0.0	0.0153861453067	0.378769822279	0.000351386753827	29.2718717271	25.8546007857
3.81307998232	5.35869565217	0.453842323194	-0.0	-0.0	0.0150615938533	0.37897140799	0.000346078349922	28.5331878318	24.5065969487
3.80424215643	5.35188063413	0.464142711252	-0.0	-0.0	0.0147288175867	0.379178039914	0.000340623915656	27.7849926639	23.1637764768
3.79584622183	5.34516028634	0.475206465745	-0.0	-0.0	0.01438135024	0.37939371228	0.000334839773321	27.0142850254	21.8060317664
3.78214759169	5.33374883141	0.487269476248	-0.0	-0.0	0.0140122525067	0.379622739905	0.00032910470565	26.2069902444	20.4155868644
3.77242598321	5.32542901716	0.500240371259	-0.0	-0.0	0.0136243910667	0.379863311509	0.000322659489016	25.3720292908	19.0153031758
3.75254087494	5.31351689612	0.514444364523	-0.0	-0.0	0.0132094509467	0.380120579877	0.000316546135202	24.4933590359	17.5853239382
3.73751657092	5.30322985262	0.529820807655	-0.0	-0.0	0.01277572772	0.3803893744	0.000309659373061	23.5918521113	16.1567884759
3.70702607159	5.29315241401	0.546521658338	-0.0	-0.0	0.01231776044	0.380673074107	0.00030357997351	22.6597706559	14.7283839817
3.68979231109	5.28689043699	0.565248199701	-0.0	-0.0	0.01182521716	0.380978038273	0.000295805612533	21.6790653511	13.2715728027
3.67167476801	5.27292922882	0.585587958205	-0.0	-0.0	0.0113024593733	0.381301558292	0.000287512029583	20.6621728328	11.8313580675
3.65885992046	5.26295707472	0.602696801831	-0.0	-0.0	0.0108728496533	0.381567294342	0.000280552952587	19.8455858887	10.72558848
3.66106937693	5.26550079491	0.602045248754	-0.0	-0.0	0.0108816798667	0.381561839152	0.000280546497126	19.861995966	10.7584180497
3.66062748564	5.26414494596	0.601713095251	-0.0	-0.0	0.0108864721867	0.381558875392	0.000280668444132	19.870915408	10.7754806036
3.66106937693	5.26478067387	0.600965751484	-0.0	-0.0	0.0108968437467	0.381552461159	0.000280827146759	19.8903715465	10.8136053988
3.66151126823	5.26605212969	0.600067847156	-0.0	-0.0	0.0109103873067	0.381544090234	0.00028104093973	19.9154014126	10.8604338118
3.66327883341	5.26764144946	0.598865005018	-0.0	-0.0	0.0109278105333	0.38153330953	0.000281227364442	19.9479644181	10.922852084
3.66239505082	5.26899841017	0.596317671225	-0.0	-0.0	0.0109653968133	0.381510063231	0.000281987506228	20.0180971823	11.0564925208
3.67565178966	5.28280902447	0.573600817731	-0.0	-0.0	0.01131748792	0.381292260083	0.000287441768341	20.6821530917	12.32141363
3.68802474591	5.29042485732	0.551300440327	-0.0	-0.0	0.0117002902933	0.381055375807	0.000293516436943	21.4175001386	13.7116220723
3.70304904993	5.29863967099	0.532038879118	-0.0	-0.0	0.01206754608	0.380828019212	0.00029906681488	22.1355181863	15.0554820822
3.71586389748	5.30764371447	0.51488274301	-0.0	-0.0	0.0124285490533	0.380604455935	0.000304659995713	22.8528607421	16.3856128118
3.72735307114	5.31693472091	0.49924738513	-0.0	-0.0	0.01279275704	0.380378826045	0.000310393421886	23.5875267225	17.7306178535
3.74635439682	5.32683846637	0.484763268035	-0.0	-0.0	0.0131643214933	0.380148554065	0.000315611647378	24.3479267723	19.1085715128
3.76358815731	5.3407593348	0.471715478437	-0.0	-0.0	0.0135363507067	0.379917908318	0.000320942578475	25.1192426387	20.4845564991
3.77684489616	5.35181704261	0.460578406479	-0.0	-0.0	0.01388941736	0.379698939356	0.000326249148328	25.8603265576	21.7831545034
3.78921785241	5.36096340319	0.450513714516	-0.0	-0.0	0.0142436939733	0.379479142265	0.000331617568246	26.6122204442	23.0765478767
3.7980556783	5.37304565353	0.441551992504	-0.0	-0.0	0.0145923324	0.379262767133	0.000337162673568	27.3598995937	24.3413240082
3.8068935042	5.37609238452	0.433301775294	-0.0	-0.0	0.0149523432267	0.379039263393	0.00034287438853	28.1378586598	25.627843488
3.81661511268	5.38260056127	0.426094536679	-0.0	-0.0	0.01531051036	0.378816807214	0.000348407867267	28.9159570065	26.879046975
3.8232434821	5.38648396138	0.420145357073	-0.0	-0.0	0.0156541339733	0.378603321427	0.000353888938408	29.6634814476	28.0398754021
3.83473265577	5.39427860697	0.414907707587	-0.0	-0.0	0.0160203404533	0.378375723495	0.000359233414299	30.4588066821	29.2180504296
3.84180291648	5.39782608696	0.411111876654	-0.0	-0.0	0.0163805580933	0.378151764676	0.000364775239344	31.2363062243	30.2839150011
3.85373398144	5.40545567266	0.408490475458	-0.0	-0.0	0.0167494498533	0.377922318782	0.000369907235797	32.0266678703	31.2783891462
3.86478126381	5.40890813486	0.40658400832	-0.0	-0.0	0.0171536889067	0.377670799856	0.000375631021248	32.889141023	32.2920028202
3.86433937251	5.40965346535	0.406349071889	-0.0	-0.0	0.0172135081733	0.377633572894	0.000376671229619	33.0167792506	32.4385641029
3.86389748122	5.40934405941	0.406513120646	-0.0	-0.0	0.0172105263333	0.377635423696	0.000376649866143	33.0085160963	32.4156166589
3.86124613345	5.40823274528	0.406725332902	-0.0	-0.0	0.0172006025333	0.377641603451	0.000376726716276	32.985094396	32.3734545406
3.86301369863	5.40947075209	0.40702114867	-0.0	-0.0	0.01718904456	0.377648796611	0.000376341266602	32.9575663199	32.3197642872
3.86080424216	5.40897832817	0.407211519246	-0.0	-0.0	0.0171828699867	0.377652639352	0.000376440016333	32.9425655283	32.2879057817
3.86257180734	5.41052631579	0.407558185852	-0.0	-0.0	0.01716859528	0.377661523115	0.000376005148871	32.9086798625	32.2235174056
3.86212991604	5.41052631579	0.408048399588	-0.0	-0.0	0.0171501267867	0.377673016663	0.000375704934648	32.8644732722	32.1362455333
3.86080424216	5.41201982652	0.410358596588	-0.0	-0.0	0.01706294408	0.377727269401	0.000374215607219	32.6563940638	31.7274348235
3.85152452497	5.40738442445	0.419006827677	-0.0	-0.0	0.01674356016	0.377925982618	0.000369176720871	31.8993852316	30.2500337257
3.83915156871	5.39565217391	0.428598011281	-0.0	-0.0	0.0164037507733	0.378137331814	0.000364039122853	31.1034895551	28.7087559503
3.81970835175	5.38809226933	0.437747142858	-0.0	-0.0	0.0160906825333	0.378331988276	0.00036006142411	30.3794981253	27.3223327038
3.81087052585	5.37928883344	0.447110398895	-0.0	-0.0	0.0157808553067	0.378524567684	0.000355136894614	29.6715235493	25.9817812767
3.80733539549	5.37714642523	0.456690400287	-0.0	-0.0	0.0154743623067	0.378715016799	0.000349777403337	28.9792624801	24.686217443
3.79673000442	5.3690625	0.467026250118	-0.0	-0.0	0.0151550994533	0.378913331695	0.000344836978764	28.2670076445	23.368920534
3.78656650464	5.36306729264	0.477835244443	-0.0	-0.0	0.0148316887067	0.379114171979	0.000339763517	27.5546245107	22.0712853016
3.77154220062	5.34606952709	0.489357755939	-0.0	-0.0	0.0144959934	0.379322565457	0.000334891344461	26.82497723	20.7679676346
3.76535572249	5.33834586466	0.501148739209	-0.0	-0.0	0.0141610572533	0.379530414809	0.000329248111907	26.1072721314	19.5130530187
3.748121962	5.32726130653	0.514394999977	-0.0	-0.0	0.0137938848667	0.379758195433	0.000323968849069	25.3326258814	18.190620703
3.73707467963	5.32001258653	0.528781584867	-0.0	-0.0	0.0134071160933	0.37999803921	0.000317784494481	24.5292744405	16.8529151322
3.71895713654	5.31281565657	0.544715941162	-0.0	-0.0	0.0129895113467	0.380256898156	0.000311617444265	23.6762197466	15.4770378236
3.69863013699	5.30155210643	0.560851392685	-0.0	-0.0	0.0125746587867	0.380513949606	0.000305658614629	22.8437962297	14.1845804736
3.67167476801	5.28835136856	0.57916467625	-0.0	-0.0	0.0121117381733	0.380800651203	0.000299334448323	21.9328494083	12.8295310039
3.66151126823	5.27643312102	0.599478832102	-0.0	-0.0	0.0115982158533	0.381118542055	0.000290711206558	20.9434141504	11.4439866194
3.64383561644	5.25693337584	0.620695214791	-0.0	-0.0	0.0110636225333	0.381449308628	0.000282283026611	19.9362042185	10.1212589639
3.622182943	5.23546325879	0.646881093192	-0.0	-0.0	0.0104102220533	0.381853337935	0.000271956851492	18.7386552369	8.65430622005
3.59920459567	5.21357668908	0.678250912428	-0.0	-0.0	0.00965482125333	0.382320110096	0.000259882332469	17.4027185598	7.12833161276
3.56076005303	5.17904210865	0.709431620314	-0.0	-0.0	0.00892951114667	0.382767957129	0.00024947026707	16.1697018831	5.82720510684
