# C		CN		K0		e_x		e_y		e_z		n		overlap		p		q
3.38356164384	5.14799865456	0.735770988117	-0.0	-0.0	1.87240000048e-07	0.390315175715	0.000127029844104	5.58970321113	1.79276148704
3.41758727353	5.15859766277	0.649894366953	-0.0	-0.0	0.000531443826667	0.389991190584	0.000135311254932	6.17700803106	2.82104865787
3.46045072912	5.16953073364	0.572797324992	-0.0	-0.0	0.00134984762667	0.389491752713	0.000147895181288	7.12244234757	4.2543820057
3.48784798939	5.18710950345	0.532375788209	-0.0	-0.0	0.00212068413333	0.389020969243	0.000159875171492	8.04815927382	5.46823285635
3.52054794521	5.20163398693	0.506773515224	-0.0	-0.0	0.00286652962667	0.388565103305	0.000170909106956	8.97789390254	6.5975142124
3.54573574901	5.20512820513	0.488478673341	-0.0	-0.0	0.00361248325333	0.388108831069	0.00018215404615	9.94224923677	7.71742373921
3.5634114008	5.21417017147	0.474954304625	-0.0	-0.0	0.00433858268	0.387664375902	0.000193337036421	10.9139774672	8.81631610023
3.57534246575	5.21741935484	0.464426083373	-0.0	-0.0	0.00503626472	0.38723701127	0.000204271674533	11.8777630392	9.89410206962
3.60097216085	5.22097498396	0.455843479518	-0.0	-0.0	0.00572674384	0.386813765116	0.000214217937499	12.8603404269	10.9819833198
3.61511268228	5.23256557901	0.448808909202	-0.0	-0.0	0.00641326198667	0.386392657106	0.000224745096671	13.8668153281	12.0834632651
3.62527618206	5.22824354479	0.442970941794	-0.0	-0.0	0.00707321445333	0.385987571772	0.000235059479728	14.8626183912	13.1694042064
3.64030048608	5.23497615262	0.438244773857	-0.0	-0.0	0.00772982676	0.385584271264	0.000244957820616	15.877849517	14.2598155534
3.65355722492	5.2410402791	0.434235850991	-0.0	-0.0	0.00836371930667	0.385194674245	0.000254542497454	16.8814306743	15.3348454505
3.6637207247	5.24865378524	0.43074279942	-0.0	-0.0	0.00898968749333	0.384809705193	0.000264178263378	17.8939351823	16.4163259532
3.68272205038	5.25623224992	0.427888885235	-0.0	-0.0	0.00960245564	0.384432620656	0.000272902467947	18.9052088247	17.4846583481
3.69465311533	5.25794274929	0.425274567703	-0.0	-0.0	0.01020852716	0.384059429719	0.000282001768285	19.9269173357	18.5661206627
3.70658418029	5.26342229199	0.423084442745	-0.0	-0.0	0.0108068733867	0.383690773722	0.000290939334807	20.9543086603	19.6442482906
3.71630578878	5.26526777325	0.421000384708	-0.0	-0.0	0.0114085767867	0.383319826777	0.000300079728686	22.0076737159	20.7531421699
3.72823685373	5.27847309136	0.418682015269	-0.0	-0.0	0.0121410528933	0.382867957813	0.00031116518932	23.3157782278	22.1304232366
3.74237737517	5.28205928237	0.416954859594	-0.0	-0.0	0.0127213886267	0.382509710095	0.000319516932584	24.3730210229	23.2463539221
3.75386654883	5.28149300156	0.415409773898	-0.0	-0.0	0.0132863232	0.382160769926	0.000327802885589	25.4192606968	24.3495073711
3.77905435263	5.29389903995	0.41399887438	-0.0	-0.0	0.0138520024667	0.381811172213	0.000334855952419	26.4823235203	25.4683104546
3.78568272205	5.29817506959	0.412678678546	-0.0	-0.0	0.01442276032	0.381458235374	0.000343626425694	27.5722887827	26.6147223509
3.79893946089	5.31518713269	0.411249941375	-0.0	-0.0	0.0150851648267	0.381048374789	0.000353302382806	28.8591649629	27.9684545792
3.80777728679	5.31410058624	0.410242192529	-0.0	-0.0	0.0156255701333	0.380713799652	0.000361369519388	29.9259880028	29.0841578468
3.81131241715	5.31893892659	0.409261447805	-0.0	-0.0	0.0161585611733	0.380383637677	0.000369803072219	30.9923838228	30.2031874211
3.81926646045	5.32081280788	0.40835979928	-0.0	-0.0	0.01669558644	0.380050798671	0.000377855667954	32.079845938	31.3417543987
3.82147591692	5.32194521391	0.408018580049	-0.0	-0.0	0.0169151308667	0.379914677337	0.000381232802523	32.5279987103	31.8098736432
3.81882456916	5.32255083179	0.408295110987	-0.0	-0.0	0.0169067821467	0.379919854234	0.00038132817588	32.5068629576	31.7646811689
3.81617322139	5.32613390929	0.408502935762	-0.0	-0.0	0.0168967420667	0.379926079857	0.00038140651597	32.4835040949	31.7234483544
3.81131241715	5.32345679012	0.408850068748	-0.0	-0.0	0.01688252576	0.379934893514	0.000381624993499	32.4499658019	31.6599993429
3.81042863456	5.32283950617	0.409097069046	-0.0	-0.0	0.0168722147467	0.37994127803	0.000381519780422	32.4257164159	31.6145297145
3.81175430844	5.32407407407	0.409525710106	-0.0	-0.0	0.0168547711067	0.379952104409	0.000381057888596	32.3844329642	31.5365055309
3.81087052585	5.32386539055	0.409934767829	-0.0	-0.0	0.01683766904	0.379962708419	0.000380823674492	32.3440573915	31.4612174557
3.81219619973	5.32448286508	0.410532637904	-0.0	-0.0	0.0168131410133	0.379977916523	0.000380229321787	32.2862150464	31.3525334896
3.80821917808	5.32180358246	0.412622214423	-0.0	-0.0	0.01672814476	0.380030613838	0.000379022724478	32.0860987116	30.9766647872
3.80026513478	5.3169449598	0.42167559976	-0.0	-0.0	0.01636665716	0.380254684582	0.000372976997168	31.2410030114	29.4042193383
3.79407865665	5.31517027864	0.430758429659	-0.0	-0.0	0.01601647492	0.38047167039	0.000366945517197	30.4313966778	27.9172588943
3.78479893946	5.3103875969	0.439185784955	-0.0	-0.0	0.0157008088667	0.380667203589	0.000361786755956	29.7075479342	26.6088170879
3.77154220062	5.30133581858	0.44784570719	-0.0	-0.0	0.0153861453067	0.380862054394	0.000357095106413	28.9968417217	25.3375583913
3.76623950508	5.29975124378	0.456953449812	-0.0	-0.0	0.0150615938533	0.38106296391	0.000351453866917	28.2726669706	24.0660205562
3.7565178966	5.29162776222	0.466534055789	-0.0	-0.0	0.0147288175867	0.381268897199	0.000346063119636	27.5394165075	22.8000359773
3.74281926646	5.27725856698	0.476822884769	-0.0	-0.0	0.01438135024	0.381483848707	0.00034074730221	26.7843367657	21.5181568649
3.7308882015	5.27727414817	0.488085178648	-0.0	-0.0	0.0140122525067	0.381712099491	0.000334854460943	25.9942346933	20.2009416244
3.71321254971	5.2657474146	0.500097771232	-0.0	-0.0	0.0136243910667	0.381951856418	0.000329104321639	25.1764198484	18.8767769861
3.6977463544	5.25769956003	0.513214435697	-0.0	-0.0	0.0132094509467	0.382208262795	0.000322630441446	24.3162537696	17.5236369952
3.67962881131	5.24606175173	0.52714959139	-0.0	-0.0	0.01277572772	0.382476155321	0.000316060268041	23.4357428302	16.1830379911
3.66239505082	5.23106060606	0.542317360425	-0.0	-0.0	0.01231776044	0.382758896288	0.000308902465622	22.5209313833	14.8334466726
3.64648696421	5.21853257432	0.55918605391	-0.0	-0.0	0.01182521716	0.383062839387	0.000301034286144	21.5628562618	13.4611021208
3.63278833407	5.20487650412	0.577750568616	-0.0	-0.0	0.0113024593733	0.383385263809	0.000292428596425	20.5706241385	12.0889767057
3.61643835616	5.19695044473	0.593521437946	-0.0	-0.0	0.0108728496533	0.383650109775	0.000285763719331	19.7732086358	11.025003902
3.61643835616	5.19523809524	0.592934416165	-0.0	-0.0	0.0108816798667	0.383644668074	0.000285926952292	19.7893962497	11.0558996299
3.61688024746	5.19555555556	0.592544686124	-0.0	-0.0	0.0108864721867	0.383641714295	0.000285984104446	19.7984590315	11.0755021392
3.61820592134	5.19752302318	0.591977355748	-0.0	-0.0	0.0108968437467	0.383635321665	0.000286069169938	19.8172617437	11.1072241964
3.61997348652	5.19777777778	0.591144857575	-0.0	-0.0	0.0109103873067	0.383626973836	0.000286179931194	19.8420360028	11.1523026474
3.61953159523	5.19777777778	0.590057243563	-0.0	-0.0	0.0109278105333	0.383616234536	0.000286537358778	19.874076547	11.2112007458
3.61864781264	5.19777777778	0.587748815546	-0.0	-0.0	0.0109653968133	0.383593066528	0.000287302902375	19.9431578112	11.3375307496
3.62925320371	5.20443740095	0.567192820223	-0.0	-0.0	0.01131748792	0.383375996917	0.00029296592347	20.5966065252	12.5296371203
3.64250994255	5.21982895154	0.547040838713	-0.0	-0.0	0.0117002902933	0.3831399066	0.000298966528333	21.3191542315	13.8342830523
3.65223155104	5.23140234251	0.529542259759	-0.0	-0.0	0.01206754608	0.382913319556	0.000304958238416	22.0242678537	15.0962534856
3.66593018118	5.24746835443	0.513873269758	-0.0	-0.0	0.0124285490533	0.382690509214	0.000310482014344	22.7284547759	16.3465835424
3.67520989837	5.25743200506	0.49951256814	-0.0	-0.0	0.01279275704	0.38246563922	0.00031642027023	23.4493335123	17.6127300684
3.68360583297	5.26334070098	0.486171114446	-0.0	-0.0	0.0131643214933	0.382236142769	0.00032256064983	24.1959095282	18.9103448363
3.69642068051	5.27332912989	0.474103189502	-0.0	-0.0	0.0135363507067	0.382006277104	0.000328300639441	24.9537609201	20.2079770695
3.706142289	5.28301292153	0.463783884608	-0.0	-0.0	0.01388941736	0.381788046635	0.000333933357837	25.6817148311	21.4326306705
3.71542200619	5.29687992436	0.454398908375	-0.0	-0.0	0.0142436939733	0.381568992725	0.000339586113479	26.4196790436	22.6550013837
3.72205037561	5.30226700252	0.44605495812	-0.0	-0.0	0.0145923324	0.381353344003	0.00034536740362	27.1535186068	23.8488634398
3.72691117985	5.3105511811	0.438348325574	-0.0	-0.0	0.0149523432267	0.381130579475	0.000351493752219	27.9177323554	25.0653846171
3.73795846222	5.32064191315	0.431487020456	-0.0	-0.0	0.01531051036	0.380908881289	0.000356957210999	28.6834386946	26.2594757163
3.75254087494	5.32674199623	0.42575526369	-0.0	-0.0	0.0156541339733	0.380696110796	0.00036175767382	29.4207584674	27.3744849488
3.76137870084	5.33009708738	0.420668800544	-0.0	-0.0	0.0160203404533	0.380469275578	0.000367440441852	30.207069442	28.5117152252
3.76623950508	5.33302034429	0.416829312523	-0.0	-0.0	0.0163805580933	0.380246075347	0.00037330715947	30.9766932729	29.5551733539
3.77596111357	5.33979368553	0.414164084501	-0.0	-0.0	0.0167494498533	0.380017414245	0.00037871537661	31.7573585832	30.5272350251
3.78082191781	5.3419737664	0.412259863343	-0.0	-0.0	0.0171536889067	0.379766738864	0.000385105871473	32.6080060033	31.5124582499
3.7812638091	5.34333020931	0.412088321059	-0.0	-0.0	0.0172135081733	0.379729630343	0.000386062920439	32.7329119301	31.6483515332
3.7812638091	5.3446875	0.412202565054	-0.0	-0.0	0.0172105263333	0.379731479888	0.000386004464604	32.725645695	31.631215478
3.77949624392	5.34417005314	0.412408000117	-0.0	-0.0	0.0172006025333	0.379737635278	0.000386001493172	32.7025868568	31.5907659897
3.77817057004	5.34333958724	0.41268846704	-0.0	-0.0	0.01718904456	0.379744804212	0.000385920904613	32.6755557546	31.5398924719
3.77728678745	5.34333958724	0.412844069074	-0.0	-0.0	0.0171828699867	0.379748624014	0.000385895537864	32.6610551008	31.5121709103
3.77684489616	5.34469815452	0.413196546863	-0.0	-0.0	0.01716859528	0.379757487094	0.000385673280199	32.6275678786	31.4488204611
3.77817057004	5.34354485777	0.413650091785	-0.0	-0.0	0.0171501267867	0.379768942694	0.000385192570117	32.5843242064	31.367285484
3.77463543968	5.34460093897	0.415817255508	-0.0	-0.0	0.01706294408	0.379823007646	0.000383921243729	32.3804746973	30.9823512216
3.76668139638	5.33959899749	0.423955667153	-0.0	-0.0	0.01674356016	0.380021056688	0.000378745835168	31.6387238091	29.5879578371
3.76093680954	5.33448275862	0.432969067751	-0.0	-0.0	0.0164037507733	0.380231687921	0.000372956054852	30.8586256701	28.1324363579
3.75475033142	5.33668341709	0.441612977715	-0.0	-0.0	0.0160906825333	0.380425694965	0.000367698994694	30.1482236128	26.8173504541
3.74149359258	5.32651777288	0.450431556714	-0.0	-0.0	0.0157808553067	0.380617625327	0.000363205453817	29.4536617076	25.5465050051
3.7308882015	5.31884057971	0.45938739666	-0.0	-0.0	0.0154743623067	0.380807429151	0.000358509843271	28.7744969541	24.3215448144
3.72514361467	5.31462799496	0.468940927069	-0.0	-0.0	0.0151550994533	0.381005083941	0.000353089520188	28.0747565051	23.0809026833
3.71498011489	5.30148218228	0.478892826737	-0.0	-0.0	0.0148316887067	0.381205241884	0.000348003562918	27.3749975976	21.8593505231
3.70349094123	5.29071969697	0.489539203836	-0.0	-0.0	0.0144959934	0.381412930343	0.000342801933992	26.6586688501	20.6280942783
3.69686257181	5.28133880644	0.500476299687	-0.0	-0.0	0.0141610572533	0.381620082512	0.000337161406372	25.9538082649	19.4375554109
3.68581528944	5.27180783818	0.512674851496	-0.0	-0.0	0.0137938848667	0.38184709882	0.000331308559235	25.1919130992	18.1844934344
3.67034909412	5.25997466751	0.525689725897	-0.0	-0.0	0.0134071160933	0.382086134831	0.000325490585095	24.4034780915	16.9273710515
3.6637207247	5.25118783655	0.53991801999	-0.0	-0.0	0.0129895113467	0.382344121461	0.000318343247115	23.568114482	15.6405570933
3.64958020327	5.23320659062	0.554363380524	-0.0	-0.0	0.0125746587867	0.382600307699	0.000311908449671	22.7536501152	14.4255669896
3.63764913831	5.21979067555	0.570810228016	-0.0	-0.0	0.0121117381733	0.382886048601	0.000304387700636	21.8621976959	13.1438298758
3.62969509501	5.21136147255	0.589383434279	-0.0	-0.0	0.0115982158533	0.383202869035	0.000295590340371	20.892676826	11.8124788808
3.60980998674	5.19497455471	0.609004308709	-0.0	-0.0	0.0110636225333	0.383532516539	0.000287356184227	19.905622176	10.5270274094
3.5881573133	5.17330359987	0.633672091534	-0.0	-0.0	0.0104102220533	0.383935180094	0.000276993100444	18.7292455756	9.07808185024
3.54794520548	5.14854026307	0.66285020533	-0.0	-0.0	0.00965482125333	0.384400385248	0.00026611187119	17.4139788469	7.57335643797
3.51922227132	5.12355212355	0.692284884692	-0.0	-0.0	0.00892951114667	0.384846723984	0.000254943382213	16.1984303872	6.27094489546
