# C		CN		K0		e_x		e_y		e_z		n		overlap		p		q
3.36014140521	5.14382402707	0.735790636354	-0.0	-0.0	1.87240000048e-07	0.390454421154	0.000127033138441	5.58827310984	1.79214104574
3.39902783915	5.15330426032	0.648648217266	-0.0	-0.0	0.000531443826667	0.390130510018	0.000135124121629	6.17692539209	2.83412325336
3.44233318604	5.17148554337	0.570910393626	-0.0	-0.0	0.00134984762667	0.389631186213	0.000147653291221	7.12392258361	4.28159230982
3.46531153336	5.18359245782	0.529795529134	-0.0	-0.0	0.00212068413333	0.389160510265	0.000159830133534	8.05171521609	5.51461778427
3.49094122846	5.18659658344	0.5040176406	-0.0	-0.0	0.00286652962667	0.388704748442	0.000171193164338	8.98248742729	6.65599157919
3.52364118427	5.20208945478	0.48552500512	-0.0	-0.0	0.00361248325333	0.388248580413	0.000182025567762	9.9478741429	7.78965394914
3.53999116217	5.20682926829	0.471611760395	-0.0	-0.0	0.00433858268	0.387804226755	0.000193307003482	10.9236801854	8.91088042328
3.56429518338	5.21137685844	0.460649731534	-0.0	-0.0	0.00503626472	0.387376959728	0.000203575893299	11.8932345384	10.0160636557
3.58329650906	5.21660766012	0.451882090848	-0.0	-0.0	0.00572674384	0.386953810239	0.000213983544444	12.8820983609	11.126759638
3.60406539991	5.21837976305	0.444702806867	-0.0	-0.0	0.00641326198667	0.386532798406	0.000224106082845	13.893728652	12.2501200375
3.61246133451	5.22069626317	0.438921802079	-0.0	-0.0	0.00707321445333	0.386127807258	0.00023450368566	14.8927088768	13.3493133937
3.63543968184	5.22766295707	0.434055216395	-0.0	-0.0	0.00772982676	0.385724597191	0.000243828648802	15.9110710765	14.4607955492
3.64074237738	5.23529411765	0.430065143527	-0.0	-0.0	0.00836371930667	0.385335089151	0.000253937384243	16.9172593023	15.5500974627
3.65974370305	5.24121557455	0.426555939769	-0.0	-0.0	0.00898968749333	0.384950208022	0.000262929711915	17.9336995621	16.6487090263
3.67432611578	5.24826279217	0.423682392558	-0.0	-0.0	0.00960245564	0.384573209607	0.000271971925493	18.9491260644	17.7345293434
3.6809544852	5.25134027121	0.421058925004	-0.0	-0.0	0.01020852716	0.384200103903	0.000281505794739	19.9756382296	18.8338397627
3.70216526734	5.25345043915	0.418600695376	-0.0	-0.0	0.0108068733867	0.383831532103	0.000289777033785	21.0109338554	19.9473107214
3.71100309324	5.2594797869	0.416497401894	-0.0	-0.0	0.0114085767867	0.383460669878	0.000299011828821	22.0700464384	21.0768673385
3.72381794079	5.26351984995	0.414173410675	-0.0	-0.0	0.0121410528933	0.383008904116	0.000310062094107	23.3860402773	22.4795931278
3.7229341582	5.26610381488	0.412501014527	-0.0	-0.0	0.0127213886267	0.382650738218	0.000319680680371	24.4489749052	23.6116142185
3.73840035351	5.26751790719	0.410916998936	-0.0	-0.0	0.0132863232	0.382301877744	0.000327690099583	25.5028633525	24.7387576974
3.75077330977	5.28340080972	0.409537571323	-0.0	-0.0	0.0138520024667	0.381952359875	0.000335930448251	26.5738704463	25.8772247202
3.76623950508	5.29059298355	0.408065951414	-0.0	-0.0	0.01442276032	0.381599503642	0.000344005251621	27.6751217689	27.0605568597
3.7812638091	5.30294573643	0.406532723278	-0.0	-0.0	0.0150851648267	0.381189736666	0.000353590709117	28.9741157188	28.4521271701
3.79142730888	5.30405196412	0.405425751443	-0.0	-0.0	0.0156255701333	0.380855237941	0.000361553854432	30.0498155092	29.5996327372
3.79673000442	5.31147540984	0.404399115667	-0.0	-0.0	0.0161585611733	0.380525156646	0.000369873655536	31.1254023157	30.7469072392
3.81794078657	5.3287037037	0.403499079811	-0.0	-0.0	0.01669558644	0.380192388383	0.000376612697721	32.21867269	31.9067307365
3.81794078657	5.33045356371	0.403123037645	-0.0	-0.0	0.0169151308667	0.380056308564	0.000380244166207	32.6716210884	32.389171471
3.81794078657	5.33014501697	0.40339808734	-0.0	-0.0	0.0169067821467	0.380061473853	0.000380075327149	32.6503771301	32.3433451728
3.81926646045	5.33045356371	0.403608114581	-0.0	-0.0	0.0168967420667	0.380067698054	0.000379757237361	32.6269351174	32.3012360715
3.81573133009	5.3287037037	0.403959820744	-0.0	-0.0	0.01688252576	0.380076502296	0.0003798392747	32.5930476082	32.2361107647
3.81661511268	5.32901234568	0.404203654709	-0.0	-0.0	0.0168722147467	0.380082903145	0.00037955543106	32.568489123	32.189960785
3.81573133009	5.3287037037	0.404627093109	-0.0	-0.0	0.0168547711067	0.380093716662	0.000379313565887	32.5270598325	32.1111267492
3.81573133009	5.32932098765	0.405049617662	-0.0	-0.0	0.01683766904	0.38010431825	0.000378988752855	32.4863209577	32.0331869613
3.81396376491	5.32726150046	0.405640518787	-0.0	-0.0	0.0168131410133	0.380119522881	0.000378699651507	32.4280355139	31.9231140252
3.81263809103	5.32664402593	0.407732923263	-0.0	-0.0	0.01672814476	0.38017220816	0.000377219535692	32.2263857347	31.5400490337
3.79761378701	5.31847725162	0.416824222826	-0.0	-0.0	0.01636665716	0.380396227728	0.000371839136729	31.3752179269	29.9358371697
3.78612461335	5.30998140112	0.425920100432	-0.0	-0.0	0.01601647492	0.380613163979	0.000366304498869	30.5604156517	28.4216537797
3.77154220062	5.30432079577	0.434385002076	-0.0	-0.0	0.0157008088667	0.380808650903	0.000361710023601	29.8342825476	27.0895577686
3.76093680954	5.29691876751	0.443041229094	-0.0	-0.0	0.0153861453067	0.381003458732	0.00035672206375	29.1181205345	25.7956791129
3.75209898365	5.29373246024	0.45217973388	-0.0	-0.0	0.0150615938533	0.381204313482	0.000351277021422	28.3855029117	24.4966678124
3.73353954927	5.28307788552	0.461775281014	-0.0	-0.0	0.0147288175867	0.381410208711	0.000346681198889	27.6483664754	23.2086973492
3.71763146266	5.27769061814	0.472070208987	-0.0	-0.0	0.01438135024	0.381625111126	0.000341562863094	26.8893682608	21.9053599758
3.70304904993	5.26981132075	0.483290129567	-0.0	-0.0	0.0140122525067	0.381853308029	0.000335915048748	26.09564684	20.5695316552
3.69465311533	5.26582677165	0.495306040906	-0.0	-0.0	0.0136243910667	0.382093018555	0.000329333414512	25.2736281075	19.2234050222
3.68404772426	5.2553593947	0.508433829191	-0.0	-0.0	0.0132094509467	0.382349357093	0.000322428606689	24.408856706	17.8473309961
3.66990720283	5.24210858586	0.522501402959	-0.0	-0.0	0.01277572772	0.382617191107	0.000315482432244	23.5230326527	16.4775545402
3.64471939903	5.22591888466	0.537778368402	-0.0	-0.0	0.01231776044	0.382899861427	0.00030904724651	22.6084337575	15.104535984
3.62041537782	5.20591039085	0.554677914053	-0.0	-0.0	0.01182521716	0.383203739989	0.000301886604601	21.6470523797	13.7102195731
3.60627485639	5.19414385742	0.573163858725	-0.0	-0.0	0.0113024593733	0.383526091966	0.0002933423478	20.6512518468	12.3206264064
3.60097216085	5.18815663801	0.588885785406	-0.0	-0.0	0.0108728496533	0.383790878267	0.000285796596195	19.8502128505	11.24181908
3.60185594344	5.18879337791	0.58821083992	-0.0	-0.0	0.0108816798667	0.383785438822	0.000285895603142	19.8669254119	11.2767455928
3.60273972603	5.18974848774	0.587967859616	-0.0	-0.0	0.0108864721867	0.383782483881	0.000285911534827	19.8755332961	11.2908094475
3.60229783473	5.19076433121	0.587352191602	-0.0	-0.0	0.0108968437467	0.3837760955	0.000286136549422	19.8944247446	11.324836838
3.60273972603	5.19076433121	0.586506815854	-0.0	-0.0	0.0109103873067	0.383767746789	0.000286353663911	19.9194916025	11.3711767231
3.60229783473	5.19076433121	0.585422674033	-0.0	-0.0	0.0109278105333	0.383757009941	0.000286712537941	19.9516923676	11.4308270891
3.60141405214	5.19044585987	0.583104356676	-0.0	-0.0	0.0109653968133	0.383733847224	0.000287481641483	20.0212597021	11.5595176387
3.61467079099	5.20165394402	0.562572788174	-0.0	-0.0	0.01131748792	0.383516827189	0.000292954396836	20.679040339	12.7693486875
3.62262483429	5.21246819338	0.542376552774	-0.0	-0.0	0.0117002902933	0.383280790793	0.000299397938478	21.4065558129	14.0968374216
3.63367211666	5.22575516693	0.524862178887	-0.0	-0.0	0.01206754608	0.383054255499	0.000305283948075	22.1158353062	15.379731074
3.6469288555	5.2417407878	0.509218373289	-0.0	-0.0	0.0124285490533	0.382831497751	0.000310857818747	22.824153253	16.6490355679
3.65885992046	5.2546031746	0.494909596817	-0.0	-0.0	0.01279275704	0.382606678836	0.000316590275556	23.5495375707	17.9332556412
3.6725585506	5.26299112801	0.481652074353	-0.0	-0.0	0.0131643214933	0.382377233372	0.000322279565972	24.3001298606	19.2470258587
3.67653557225	5.2655903767	0.469609486136	-0.0	-0.0	0.0135363507067	0.382147416913	0.000328797176862	25.0618403288	20.5637876286
3.69023420239	5.27686472819	0.459273311211	-0.0	-0.0	0.01388941736	0.381929235256	0.000334079708672	25.7934969914	21.8090590931
3.70172337605	5.28431681919	0.449843351656	-0.0	-0.0	0.0142436939733	0.381710228446	0.000339553819845	26.5361306229	23.0548995127
3.71232876712	5.29246769619	0.441409910135	-0.0	-0.0	0.0145923324	0.381494631292	0.000344966130004	27.2744879273	24.2751725338
3.72602739726	5.30686830498	0.433652488821	-0.0	-0.0	0.0149523432267	0.381271922577	0.000350254859825	28.0428108259	25.515879261
3.73309765798	5.30933668658	0.426711997141	-0.0	-0.0	0.01531051036	0.381050280184	0.000356108802895	28.8140151369	26.7376421853
3.74149359258	5.31522762951	0.420935773512	-0.0	-0.0	0.0156541339733	0.380837560182	0.000361523268343	29.557209443	27.8773880583
3.74900574459	5.32172002511	0.415865031109	-0.0	-0.0	0.0160203404533	0.380610769714	0.000367354122227	30.3498060692	29.0354731678
3.76226248343	5.32842830307	0.41201439175	-0.0	-0.0	0.0163805580933	0.380387621986	0.000372408995731	31.1258161604	30.1007288584
3.76712328767	5.32728977806	0.409256902665	-0.0	-0.0	0.0167494498533	0.38015900253	0.000378335795868	31.9145124975	31.1022295912
3.77993813522	5.33468496569	0.407274195383	-0.0	-0.0	0.0171536889067	0.379908387942	0.000383965672493	32.7731796956	32.11627103
3.78258948299	5.33551605862	0.407039778144	-0.0	-0.0	0.0172135081733	0.379871302697	0.00038471371604	32.9001049457	32.2617386764
3.77861246133	5.33343730505	0.407147690387	-0.0	-0.0	0.0172105263333	0.379873142528	0.000385057220075	32.8924688298	32.2445446115
3.77772867875	5.33520599251	0.407403692516	-0.0	-0.0	0.0172006025333	0.379879290886	0.000384959726017	32.8688893582	32.1984293629
3.77772867875	5.33416536661	0.407671991975	-0.0	-0.0	0.01718904456	0.379886453823	0.000384744042636	32.8417821727	32.1478038096
3.77817057004	5.3344773791	0.407828652322	-0.0	-0.0	0.0171828699867	0.379890292735	0.000384582079277	32.8270809689	32.1193708658
3.77861246133	5.3344773791	0.408182234781	-0.0	-0.0	0.01716859528	0.379899144556	0.000384268619039	32.7933340723	32.0547081987
3.77772867875	5.33354134165	0.408635952384	-0.0	-0.0	0.0171501267867	0.379910596778	0.000384011140207	32.7497383194	31.9715796411
3.77507733098	5.33281298782	0.410800989478	-0.0	-0.0	0.01706294408	0.379964655494	0.000382641245523	32.544222245	31.5793852331
3.76226248343	5.32999373826	0.418938062176	-0.0	-0.0	0.01674356016	0.380162653193	0.000377924499878	31.7965653684	30.1583555785
3.75121520106	5.32799748901	0.427938433104	-0.0	-0.0	0.0164037507733	0.380373239565	0.000372638488168	31.010423588	28.6762637612
3.74326115776	5.3230672533	0.436532818093	-0.0	-0.0	0.0160906825333	0.380567199055	0.00036754819615	30.2946016838	27.3402279792
3.73663278833	5.3156240176	0.4453082249	-0.0	-0.0	0.0157808553067	0.380759086474	0.000362390119654	29.5945897525	26.0484492107
3.7308882015	5.31391687657	0.454212546441	-0.0	-0.0	0.0154743623067	0.380948850397	0.000357211274216	28.9102323601	24.8039739581
3.7140963323	5.29959003469	0.463790654371	-0.0	-0.0	0.0151550994533	0.381146458888	0.000352845634636	28.2061016924	23.5388908306
3.70481661511	5.28927444795	0.473777062126	-0.0	-0.0	0.0148316887067	0.381346568767	0.000347683857203	27.5022224088	22.2930393982
3.69465311533	5.27984838913	0.48446254233	-0.0	-0.0	0.0144959934	0.381554214611	0.000342364662394	26.7816922336	21.0373146756
3.68714096332	5.27609108159	0.495376197328	-0.0	-0.0	0.0141610572533	0.381761319181	0.000336804366218	26.0727328643	19.8270588136
3.67034909412	5.26497622821	0.507638743935	-0.0	-0.0	0.0137938848667	0.381988272183	0.00033146159926	25.3066962812	18.5483689113
3.65797613787	5.2502378687	0.520788624512	-0.0	-0.0	0.0134071160933	0.382227254695	0.000325355015154	24.5130793456	17.2615752986
3.64825452939	5.24364675985	0.535221523092	-0.0	-0.0	0.0129895113467	0.382485186515	0.000318453585129	23.6715656975	15.9415651706
3.63543968184	5.22893481717	0.549862295443	-0.0	-0.0	0.0125746587867	0.382741315131	0.000311885438285	22.8519300316	14.6969493624
3.61422889969	5.20891719745	0.56642089162	-0.0	-0.0	0.0121117381733	0.383026985989	0.00030514455724	21.9558231775	13.3900033915
3.59920459567	5.19585326954	0.585258921232	-0.0	-0.0	0.0115982158533	0.383343736322	0.000296848698678	20.9791046413	12.0260193033
3.58418029165	5.18548129197	0.604881298016	-0.0	-0.0	0.0110636225333	0.383673310567	0.000288194895018	19.9874143903	10.7216059012
3.56606274856	5.17382937781	0.629679930558	-0.0	-0.0	0.0104102220533	0.384075887682	0.000277563925762	18.8063381855	9.24735087492
3.52540874945	5.14446952596	0.659840727705	-0.0	-0.0	0.00965482125333	0.384540981561	0.000266768583599	17.4856321149	7.69230604737
3.49933716306	5.12597150259	0.689974638552	-0.0	-0.0	0.00892951114667	0.384987218358	0.000255363065059	16.2630634402	6.35554988901
