# C		CN		K0		e_x		e_y		e_z		n		overlap		p		q
3.39726027397	5.17942664418	0.735673291494	-0.0	-0.0	1.87240000048e-07	0.389677325982	0.00013550977946	5.58666980063	1.79259281164
3.45470614229	5.18837209302	0.646923473039	-0.0	-0.0	0.000531443826667	0.3893530019	0.000142821013021	6.13831761075	2.83449059288
3.4958020327	5.20276497696	0.566978673142	-0.0	-0.0	0.00134984762667	0.388853041519	0.000155427469328	7.02341594664	4.27556187698
3.53954927088	5.21172638436	0.524621356682	-0.0	-0.0	0.00212068413333	0.388381765518	0.000166532901795	7.88660715517	5.48855133463
3.55634114008	5.21512005191	0.498258180767	-0.0	-0.0	0.00286652962667	0.387925422654	0.000178208486573	8.74900069695	6.59609850046
3.57490057446	5.2247009376	0.479282297339	-0.0	-0.0	0.00361248325333	0.387468673068	0.000189638843071	9.64041323511	7.68920337802
3.5969951392	5.22790099646	0.465263064393	-0.0	-0.0	0.00433858268	0.387023752914	0.000200423784552	10.53575353	8.75490334928
3.61069376933	5.23772858518	0.454741945592	-0.0	-0.0	0.00503626472	0.386595941174	0.000211098097079	11.4206082588	9.78355251088
3.62660185594	5.2442455243	0.446353292278	-0.0	-0.0	0.00572674384	0.386172252222	0.000221427617946	12.3198737575	10.8112756637
3.64295183385	5.25159438776	0.439509822282	-0.0	-0.0	0.00641326198667	0.385750703651	0.000231600168356	13.2385865029	11.846759117
3.64913831198	5.25573248408	0.433980243768	-0.0	-0.0	0.00707321445333	0.385345194519	0.000241902771239	14.1437789281	12.8573249078
3.66460450729	5.26692087703	0.429205388782	-0.0	-0.0	0.00772982676	0.384941472079	0.000251536300849	15.0665685068	13.8826941014
3.6809544852	5.27200759975	0.425234798623	-0.0	-0.0	0.00836371930667	0.384551469149	0.000260677513368	15.9766319673	14.8872677028
3.69863013699	5.2833228048	0.421817033488	-0.0	-0.0	0.00898968749333	0.38416609566	0.000269580862008	16.8948761549	15.8952307116
3.71011931065	5.29328287606	0.418797041038	-0.0	-0.0	0.00960245564	0.383788616618	0.000278712321611	17.8138672592	16.9027629049
3.71984091913	5.29993698803	0.415919184973	-0.0	-0.0	0.01020852716	0.383415035251	0.000287856242797	18.7434548781	17.9290256955
3.73353954927	5.2990272984	0.41338282579	-0.0	-0.0	0.0108068733867	0.383045996521	0.000296526639666	19.6782518215	18.9574406552
3.73840035351	5.30021936697	0.411094381332	-0.0	-0.0	0.0114085767867	0.382674658539	0.000305930570327	20.63513763	20.0069532992
3.75033141847	5.31183469004	0.408622857031	-0.0	-0.0	0.0121410528933	0.382222316832	0.000316840310251	21.8221269845	21.3043954536
3.76093680954	5.31832395247	0.406838711641	-0.0	-0.0	0.0127213886267	0.381863694317	0.000325361886147	22.7808269294	22.3513362594
3.76933274414	5.32448469706	0.405209865476	-0.0	-0.0	0.0132863232	0.381514389088	0.000333806602484	23.7296121614	23.3881772857
3.78347326558	5.3300124533	0.403791939761	-0.0	-0.0	0.0138520024667	0.381164425627	0.000341728819684	24.6937243473	24.4347125354
3.78877596111	5.33894080997	0.402474546425	-0.0	-0.0	0.01442276032	0.380811119547	0.000350519983339	25.682233481	25.5061845296
3.80556783031	5.34627329193	0.400953147335	-0.0	-0.0	0.0150851648267	0.380400830946	0.000359715883972	26.8483940625	26.7773846118
3.81661511268	5.35587961527	0.399886202986	-0.0	-0.0	0.0156255701333	0.380065904999	0.000367418833092	27.8123873232	27.8211800089
3.82942996023	5.35745207174	0.398866200251	-0.0	-0.0	0.0161585611733	0.37973539761	0.000374824311488	28.7764217075	28.8671657462
3.8400353513	5.35707678076	0.397974003514	-0.0	-0.0	0.01669558644	0.37940221039	0.000382474910689	29.7594374967	29.9272945715
3.8400353513	5.35800185014	0.397622394258	-0.0	-0.0	0.0169151308667	0.379265946647	0.000386034952584	30.1653741313	30.3651278563
3.83915156871	5.35811227637	0.3979050908	-0.0	-0.0	0.0169067821467	0.37927112896	0.000385953546287	30.1460000382	30.3218346935
3.83826778612	5.35914841098	0.398138927988	-0.0	-0.0	0.0168967420667	0.379277360925	0.000385858840418	30.1248176801	30.2808749818
3.83782589483	5.35822277075	0.398507795724	-0.0	-0.0	0.01688252576	0.379286177614	0.000385636611868	30.0942218511	30.2191699226
3.83738400354	5.357914224	0.398771291491	-0.0	-0.0	0.0168722147467	0.379292585572	0.00038548716867	30.0720071971	30.1747856556
3.83605832965	5.35802469136	0.399217793448	-0.0	-0.0	0.0168547711067	0.379303412874	0.00038529361242	30.034546716	30.0998624254
3.83605832965	5.35844396419	0.399659581469	-0.0	-0.0	0.01683766904	0.379314027978	0.000384973536348	29.997794554	30.0261714128
3.832081308	5.35712079086	0.400286219953	-0.0	-0.0	0.0168131410133	0.379329251993	0.000384913284505	29.9451278251	29.9213273579
3.82898806894	5.35776128633	0.402498228977	-0.0	-0.0	0.01672814476	0.379381999048	0.000383632365397	29.7628982455	29.5569296008
3.81617322139	5.35275883447	0.412140872212	-0.0	-0.0	0.01636665716	0.379606309605	0.000378114894165	28.9928233705	28.0280651453
3.81042863456	5.3513345748	0.42186056508	-0.0	-0.0	0.01601647492	0.379823513411	0.000372099675886	28.2555748814	26.5804765614
3.79938135219	5.34577114428	0.430929280425	-0.0	-0.0	0.0157008088667	0.380019254879	0.000367241238313	27.5986126958	25.3062655505
3.79186920018	5.34184308842	0.440297369218	-0.0	-0.0	0.0153861453067	0.380214312507	0.000362057688688	26.9511119713	24.0635708979
3.77993813522	5.33593262633	0.450256625668	-0.0	-0.0	0.0150615938533	0.380415434552	0.000357070639791	26.290563389	22.8144629148
3.76535572249	5.32968407882	0.460802636705	-0.0	-0.0	0.0147288175867	0.380621583288	0.000352188682795	25.622090085	21.5684723712
3.75430844012	5.32205513784	0.472207916653	-0.0	-0.0	0.01438135024	0.380836755082	0.000346686827747	24.932923939	20.3033728346
3.7392841361	5.30969563853	0.484637810093	-0.0	-0.0	0.0140122525067	0.381065241348	0.000341135800996	24.212017762	19.0089569504
3.7308882015	5.30015698587	0.498054836664	-0.0	-0.0	0.0136243910667	0.38130526363	0.000334613653133	23.465615799	17.7021120319
3.71807335395	5.2955618508	0.51283371943	-0.0	-0.0	0.0132094509467	0.381561931644	0.000327963429437	22.679535729	16.3630586949
3.70393283252	5.28008821676	0.528666816311	-0.0	-0.0	0.01277572772	0.381830104437	0.000321077601641	21.8730303422	15.0332715093
3.68537339814	5.26285894604	0.546031503334	-0.0	-0.0	0.01231776044	0.382113141207	0.000314110010496	21.0379295955	13.6954153499
3.66681396376	5.24928819994	0.565382064746	-0.0	-0.0	0.01182521716	0.38241740229	0.000306459964987	20.1581071123	12.3351169243
3.65399911622	5.23330167775	0.586613811423	-0.0	-0.0	0.0113024593733	0.382740164032	0.000297758506758	19.2458789683	10.9827159413
3.64074237738	5.22155309033	0.604789190484	-0.0	-0.0	0.0108728496533	0.383005287903	0.000290803065	18.5125656487	9.93361374178
3.64074237738	5.22123613312	0.604071507832	-0.0	-0.0	0.0108816798667	0.382999839684	0.000290971180038	18.5276879097	9.96625601519
3.64118426867	5.22155309033	0.603787028208	-0.0	-0.0	0.0108864721867	0.382996882815	0.000291021318813	18.5354678916	9.98017637809
3.64162615996	5.22250396197	0.603081482278	-0.0	-0.0	0.0108968437467	0.382990483497	0.000291175689995	18.5526993455	10.013643655
3.64250994255	5.22408874802	0.60213168023	-0.0	-0.0	0.0109103873067	0.382982126935	0.00029135661328	18.5754440765	10.0585722055
3.64339372514	5.22503961965	0.600934053439	-0.0	-0.0	0.0109278105333	0.382971376399	0.000291607459642	18.6045682352	10.1156598935
3.64516129032	5.2252851711	0.598356935504	-0.0	-0.0	0.0109653968133	0.382948184152	0.000292161246332	18.6676263661	10.2394618974
3.66018559434	5.24184868629	0.575406517534	-0.0	-0.0	0.01131748792	0.382730887719	0.000297455520112	19.2644282889	11.4090121664
3.66504639859	5.25047498417	0.552760388399	-0.0	-0.0	0.0117002902933	0.38249455013	0.000304146343406	19.9257743348	12.697469917
3.67874502872	5.26304141638	0.533156694282	-0.0	-0.0	0.01206754608	0.382267726032	0.000309795842955	20.5712388549	13.943013489
3.69023420239	5.27749683944	0.515628451301	-0.0	-0.0	0.0124285490533	0.382044686772	0.000315497267072	21.2157494125	15.177261015
3.70172337605	5.28860119987	0.499595072645	-0.0	-0.0	0.01279275704	0.381819577335	0.000321220077073	21.8753920144	16.4264824598
3.70967741935	5.30028418061	0.484792732735	-0.0	-0.0	0.0131643214933	0.381589848788	0.000327362619196	22.5576429855	17.7019913107
3.72779496244	5.31683480454	0.471392143492	-0.0	-0.0	0.0135363507067	0.38135973134	0.000332592508062	23.2501284573	18.978227253
3.73751657092	5.32200188857	0.459889866241	-0.0	-0.0	0.01388941736	0.381141271527	0.000338194002069	23.9152158953	20.1848945025
3.74414494034	5.32735849057	0.449418618139	-0.0	-0.0	0.0142436939733	0.380921985511	0.000344082793048	24.590117081	21.3902388007
3.75254087494	5.33521834747	0.440087256472	-0.0	-0.0	0.0145923324	0.380706115194	0.000349680818794	25.2605729566	22.5676658361
3.75828546178	5.34286612194	0.431403566577	-0.0	-0.0	0.0149523432267	0.380483120856	0.0003556922749	25.9589048572	23.7708034096
3.76314626602	5.3476758794	0.423809567632	-0.0	-0.0	0.01531051036	0.38026119053	0.000361694843949	26.6568834966	24.9392977173
3.76977463544	5.35310734463	0.417473327491	-0.0	-0.0	0.0156541339733	0.380048203832	0.000367212671993	27.3283926895	26.0272160205
3.77817057004	5.35915934755	0.411828994059	-0.0	-0.0	0.0160203404533	0.379821125105	0.000372876342454	28.0438019731	27.1342839355
3.78656650464	5.36403508772	0.407526271317	-0.0	-0.0	0.0163805580933	0.379597685494	0.000378314014572	28.7427316442	28.1468106126
3.79584622183	5.36457357076	0.40468839005	-0.0	-0.0	0.0167494498533	0.379368781974	0.000383679566891	29.4495130902	29.0679706562
3.80335837384	5.36755070203	0.402670314339	-0.0	-0.0	0.0171536889067	0.379117847883	0.000389702103349	30.2188173674	29.995331173
3.80733539549	5.36981602744	0.402375757183	-0.0	-0.0	0.0172135081733	0.379080707153	0.000390300002001	30.33332372	30.1336712716
3.80777728679	5.36907730673	0.402535736178	-0.0	-0.0	0.0172105263333	0.379082557536	0.000390189425398	30.325892741	30.1128860415
3.80424215643	5.36837180287	0.402746934289	-0.0	-0.0	0.0172006025333	0.379088719366	0.000390369983453	30.3050819402	30.0745464891
3.80291648255	5.36848673947	0.403054074506	-0.0	-0.0	0.01718904456	0.379095895801	0.000390290107801	30.2803086129	30.0242931616
3.80335837384	5.36985018727	0.40320906429	-0.0	-0.0	0.0171828699867	0.379099729607	0.000390130902736	30.267200708	29.9983554406
3.80203269996	5.36860174782	0.403583023569	-0.0	-0.0	0.01716859528	0.379108592713	0.000390000847243	30.2366943944	29.9369466517
3.80070702607	5.36735330836	0.404066698477	-0.0	-0.0	0.0171501267867	0.379120059536	0.000389792835437	30.1972557095	29.8576703282
3.80070702607	5.36735330836	0.406373424848	-0.0	-0.0	0.01706294408	0.379174183412	0.00038816888188	30.0113847662	29.4838006046
3.79098541759	5.36409133563	0.41505583923	-0.0	-0.0	0.01674356016	0.379372437291	0.000383218900614	29.3352312116	28.1285657111
3.78082191781	5.35902255639	0.424732934984	-0.0	-0.0	0.0164037507733	0.379583296535	0.000377913829921	28.6238848416	26.7099466223
3.77021652673	5.35163111669	0.434033825776	-0.0	-0.0	0.0160906825333	0.379777498899	0.000373135699529	27.9760237859	25.4275852466
3.76668139638	5.34714375392	0.443562449446	-0.0	-0.0	0.0157808553067	0.379969630951	0.000367714953996	27.3423017445	24.1864490551
3.7565178966	5.34118755891	0.453326982937	-0.0	-0.0	0.0154743623067	0.3801596368	0.000362986560973	26.7220471992	22.9851180538
3.75033141847	5.3307160804	0.463868994445	-0.0	-0.0	0.0151550994533	0.380357497216	0.000357622550007	26.0834612263	21.7625305558
3.74458683164	5.32255025126	0.474909200288	-0.0	-0.0	0.0148316887067	0.380557863859	0.000352132583335	25.4446643878	20.5569285342
3.73663278833	5.31458202388	0.486663470097	-0.0	-0.0	0.0144959934	0.380765772778	0.000346611972755	24.790384343	19.3467330949
3.72425983208	5.31064902331	0.49873671578	-0.0	-0.0	0.0141610572533	0.380973136211	0.000341516807296	24.1469362811	18.178924024
3.7145382236	5.29751024267	0.512340848119	-0.0	-0.0	0.0137938848667	0.381200389821	0.000335580044282	23.4516478435	16.9454942753
3.7057003977	5.28958990536	0.526975991395	-0.0	-0.0	0.0134071160933	0.38143967591	0.00032918743975	22.7306135811	15.7045433062
3.68802474591	5.27402022756	0.543351060189	-0.0	-0.0	0.0129895113467	0.381697935708	0.000322973225679	21.9647681691	14.4201532164
3.67697746354	5.26384055679	0.560044127296	-0.0	-0.0	0.0125746587867	0.381954386704	0.000316244127578	21.2176223506	13.2090975993
3.65797613787	5.24722662441	0.578872974968	-0.0	-0.0	0.0121117381733	0.382240421583	0.000309268829387	20.3987661857	11.9436744419
3.63278833407	5.23375796178	0.600157836844	-0.0	-0.0	0.0115982158533	0.382557578436	0.000301795570878	19.5076933095	10.6348353343
3.61776403005	5.22041467305	0.622414138956	-0.0	-0.0	0.0110636225333	0.382887570817	0.000293127744018	18.601713719	9.38656755253
3.58373840035	5.19743589744	0.65018070791	-0.0	-0.0	0.0104102220533	0.38329066067	0.00028380347033	17.5251011084	7.99520252083
3.55148033584	5.16822129302	0.683354897274	-0.0	-0.0	0.00965482125333	0.383756347486	0.000272421171232	16.3228143419	6.55155004975
3.51347768449	5.13768584357	0.716970948616	-0.0	-0.0	0.00892951114667	0.38420315318	0.00026196046598	15.2094818132	5.30586849408
