# C		CN		K0		e_x		e_y		e_z		n		overlap		p		q
3.35749005745	5.13175675676	0.735742300563	-0.0	-0.0	1.87240000048e-07	0.391056697545	0.000134501572163	5.58811903157	1.79248959769
3.40167918692	5.15070328198	0.649940096677	-0.0	-0.0	0.000531443826667	0.390733106457	0.000142290143362	6.14099327795	2.80412282266
3.44896155546	5.16705336427	0.570752063736	-0.0	-0.0	0.00134984762667	0.390234276022	0.000154595911666	7.03035595642	4.22754139969
3.47238179408	5.18058765269	0.527934111061	-0.0	-0.0	0.00212068413333	0.389764065137	0.000166717906123	7.90078176111	5.44250286848
3.49182501105	5.17535234349	0.501204309524	-0.0	-0.0	0.00286652962667	0.38930875364	0.000178322793927	8.77040046184	6.55406380971
3.50861688025	5.18190725016	0.481875107856	-0.0	-0.0	0.00361248325333	0.388853036339	0.000189970427892	9.67122287709	7.65509982379
3.52850198851	5.18660598179	0.467606685029	-0.0	-0.0	0.00433858268	0.388409121736	0.000201018070519	10.5768864643	8.72936865866
3.54264250994	5.18549692457	0.456688129191	-0.0	-0.0	0.00503626472	0.387982278479	0.000211834452284	11.4742743681	9.77451681936
3.55192222713	5.18927648579	0.447918237508	-0.0	-0.0	0.00572674384	0.387559545495	0.000222755543677	12.3880301873	10.8224611612
3.57622624834	5.19730077121	0.440456296969	-0.0	-0.0	0.00641326198667	0.387138949652	0.000232603232836	13.3228620577	11.890063783
3.58197083517	5.20732883317	0.434426836972	-0.0	-0.0	0.00707321445333	0.386734356999	0.000243180430825	14.2457534949	12.9336223207
3.59346000884	5.21423989737	0.429293487945	-0.0	-0.0	0.00772982676	0.386331547	0.000253298755744	15.1865885876	13.9897972738
3.6137870084	5.22236421725	0.42495912576	-0.0	-0.0	0.00836371930667	0.385942423824	0.000262385977328	16.1163656793	15.0291543999
3.62792752983	5.22919987249	0.42124918836	-0.0	-0.0	0.00898968749333	0.385557922986	0.000271731681008	17.0544879393	16.0710568786
3.6385329209	5.2356870229	0.418044067135	-0.0	-0.0	0.00960245564	0.385181298592	0.000281080889012	17.9920618994	17.1079813187
3.65399911622	5.24397208122	0.415221588729	-0.0	-0.0	0.01020852716	0.384808562575	0.000289890403268	18.9375750733	18.1501701901
3.66769774635	5.25269157695	0.412774913592	-0.0	-0.0	0.0108068733867	0.384440352402	0.000298650297532	19.8876728765	19.1918186775
3.6805125939	5.26232616941	0.410542646558	-0.0	-0.0	0.0114085767867	0.384069856616	0.000307518081064	20.8615669302	20.2577068924
3.69244365886	5.2690851735	0.408051505185	-0.0	-0.0	0.0121410528933	0.383618537233	0.000318594516598	22.0714609093	21.5822031939
3.70172337605	5.27195467422	0.406266483656	-0.0	-0.0	0.0127213886267	0.383260725229	0.000327364610216	23.0493680636	22.6509243088
3.71188687583	5.27798742138	0.404687808027	-0.0	-0.0	0.0132863232	0.382912209455	0.000335751844765	24.015982299	23.704874109
3.7224922669	5.28656622724	0.403268318669	-0.0	-0.0	0.0138520024667	0.382563044309	0.000344086983031	24.9983981057	24.7722672608
3.74105170128	5.29577464789	0.401959683908	-0.0	-0.0	0.01442276032	0.382210529351	0.000351752469056	26.0049880943	25.8637357811
3.74944763588	5.30393996248	0.400504006981	-0.0	-0.0	0.0150851648267	0.381801167255	0.000361891305961	27.1942035959	27.1561524924
3.75563411401	5.30771633864	0.399367683563	-0.0	-0.0	0.0156255701333	0.38146699904	0.000370231693481	28.1807008249	28.2302331815
3.76623950508	5.31181789835	0.39841209252	-0.0	-0.0	0.0161585611733	0.381137238621	0.000377978340968	29.1657267163	29.2945998581
3.77905435263	5.3199502023	0.397413857827	-0.0	-0.0	0.01669558644	0.380804804427	0.000385548219876	30.1723955268	30.3897704421
3.78038002651	5.32347447073	0.397145836109	-0.0	-0.0	0.0169151308667	0.380668848649	0.000389001906852	30.5848994046	30.8281550493
3.78038002651	5.32347447073	0.397366090264	-0.0	-0.0	0.0169067821467	0.380674014208	0.000388843130024	30.5665268807	30.7908207157
3.77817057004	5.32129514321	0.397588664768	-0.0	-0.0	0.0168967420667	0.380680237301	0.000388882425075	30.5447605325	30.7499036569
3.77772867875	5.32098381071	0.397946575156	-0.0	-0.0	0.01688252576	0.380689041678	0.000388658212326	30.5135150777	30.6879608958
3.77640300486	5.3200498132	0.398197112905	-0.0	-0.0	0.0168722147467	0.380695417732	0.000388599321405	30.4910274637	30.6440336333
3.77640300486	5.3200498132	0.398616419262	-0.0	-0.0	0.0168547711067	0.3807062302	0.000388269409584	30.4529522648	30.5701716847
3.77551922227	5.31911581569	0.399029921467	-0.0	-0.0	0.01683766904	0.380716820983	0.000388036973449	30.4156707125	30.4977191198
3.77551922227	5.31849315068	0.399623168358	-0.0	-0.0	0.0168131410133	0.380732010921	0.000387573302726	30.3622135587	30.3940086569
3.7733097658	5.31734662099	0.401696401405	-0.0	-0.0	0.01672814476	0.380784644143	0.000386191105329	30.1772540901	30.0353195759
3.76049491825	5.31054931336	0.410733645857	-0.0	-0.0	0.01636665716	0.381008442363	0.000380631005721	29.3960922519	28.529957446
3.75121520106	5.305	0.419794298278	-0.0	-0.0	0.01601647492	0.381225164265	0.000374904263446	28.648033723	27.1067442041
3.74723817941	5.30175109443	0.428201234703	-0.0	-0.0	0.0157008088667	0.381420458195	0.000369279283993	27.9809979176	25.8556541343
3.73265576668	5.29799247177	0.436834257691	-0.0	-0.0	0.0153861453067	0.38161507347	0.00036470835344	27.3237134056	24.6379429708
3.72381794079	5.29271356784	0.445920564037	-0.0	-0.0	0.0150615938533	0.381815737461	0.000359389864101	26.6543492602	23.4194509014
3.7140963323	5.2858490566	0.455437148224	-0.0	-0.0	0.0147288175867	0.382021413843	0.000354018181437	25.9774528999	22.209240858
3.706142289	5.27887944602	0.465681069345	-0.0	-0.0	0.01438135024	0.382236111533	0.000348193177142	25.2803558907	20.9817296128
3.69067609368	5.26679280984	0.476849188435	-0.0	-0.0	0.0140122525067	0.38246408007	0.000342667676218	24.5513774785	19.722706235
3.67874502872	5.26201011378	0.48893248968	-0.0	-0.0	0.0136243910667	0.382703556634	0.000336471026368	23.7977127991	18.4475249197
3.65930181175	5.24683143219	0.502184007616	-0.0	-0.0	0.0132094509467	0.382959644561	0.000330445133031	23.0047510854	17.1407639277
3.64825452939	5.23928911457	0.51647674444	-0.0	-0.0	0.01277572772	0.383227211265	0.000323334142834	22.1915696382	15.8343120826
3.62881131242	5.22929936306	0.532113833628	-0.0	-0.0	0.01231776044	0.383509602252	0.000316493830414	21.3496607453	14.5176005699
3.6137870084	5.22197381028	0.549669241291	-0.0	-0.0	0.01182521716	0.383813178264	0.000308643131543	20.4640100912	13.1692529819
3.59434379143	5.20646606914	0.569013697973	-0.0	-0.0	0.0113024593733	0.384135214062	0.000300586771143	19.5451785167	11.8198263886
3.58683163942	5.19993591798	0.585303046308	-0.0	-0.0	0.0108728496533	0.384399738735	0.000293239357701	18.8058805659	10.7786595763
3.58373840035	5.20179659929	0.584716310971	-0.0	-0.0	0.0108816798667	0.384394302829	0.00029364935532	18.8207809535	10.8083052671
3.58373840035	5.20179659929	0.584339282714	-0.0	-0.0	0.0108864721867	0.384391352643	0.00029374162114	18.8291965213	10.8267183391
3.58241272647	5.20115495669	0.583770874321	-0.0	-0.0	0.0108968437467	0.384384967788	0.000294039838736	18.8465696595	10.8572181593
3.58550596553	5.20109044259	0.582914773293	-0.0	-0.0	0.0109103873067	0.384376630112	0.000294039492934	18.8697221246	10.9015259432
3.58727353071	5.20500481232	0.581846339492	-0.0	-0.0	0.0109278105333	0.384365903873	0.000294217006755	18.8993118918	10.9574014721
3.58550596553	5.2030798845	0.579534806864	-0.0	-0.0	0.0109653968133	0.384342764043	0.000295061937497	18.9634572726	11.079041186
3.59522757402	5.21584348942	0.559001378785	-0.0	-0.0	0.01131748792	0.384125959858	0.000300782401299	19.569587927	12.2240085798
3.60450729121	5.225	0.538781060477	-0.0	-0.0	0.0117002902933	0.383890155648	0.000307097696592	20.2399013982	13.4797786763
3.61555457357	5.23352527191	0.521155210694	-0.0	-0.0	0.01206754608	0.383663846443	0.000312950117568	20.8937943597	14.6964209552
3.62129916041	5.24927907722	0.505392424302	-0.0	-0.0	0.0124285490533	0.383441304453	0.000319122178448	21.5462406494	15.89966305
3.63809102961	5.25415070243	0.49096315556	-0.0	-0.0	0.01279275704	0.383216711642	0.00032435775203	22.2137003994	17.1160631319
3.64427750773	5.26436781609	0.47757887464	-0.0	-0.0	0.0131643214933	0.382987490626	0.000330642476832	22.903620544	18.359646771
3.6557666814	5.26887543804	0.465454782276	-0.0	-0.0	0.0135363507067	0.382757901243	0.000336431841681	23.6026664572	19.6022010225
3.664162616	5.27530235519	0.455019269701	-0.0	-0.0	0.01388941736	0.382539935165	0.000342127571475	24.2737775599	20.777708013
3.67432611578	5.28249126152	0.44545946348	-0.0	-0.0	0.0142436939733	0.382321144751	0.000347672694547	24.955656813	21.9558699016
3.68758285462	5.29387496033	0.436895466433	-0.0	-0.0	0.0145923324	0.382105760623	0.00035279733175	25.6334201738	23.109774187
3.6973044631	5.30069708492	0.428832012389	-0.0	-0.0	0.0149523432267	0.38188327196	0.000358428470971	26.3391642191	24.2951694521
3.70525850641	5.30297280202	0.421662263187	-0.0	-0.0	0.01531051036	0.381661846322	0.000364169617983	27.0467948526	25.4575608896
3.71188687583	5.30752212389	0.415658858253	-0.0	-0.0	0.0156541339733	0.38144933111	0.000369732272884	27.7287861884	26.5432979235
3.72028281043	5.31449321124	0.410309885528	-0.0	-0.0	0.0160203404533	0.381222772366	0.000375461815813	28.4564984777	27.6507749365
3.72646928856	5.32070707071	0.406283642474	-0.0	-0.0	0.0163805580933	0.380999837743	0.000381198081985	29.1686441371	28.6630481994
3.73044631021	5.32334384858	0.403440970408	-0.0	-0.0	0.0167494498533	0.380771451562	0.000387179056211	29.8899762369	29.6053684787
3.73619089704	5.33049511195	0.401384510164	-0.0	-0.0	0.0171536889067	0.380521088379	0.000393470099534	30.6746256949	30.5568365312
3.73751657092	5.33175654368	0.401148767359	-0.0	-0.0	0.0172135081733	0.380484037115	0.000394342428021	30.7904586141	30.6923308823
3.73795846222	5.33238725954	0.401308180726	-0.0	-0.0	0.0172105263333	0.380485874011	0.000394230714217	30.782970641	30.6712727508
3.73619089704	5.33112582781	0.401505649438	-0.0	-0.0	0.0172006025333	0.380492021914	0.000394233053438	30.7617163739	30.6332746914
3.73751657092	5.33112582781	0.401778872761	-0.0	-0.0	0.01718904456	0.38049918213	0.000393877201384	30.7367937416	30.5852132189
3.73619089704	5.33049511195	0.401959276814	-0.0	-0.0	0.0171828699867	0.380502997713	0.000393899027449	30.7232215677	30.5563756323
3.73619089704	5.33049511195	0.402278027595	-0.0	-0.0	0.01716859528	0.380511846223	0.000393632894084	30.6925356325	30.4988080868
3.73486522316	5.32954903816	0.402730352028	-0.0	-0.0	0.0171501267867	0.380523291253	0.000393424785784	30.6524803883	30.4207055793
3.73177198409	5.32776025237	0.404887444924	-0.0	-0.0	0.01706294408	0.380577293336	0.000392109025949	30.463932533	30.0525808416
3.72514361467	5.32280480101	0.41298839383	-0.0	-0.0	0.01674356016	0.380775098617	0.000386779340851	29.7778190169	28.7187528683
3.71498011489	5.31248025276	0.421926751662	-0.0	-0.0	0.0164037507733	0.380985474025	0.000381438039961	29.0565696021	27.328893882
3.71100309324	5.30689001264	0.430456297435	-0.0	-0.0	0.0160906825333	0.381179244758	0.000375962553995	28.4001366469	26.0761075353
3.7057003977	5.30328905756	0.439225632457	-0.0	-0.0	0.0157808553067	0.381370942578	0.000370686254208	27.7580671161	24.8598611345
3.70304904993	5.30053780449	0.448143153378	-0.0	-0.0	0.0154743623067	0.381560519	0.000365213460021	27.1306391314	23.686658873
3.69332744145	5.29594423321	0.457621469175	-0.0	-0.0	0.0151550994533	0.381757932239	0.000360194960559	26.4850718206	22.5009591032
3.68139637649	5.28625833069	0.467456104125	-0.0	-0.0	0.0148316887067	0.381957846038	0.000355317329626	25.8400149456	21.3357621652
3.6725585506	5.28035600763	0.478037589131	-0.0	-0.0	0.0144959934	0.382165281285	0.000349915940673	25.1795834164	20.156887952
3.66283694211	5.27402928071	0.488925682193	-0.0	-0.0	0.0141610572533	0.382372185596	0.000344609832096	24.5296894648	19.0153231962
3.64825452939	5.26203379025	0.501165983348	-0.0	-0.0	0.0137938848667	0.382598919847	0.000339174153944	23.8278616691	17.808457552
3.63676535572	5.25079770262	0.514358853929	-0.0	-0.0	0.0134071160933	0.382837665133	0.000333085134133	23.1003414087	16.5895080911
3.62792752983	5.24440894569	0.528960500764	-0.0	-0.0	0.0129895113467	0.383095341246	0.000326196325346	22.3284470815	15.3323385944
3.622182943	5.23913043478	0.543910238417	-0.0	-0.0	0.0125746587867	0.383351212645	0.000319078055174	21.5749273265	14.1392953605
3.5965532479	5.21833921129	0.56115471918	-0.0	-0.0	0.0121117381733	0.38363660042	0.000312809514479	20.7494645846	12.8715508416
3.58506407424	5.20365618987	0.580530928083	-0.0	-0.0	0.0115982158533	0.383953036208	0.000304345524168	19.8510770192	11.559474103
3.57622624834	5.19518459069	0.60082643817	-0.0	-0.0	0.0110636225333	0.384282287697	0.000295242059312	18.934743475	10.2989654861
3.55280600972	5.1738010943	0.626163455923	-0.0	-0.0	0.0104102220533	0.384684461453	0.000285114671819	17.8432221996	8.88474291263
3.52761820592	5.14769429216	0.656761415703	-0.0	-0.0	0.00965482125333	0.385149100871	0.000273221586887	16.6238098908	7.39901879733
3.49845338047	5.11534733441	0.687819634448	-0.0	-0.0	0.00892951114667	0.385594896753	0.000262189903634	15.4962430293	6.10903710453
