# C		CN		K0		e_x		e_y		e_z		n		overlap		p		q
3.35528060097	5.13536379019	0.736046062346	-0.0	-0.0	1.87240000048e-07	0.390776013906	0.000106204017221	5.5888054797	1.79020902791
3.39902783915	5.13564984965	0.644635402245	-0.0	-0.0	0.000531443826667	0.390452273664	0.000114351612445	6.29232429652	2.930281496
3.42996022978	5.14522546419	0.572273671258	-0.0	-0.0	0.00134984762667	0.389953213299	0.000127448242798	7.42409684414	4.44217055657
3.45691559876	5.14614878209	0.536196892375	-0.0	-0.0	0.00212068413333	0.389482785677	0.000139483831141	8.53985844367	5.73367800173
3.46928855502	5.14730971129	0.514603176032	-0.0	-0.0	0.00286652962667	0.389027264311	0.000151446108904	9.66286344448	6.93422315815
3.48033583738	5.1606557377	0.499181758426	-0.0	-0.0	0.00361248325333	0.388571336954	0.000163306316335	10.8293644639	8.14197700632
3.50331418471	5.15955714751	0.48811270021	-0.0	-0.0	0.00433858268	0.388127217735	0.000174160261538	12.0063790503	9.32977526402
3.50684931507	5.16509280365	0.479937760195	-0.0	-0.0	0.00503626472	0.387700176131	0.000185451247641	13.1766495634	10.4894588669
3.52452496686	5.16855753647	0.4731915503	-0.0	-0.0	0.00572674384	0.387277249894	0.000195815298282	14.3724963893	11.6701884724
3.54087494476	5.18317152104	0.467814664028	-0.0	-0.0	0.00641326198667	0.386856460184	0.000206070477199	15.59495537	12.8631134734
3.56915598763	5.18733933162	0.463432773473	-0.0	-0.0	0.00707321445333	0.386451681039	0.000215114796834	16.8037236847	14.0378150833
3.57357490057	5.19183804627	0.459630923045	-0.0	-0.0	0.00772982676	0.386048685371	0.000225492660609	18.0394281318	15.2370284673
3.57887759611	5.19711075441	0.456648002833	-0.0	-0.0	0.00836371930667	0.385659382833	0.000235398659276	19.2585855742	16.407588115
3.59876270437	5.2029402365	0.45390578582	-0.0	-0.0	0.00898968749333	0.385274704766	0.000244246974636	20.4940199629	17.5986966848
3.62041537782	5.21062678969	0.451366648719	-0.0	-0.0	0.00960245564	0.384897909113	0.000252744492425	21.7339379558	18.8002647033
3.63676535572	5.22497616778	0.448989375066	-0.0	-0.0	0.01020852716	0.384524996398	0.000261474103254	22.989194738	20.0222851153
3.63985859479	5.22035510463	0.44690559759	-0.0	-0.0	0.0108068733867	0.384156622902	0.000271007918345	24.2549168892	21.2512083514
3.63809102961	5.22974261201	0.445160086402	-0.0	-0.0	0.0114085767867	0.383785952493	0.000280929595523	25.5495219505	22.4976087471
3.66062748564	5.23356510746	0.44303209453	-0.0	-0.0	0.0121410528933	0.383334430359	0.000291138662008	27.1645160337	24.0656129619
3.67874502872	5.2481866919	0.441622159212	-0.0	-0.0	0.0127213886267	0.382976448149	0.00029915241657	28.4689455539	25.3229411485
3.69244365886	5.25984251969	0.44038906446	-0.0	-0.0	0.0132863232	0.382627779029	0.000307234535533	29.7603606763	26.5648930471
3.70658418029	5.26444723618	0.439253737401	-0.0	-0.0	0.0138520024667	0.382278438266	0.000315290819348	31.0758651541	27.8290219378
3.71763146266	5.27115987461	0.438235358569	-0.0	-0.0	0.01442276032	0.381925768198	0.000323652248454	32.4233217123	29.1199998956
3.73530711445	5.28111319575	0.437243968244	-0.0	-0.0	0.0150851648267	0.381516217412	0.000332883778476	34.0134907821	30.6344416405
3.74237737517	5.28834739144	0.436596328216	-0.0	-0.0	0.0156255701333	0.381181895168	0.000341046684236	35.330575715	31.8793307496
3.76182059213	5.2933125972	0.435843006307	-0.0	-0.0	0.0161585611733	0.380851984994	0.000347936215854	36.6501291989	33.1408578703
3.77242598321	5.2977336231	0.435248560973	-0.0	-0.0	0.01669558644	0.380519395325	0.000355646512032	37.9952311755	34.4152277447
3.77905435263	5.30046511628	0.435031683198	-0.0	-0.0	0.0169151308667	0.38038337688	0.000358584859666	38.5504178277	34.9396149834
3.77463543968	5.29519379845	0.435348834183	-0.0	-0.0	0.0169067821467	0.380388549347	0.000358834304492	38.5235349741	34.8838178969
3.77419354839	5.29723859758	0.435574317851	-0.0	-0.0	0.0168967420667	0.380394764518	0.000358691292541	38.4943484308	34.8350715556
3.77198409191	5.29702048417	0.435961683017	-0.0	-0.0	0.01688252576	0.380403572604	0.000358632414681	38.4519722872	34.758451324
3.7728678745	5.30102516309	0.436229430696	-0.0	-0.0	0.0168722147467	0.380409967851	0.000358353411624	38.4213097575	34.7043197403
3.77021652673	5.29978254116	0.436698162779	-0.0	-0.0	0.0168547711067	0.380420765937	0.000358276744812	38.3696274904	34.6114936236
3.76977463544	5.30080795525	0.437163176015	-0.0	-0.0	0.01683766904	0.380431371657	0.000357994800352	38.3186948426	34.5198782717
3.76756517897	5.29770043505	0.437819525103	-0.0	-0.0	0.0168131410133	0.38044655839	0.000357740996917	38.2459633954	34.3900931187
3.76270437472	5.2974486621	0.440123045863	-0.0	-0.0	0.01672814476	0.380499225749	0.000356591158085	37.9939077904	33.9400998567
3.75121520106	5.29217337075	0.450150271439	-0.0	-0.0	0.01636665716	0.380723127126	0.000350807379053	36.9295139371	32.0565343576
3.74105170128	5.28566968467	0.460144934949	-0.0	-0.0	0.01601647492	0.380939948922	0.000345123110886	35.9123219678	30.2883161797
3.73177198409	5.28088833281	0.469385115404	-0.0	-0.0	0.0157008088667	0.381135334326	0.000339926557898	35.0027405716	28.7393134892
3.72116659302	5.27269881027	0.478822029405	-0.0	-0.0	0.0153861453067	0.38133003785	0.00033490769489	34.110318534	27.2432772085
3.71100309324	5.26787954831	0.488659124611	-0.0	-0.0	0.0150615938533	0.381530792896	0.000329635016318	33.2003033284	25.7571164992
3.69951391958	5.26509433962	0.498817142733	-0.0	-0.0	0.0147288175867	0.381736568624	0.000324303068956	32.2796751291	24.2957681452
3.68581528944	5.25685471163	0.509722168983	-0.0	-0.0	0.01438135024	0.381951362172	0.00031889609633	31.3328576654	22.8208401791
3.67830313743	5.25181445251	0.521527767223	-0.0	-0.0	0.0140122525067	0.382179440429	0.000312528134815	30.3417490608	21.3176061659
3.66460450729	5.24051833123	0.534238649719	-0.0	-0.0	0.0136243910667	0.382419022735	0.000306346965142	29.3184626713	19.8050132322
3.6473707468	5.22743110548	0.548181699588	-0.0	-0.0	0.0132094509467	0.382675228701	0.000299918868216	28.2433405821	18.2614209132
3.63455589925	5.22324547475	0.562993389478	-0.0	-0.0	0.01277572772	0.382942918737	0.000292772809523	27.1419328135	16.7374569484
3.6133451171	5.21134842206	0.578989324257	-0.0	-0.0	0.01231776044	0.383225443328	0.000285907659865	26.0067699419	15.2213662466
3.59434379143	5.19418716065	0.596489951046	-0.0	-0.0	0.01182521716	0.383529159351	0.000278176097622	24.8133970376	13.6970544652
3.57711003093	5.18679910285	0.615231292461	-0.0	-0.0	0.0113024593733	0.383851340065	0.000269705179109	23.5746110759	12.2003023441
3.55413168361	5.172081055	0.63102796302	-0.0	-0.0	0.0108728496533	0.384115986666	0.000263434002003	22.5849038406	11.05171346
3.55678303137	5.17433258282	0.630334398495	-0.0	-0.0	0.0108816798667	0.384110548255	0.000263404383448	22.6051607346	11.0892188425
3.55722492267	5.17363344051	0.630041406972	-0.0	-0.0	0.0108864721867	0.384107596709	0.000263459416136	22.6158418635	11.1061306926
3.55678303137	5.17401093599	0.629341969744	-0.0	-0.0	0.0108968437467	0.384101215295	0.000263682725414	22.6390846361	11.1454617948
3.55678303137	5.17197042752	0.628375758046	-0.0	-0.0	0.0109103873067	0.384092867392	0.00026393414228	22.6698795292	11.1992969564
3.55899248785	5.17287917738	0.62716204941	-0.0	-0.0	0.0109278105333	0.384082136209	0.00026409379959	22.7093761244	11.2675687464
3.56031816173	5.17475104401	0.624554871687	-0.0	-0.0	0.0109653968133	0.384058985713	0.000264692004127	22.7946833419	11.415387138
3.57269111798	5.18978805395	0.601437621393	-0.0	-0.0	0.01131748792	0.383842080176	0.000270292224775	23.6027440196	12.811210025
3.58285461776	5.19852469532	0.578884709447	-0.0	-0.0	0.0117002902933	0.383606168311	0.000276608007687	24.498228905	14.3433937283
3.59611135661	5.21076233184	0.559536699715	-0.0	-0.0	0.01206754608	0.383379752536	0.000282376912301	25.3734340581	15.822103908
3.60627485639	5.22112	0.542414440576	-0.0	-0.0	0.0124285490533	0.383157110608	0.000288239734163	26.2477628953	17.2828533459
3.62527618206	5.23993610224	0.526986035461	-0.0	-0.0	0.01279275704	0.382932410585	0.000293429655362	27.1433039925	18.7526822014
3.63367211666	5.25311601151	0.512791665963	-0.0	-0.0	0.0131643214933	0.382703087602	0.000299584356679	28.0706504054	20.2552834097
3.64295183385	5.25973197192	0.500104700643	-0.0	-0.0	0.0135363507067	0.3824733929	0.000305640106269	29.0112567181	21.7516088853
3.65267344233	5.26913265306	0.489419666845	-0.0	-0.0	0.01388941736	0.382255325847	0.000311277103156	29.9143743984	23.1555300924
3.6637207247	5.27457842825	0.479861352812	-0.0	-0.0	0.0142436939733	0.382036434584	0.000316788325563	30.8304979291	24.5485753249
3.66681396376	5.27943984723	0.471575628487	-0.0	-0.0	0.0145923324	0.381820951178	0.000322847675731	31.7395639649	25.8939581981
3.67476800707	5.28848600509	0.464068200292	-0.0	-0.0	0.0149523432267	0.381598362207	0.000328649754401	32.6852749752	27.2549362734
3.68625718073	5.29701397713	0.457649115046	-0.0	-0.0	0.01531051036	0.381376829993	0.000334039148962	33.6306547876	28.5693607905
3.69995581087	5.30345264492	0.452477220635	-0.0	-0.0	0.0156541339733	0.381164219094	0.000338886148426	34.5380898953	29.7808554846
3.71277065842	5.30847029077	0.448110191711	-0.0	-0.0	0.0160203404533	0.380937555921	0.000344139604341	35.504345768	31.000331107
3.72691117985	5.31924290221	0.444900773663	-0.0	-0.0	0.0163805580933	0.380714518539	0.000349053921339	36.4497509496	32.1196084016
3.73221387539	5.3238725954	0.442457301568	-0.0	-0.0	0.0167494498533	0.380486036062	0.000354861614254	37.4155929935	33.2017015195
3.73486522316	5.32923368023	0.440536617083	-0.0	-0.0	0.0171536889067	0.380235550693	0.000361441617746	38.4741812616	34.3286405005
3.73663278833	5.32944514502	0.440305776776	-0.0	-0.0	0.0172135081733	0.380198469756	0.000362275836497	38.6308152428	34.4910847043
3.73619089704	5.32944514502	0.440499973924	-0.0	-0.0	0.0172105263333	0.380200311611	0.000362253871942	38.6206943709	34.4629666774
3.73398144057	5.3289183223	0.440714910225	-0.0	-0.0	0.0172006025333	0.38020646864	0.000362282743841	38.5916170335	34.4159252116
3.73309765798	5.32870662461	0.441023828134	-0.0	-0.0	0.01718904456	0.380213622388	0.000362154584881	38.5579326477	34.355610786
3.73398144057	5.32933753943	0.441200923554	-0.0	-0.0	0.0171828699867	0.380217459061	0.000361951929785	38.5395417641	34.3218856975
3.73442333186	5.32965299685	0.441598199129	-0.0	-0.0	0.01716859528	0.380226306211	0.000361641351667	38.4975337686	34.2456456566
3.73442333186	5.32933753943	0.442103984831	-0.0	-0.0	0.0171501267867	0.380237752392	0.000361295410166	38.4432542053	34.1480431193
3.73177198409	5.32723256548	0.444547308254	-0.0	-0.0	0.01706294408	0.380291782587	0.000359916932623	38.1871624877	33.6846476749
3.72779496244	5.32586043574	0.453706064985	-0.0	-0.0	0.01674356016	0.380489675823	0.000354303574571	37.2561791054	32.0111595716
3.72028281043	5.31743524953	0.463815189648	-0.0	-0.0	0.0164037507733	0.380700155483	0.000348641488196	36.278387188	30.2733143706
3.706142289	5.30800886356	0.473457607178	-0.0	-0.0	0.0160906825333	0.380894008249	0.000344103506493	35.3892128578	28.7129927603
3.69951391958	5.30418250951	0.483283758471	-0.0	-0.0	0.0157808553067	0.381085789898	0.000338930854785	34.5203279048	27.2106814604
3.69023420239	5.29768327515	0.49319951306	-0.0	-0.0	0.0154743623067	0.381275458234	0.000334054680289	33.6711749979	25.772114757
3.68183826779	5.28993331216	0.503777096537	-0.0	-0.0	0.0151550994533	0.381472962468	0.000328840805494	32.7976353295	24.320545696
3.66593018118	5.27807826917	0.514734272314	-0.0	-0.0	0.0148316887067	0.381672968415	0.000324225721597	31.9260291055	22.9014750492
3.65709235528	5.27142402039	0.526479134156	-0.0	-0.0	0.0144959934	0.381880502332	0.000318726458739	31.0333550806	21.4738040144
3.64074237738	5.26021711367	0.538194044619	-0.0	-0.0	0.0141610572533	0.382087492804	0.000313921373915	30.1575843157	20.1218916287
3.63588157313	5.25247366741	0.551247199459	-0.0	-0.0	0.0137938848667	0.38231433596	0.000307514590442	29.2115941029	18.7046177179
3.62395050817	5.24033237456	0.565295330774	-0.0	-0.0	0.0134071160933	0.382553193049	0.000301340569347	28.2326369804	17.2809249681
3.60627485639	5.22407170294	0.580628792947	-0.0	-0.0	0.0129895113467	0.382810987935	0.00029507323128	27.196745803	15.8317993048
3.58462218294	5.20706260032	0.596029650306	-0.0	-0.0	0.0125746587867	0.383066977274	0.000289182517652	26.1886180915	14.4787486435
3.57578435705	5.19723739158	0.613082215567	-0.0	-0.0	0.0121117381733	0.383352502194	0.000281375228236	25.0862121375	13.0803028082
3.55943437914	5.17942122186	0.631805588788	-0.0	-0.0	0.0115982158533	0.38366907652	0.00027317581573	23.8858451598	11.6556696424
3.53115333628	5.15516129032	0.651125864899	-0.0	-0.0	0.0110636225333	0.383998481491	0.000265479515035	22.6668521236	10.3045357652
3.51524524967	5.14188752424	0.675070383697	-0.0	-0.0	0.0104102220533	0.384400840415	0.000254610561912	21.219612082	8.80144777823
3.49138311975	5.12155591572	0.702858408448	-0.0	-0.0	0.00965482125333	0.384865694211	0.000242500591414	19.6103878365	7.26651841782
3.45647370747	5.10777269758	0.73074172538	-0.0	-0.0	0.00892951114667	0.385311695575	0.00023170443164	18.1271194847	5.94870168408
