# C		CN		K0		e_x		e_y		e_z		n		overlap		p		q
3.45470614229	5.21033333333	0.735785435644	-0.0	-0.0	1.87240000048e-07	0.387851663722	0.000130535852263	5.58814499287	1.79214277689
3.4958020327	5.22545454545	0.648962996922	-0.0	-0.0	0.000531443826667	0.387526369486	0.000138545962932	6.1623822829	2.82414344179
3.53247901016	5.22327558025	0.56511240434	-0.0	-0.0	0.00134984762667	0.387024913571	0.00015153502167	7.09534159387	4.34556395208
3.55899248785	5.22799610263	0.518448438906	-0.0	-0.0	0.00212068413333	0.386552227838	0.000163711969817	8.01451033057	5.68423468532
3.57534246575	5.23405632891	0.488628308675	-0.0	-0.0	0.00286652962667	0.386094519914	0.000175721103634	8.93905750199	6.93564140365
3.59346000884	5.23992260561	0.467223059551	-0.0	-0.0	0.00361248325333	0.385636404049	0.000187499831341	9.89783427233	8.1780585284
3.61643835616	5.24198717949	0.45122086796	-0.0	-0.0	0.00433858268	0.385190153002	0.000198590267414	10.8640803034	9.40157132813
3.63411400795	5.24370015949	0.439284606232	-0.0	-0.0	0.00503626472	0.384761061547	0.000209403574153	11.8221878459	10.5860609275
3.65178965974	5.25015893198	0.429809357259	-0.0	-0.0	0.00572674384	0.384336105211	0.000219967309878	12.7976160455	11.7718984998
3.66504639859	5.26245636306	0.422050431141	-0.0	-0.0	0.00641326198667	0.383913295659	0.000230704471059	13.796286214	12.9714558986
3.68448961555	5.26595072647	0.415389877908	-0.0	-0.0	0.00707321445333	0.383506573524	0.00024060507487	14.7854753096	14.1640279205
3.6973044631	5.27103687362	0.409851963108	-0.0	-0.0	0.00772982676	0.383101643427	0.000250826505885	15.7948746032	15.3673036131
3.72028281043	5.28217200251	0.405032516881	-0.0	-0.0	0.00836371930667	0.382710474549	0.00025992755707	16.7939215437	16.560461165
3.73265576668	5.28710081403	0.400873438214	-0.0	-0.0	0.00898968749333	0.38232394762	0.000269578644324	17.8029628192	17.7598108419
3.74105170128	5.28741018432	0.397285795453	-0.0	-0.0	0.00960245564	0.381945342556	0.0002792229529	18.8108592965	18.9531119658
3.75740167919	5.29975046787	0.394205724369	-0.0	-0.0	0.01020852716	0.381570640559	0.000288108467083	19.8272515707	20.148443209
3.77021652673	5.30915317559	0.39151429841	-0.0	-0.0	0.0108068733867	0.381200494959	0.000297119274419	20.8504716737	21.3466243461
3.77684489616	5.30785958372	0.388959389744	-0.0	-0.0	0.0114085767867	0.38082805118	0.000306702073293	21.901471674	22.5814960249
3.78612461335	5.31162790698	0.386324660426	-0.0	-0.0	0.0121410528933	0.380374354353	0.000318214926967	23.2046923791	24.099770848
3.80203269996	5.31632653061	0.384423633254	-0.0	-0.0	0.0127213886267	0.380014659088	0.0003266023284	24.2580135327	25.3260868549
3.81617322139	5.32377428307	0.382659764894	-0.0	-0.0	0.0132863232	0.379664308981	0.000334869347627	25.3012402235	26.5438749039
3.81749889527	5.32459926017	0.381063156674	-0.0	-0.0	0.0138520024667	0.379313298671	0.000344258263257	26.3621954521	27.7787135565
3.8236853734	5.33158705701	0.379546545262	-0.0	-0.0	0.01442276032	0.378958935744	0.00035324649158	27.4488055083	29.0445792172
3.82766239505	5.33723797781	0.378275480765	-0.0	-0.0	0.0150851648267	0.378547419064	0.000363860941458	28.7246261313	30.5009158792
3.83561643836	5.3374346355	0.376940038189	-0.0	-0.0	0.0156255701333	0.378211493541	0.000372171077348	29.7886013495	31.7468994646
3.84489615555	5.34542102028	0.37601710309	-0.0	-0.0	0.0161585611733	0.377879995994	0.000380123847296	30.8450524686	32.9561805246
3.84798939461	5.34766584767	0.374987614302	-0.0	-0.0	0.01669558644	0.377545816626	0.000388836860825	31.9294054882	34.2112395168
3.8484312859	5.35033804548	0.374605921538	-0.0	-0.0	0.0169151308667	0.377409149667	0.000392471203714	32.3762074351	34.7263057242
3.84666372072	5.35013833385	0.374844437086	-0.0	-0.0	0.0169067821467	0.377414338573	0.000392484934454	32.355888671	34.6818181694
3.84577993814	5.34921610821	0.375012978496	-0.0	-0.0	0.0168967420667	0.377420589351	0.000392390051407	32.333211322	34.6414932174
3.8484312859	5.35106055948	0.375300695794	-0.0	-0.0	0.01688252576	0.377429438909	0.00039185273181	32.3005864178	34.5792376682
3.84754750331	5.35106055948	0.375509050741	-0.0	-0.0	0.0168722147467	0.377435859369	0.000391748642899	32.2768811817	34.5341150121
3.84666372072	5.3498309253	0.375857615644	-0.0	-0.0	0.0168547711067	0.377446719059	0.000391511597128	32.2369299033	34.4583992902
3.84622182943	5.3498309253	0.376202968771	-0.0	-0.0	0.01683766904	0.377457365915	0.000391235549896	32.1977503153	34.3839186378
3.84622182943	5.3498309253	0.376696521973	-0.0	-0.0	0.0168131410133	0.377472632798	0.000390774710336	32.1415703771	34.2774587953
3.84401237296	5.34870848708	0.378426121451	-0.0	-0.0	0.01672814476	0.377525543237	0.000389399998433	31.9471347609	33.9086645597
3.83473265577	5.34431783184	0.38594205747	-0.0	-0.0	0.01636665716	0.377750514895	0.000383531747117	31.1261476126	32.360905548
3.82942996023	5.3421701603	0.39347949913	-0.0	-0.0	0.01601647492	0.377968384414	0.000377460064275	30.3396523637	30.8931897695
3.8232434821	5.34074074074	0.400514947767	-0.0	-0.0	0.0157008088667	0.378164706307	0.000372090129971	29.637987813	29.5956175678
3.8236853734	5.34012345679	0.407738680775	-0.0	-0.0	0.0153861453067	0.378360340103	0.000366109305292	28.9463131439	28.3293782215
3.80910296067	5.33292079208	0.415431583524	-0.0	-0.0	0.0150615938533	0.378562058333	0.000361368547009	28.2401710271	27.0500477951
3.7980556783	5.32465923172	0.423531346606	-0.0	-0.0	0.0147288175867	0.378768832524	0.000356140406666	27.5240145502	25.770752117
3.79186920018	5.32196029777	0.432233668584	-0.0	-0.0	0.01438135024	0.378984652572	0.00035017332293	26.7864286727	24.4709553812
3.7817057004	5.31335403727	0.441798444211	-0.0	-0.0	0.0140122525067	0.379213818122	0.000344155885844	26.0136410137	23.1273288486
3.77154220062	5.30587503886	0.452223919706	-0.0	-0.0	0.0136243910667	0.379454557964	0.000337788324452	25.2141719085	21.7570467987
3.76137870084	5.2965152458	0.463734771109	-0.0	-0.0	0.0132094509467	0.37971199375	0.000330896507201	24.3730178764	20.343359608
3.74679628811	5.28883343731	0.476203776303	-0.0	-0.0	0.01277572772	0.379980966508	0.000324031540003	23.5093714347	18.9214387579
3.73265576668	5.2778125	0.489760063074	-0.0	-0.0	0.01231776044	0.380264852151	0.000316653385319	22.6135782232	17.486587644
3.71498011489	5.26558095835	0.504949645547	-0.0	-0.0	0.01182521716	0.380570023372	0.000308926700527	21.6705538858	16.0127655598
3.69951391958	5.25793276783	0.521510693083	-0.0	-0.0	0.0113024593733	0.380893743952	0.000300462429647	20.6925777359	14.539021343
3.67786124613	5.24424834541	0.535549246172	-0.0	-0.0	0.0108728496533	0.381159667531	0.000294220111496	19.9058754822	13.3918771717
3.67786124613	5.24660990224	0.535054476093	-0.0	-0.0	0.0108816798667	0.381154203015	0.000294372193056	19.9215523354	13.4231146306
3.67830313743	5.24692526017	0.534729610486	-0.0	-0.0	0.0108864721867	0.3811512413	0.000294428409279	19.9304812374	13.4427332627
3.67874502872	5.24519382288	0.534266621199	-0.0	-0.0	0.0108968437467	0.38114481884	0.000294583561452	19.9490720972	13.4746909955
3.68228015908	5.24803025528	0.533582680546	-0.0	-0.0	0.0109103873067	0.381136437281	0.000294550201629	19.9734816473	13.5199311271
3.68448961555	5.24984247007	0.532690559623	-0.0	-0.0	0.0109278105333	0.381125660361	0.000294697085266	20.0051124495	13.578962957
3.68272205038	5.24724409449	0.530790842505	-0.0	-0.0	0.0109653968133	0.381102398826	0.000295533649831	20.0732825281	13.7058376852
3.69067609368	5.25921259843	0.513839725701	-0.0	-0.0	0.01131748792	0.380884446256	0.000301408266439	20.7182722576	14.9023568544
3.69642068051	5.27103687362	0.49700644566	-0.0	-0.0	0.0117002902933	0.380647401985	0.000308010460526	21.4309421188	16.2179880524
3.70790985418	5.28260869565	0.48233083351	-0.0	-0.0	0.01206754608	0.380419899386	0.000313831766239	22.1255575043	17.4896051117
3.71498011489	5.29052565313	0.469103727576	-0.0	-0.0	0.0124285490533	0.38019618875	0.000319901317123	22.8187043038	18.7508798775
3.72646928856	5.30031446541	0.456835929074	-0.0	-0.0	0.01279275704	0.379970410139	0.00032562461156	23.527485142	20.0336612893
3.73044631021	5.30254476909	0.445391514192	-0.0	-0.0	0.0131643214933	0.379739986377	0.000332133342081	24.2605367639	21.3484562071
3.74105170128	5.31324544884	0.434938124262	-0.0	-0.0	0.0135363507067	0.379509192717	0.000338047520288	25.0041169272	22.6681416321
3.74900574459	5.31755485893	0.425895765154	-0.0	-0.0	0.01388941736	0.37929007531	0.000343835465764	25.7185160104	23.9202556776
3.76005302696	5.32394366197	0.417597089796	-0.0	-0.0	0.0142436939733	0.379070133342	0.000349334290043	26.4433779137	25.175592464
3.77065841803	5.3325	0.410096913368	-0.0	-0.0	0.0145923324	0.37885361559	0.00035474358743	27.1644212058	26.4109937312
3.77905435263	5.3425	0.403073207863	-0.0	-0.0	0.0149523432267	0.378629955909	0.000360537236034	27.9159032327	27.6784048423
3.78833406982	5.34664586583	0.396825430661	-0.0	-0.0	0.01531051036	0.378407361721	0.000366162680457	28.6690281744	28.9227336747
3.79098541759	5.34756857855	0.391521594374	-0.0	-0.0	0.0156541339733	0.37819373111	0.000372137242634	29.3961941147	30.0950915367
3.79761378701	5.35473815461	0.38671935355	-0.0	-0.0	0.0160203404533	0.377965986188	0.000378072517403	30.1729933075	31.3027669356
3.80556783031	5.35749844431	0.382977975023	-0.0	-0.0	0.0163805580933	0.377741871938	0.000383679896924	30.9345728235	32.4254624214
3.81042863456	5.35809760647	0.380246957652	-0.0	-0.0	0.0167494498533	0.37751228814	0.000389664026376	31.7096692654	33.4886087846
3.81882456916	5.3649068323	0.378322187748	-0.0	-0.0	0.0171536889067	0.377260605747	0.000395785118805	32.5527414532	34.5613216398
3.81749889527	5.36428571429	0.378104355741	-0.0	-0.0	0.0172135081733	0.377223351583	0.000396949339361	32.6773274791	34.7143608144
3.81661511268	5.36408822616	0.378253188094	-0.0	-0.0	0.0172105263333	0.377225196056	0.000396977711604	32.6695865364	34.6919513939
3.81573133009	5.36346691519	0.378408896013	-0.0	-0.0	0.0172006025333	0.377231383337	0.000396885954349	32.6471048445	34.653252092
3.81617322139	5.36273291925	0.378630671018	-0.0	-0.0	0.01718904456	0.377238571707	0.000396626053874	32.6209778596	34.6044290143
3.81573133009	5.36242236025	0.378756285745	-0.0	-0.0	0.0171828699867	0.377242426512	0.000396556047524	32.6068045508	34.5774579899
3.8152894388	5.36315625971	0.379048607216	-0.0	-0.0	0.01716859528	0.37725131613	0.000396333935712	32.5741430343	34.5150870837
3.81661511268	5.36335403727	0.379419251128	-0.0	-0.0	0.0171501267867	0.377262817254	0.00039585157909	32.5320864141	34.4354297282
3.8152894388	5.36222429326	0.381191301951	-0.0	-0.0	0.01706294408	0.377317106801	0.000394357847494	32.3335450222	34.05891352
3.80468404772	5.36156960448	0.387845102128	-0.0	-0.0	0.01674356016	0.377515948153	0.000389472786354	31.611002172	32.6929152842
3.79982324348	5.36034912718	0.395183466869	-0.0	-0.0	0.0164037507733	0.377727430085	0.000383613052067	30.8507094254	31.2656899002
3.79363676536	5.36176194939	0.402213671743	-0.0	-0.0	0.0160906825333	0.37792222322	0.000378375165198	30.1577003623	29.9727130051
3.7812638091	5.35262828536	0.409430219072	-0.0	-0.0	0.0157808553067	0.378114929998	0.000373817380364	29.4792154173	28.7150131354
3.77949624392	5.35075093867	0.416808544913	-0.0	-0.0	0.0154743623067	0.378305504212	0.000368275675823	28.8152865371	27.4945553969
3.77242598321	5.34272300469	0.424750008031	-0.0	-0.0	0.0151550994533	0.378503952039	0.000363006961012	28.1315701071	26.2492868413
3.75916924437	5.33322884013	0.433008559863	-0.0	-0.0	0.0148316887067	0.378704922491	0.000358243807462	27.447205319	25.0195943655
3.74944763588	5.32412927518	0.441882889769	-0.0	-0.0	0.0144959934	0.378913447612	0.000352909689041	26.746163166	23.7728460589
3.74060980999	5.32023884349	0.45101776867	-0.0	-0.0	0.0141610572533	0.37912144283	0.000347505122187	26.0557329763	22.5613046878
3.73353954927	5.31424976408	0.461302328139	-0.0	-0.0	0.0137938848667	0.379349370445	0.00034134357281	25.309671279	21.274671757
3.72028281043	5.3034026465	0.472525817054	-0.0	-0.0	0.0134071160933	0.379589369913	0.000335384968567	24.5354564473	19.9611459394
3.70879363677	5.2947301988	0.485129558873	-0.0	-0.0	0.0129895113467	0.379848398191	0.000328698943774	23.7133812288	18.5904264225
3.70039770217	5.28598484848	0.497978508849	-0.0	-0.0	0.0125746587867	0.380105617647	0.000321755407679	22.9100010228	17.2869146586
3.68493150685	5.27626582278	0.512643950591	-0.0	-0.0	0.0121117381733	0.380392518239	0.000314538544026	22.0304723975	15.9039373928
3.67034909412	5.26172370089	0.529169580526	-0.0	-0.0	0.0115982158533	0.380710618828	0.000306290582508	21.0733759679	14.4611538776
3.65134776845	5.23977164605	0.546605791184	-0.0	-0.0	0.0110636225333	0.381041598317	0.000297981026769	20.0964765451	13.0588223759
3.62881131242	5.22034976153	0.568866326675	-0.0	-0.0	0.0104102220533	0.381445893935	0.000287683459166	18.9307342144	11.4537385689
3.60671674768	5.1994901211	0.596491338339	-0.0	-0.0	0.00965482125333	0.381912973764	0.000275468026878	17.6277145932	9.73049481776
3.57534246575	5.17701664533	0.625112063325	-0.0	-0.0	0.00892951114667	0.38236111599	0.000264477100686	16.4203559772	8.20690699057
