# C		CN		K0		e_x		e_y		e_z		n		overlap		p		q
3.31241714538	5.10637572451	0.736234018456	-0.0	-0.0	1.87240000048e-07	0.390832976229	0.000108083375722	5.58871843417	1.78863441066
3.37118868758	5.12134453782	0.637199402795	-0.0	-0.0	0.000531443826667	0.390509266256	0.000115766168608	6.28488125521	3.00759743694
3.39858594786	5.14295279545	0.558839060348	-0.0	-0.0	0.00134984762667	0.390010252554	0.000129023895125	7.40530361804	4.62808394338
3.42465753425	5.15202927478	0.520104987952	-0.0	-0.0	0.00212068413333	0.389539868917	0.00014108180898	8.50792598406	6.00366328591
3.45912505524	5.16072607261	0.496365423103	-0.0	-0.0	0.00286652962667	0.389084390142	0.000152068093089	9.61655357847	7.29134429056
3.4874060981	5.16519174041	0.480009395345	-0.0	-0.0	0.00361248325333	0.388628505414	0.000163078627866	10.7657571273	8.56842687135
3.49801148917	5.17527795945	0.468312570197	-0.0	-0.0	0.00433858268	0.388184428894	0.000174443974783	11.9252856443	9.82202132202
3.51701281485	5.18890701468	0.45958862903	-0.0	-0.0	0.00503626472	0.387757426045	0.000184861563567	13.0785314362	11.0481516088
3.53292090146	5.19408322497	0.452447515596	-0.0	-0.0	0.00572674384	0.387334539351	0.000195285085736	14.2596659975	12.2966075545
3.54838709677	5.20064829822	0.446653377041	-0.0	-0.0	0.00641326198667	0.386913788984	0.000205575021106	15.4690687517	13.5631855783
3.57048166151	5.20870967742	0.442073545839	-0.0	-0.0	0.00707321445333	0.386509049968	0.000214961505886	16.6643417608	14.8037440663
3.58329650906	5.21203346203	0.438076700275	-0.0	-0.0	0.00772982676	0.386106089698	0.000224836691472	17.887907946	16.0727245255
3.60715863897	5.2177806204	0.434701188713	-0.0	-0.0	0.00836371930667	0.38571682356	0.000233623856475	19.0999833555	17.3272453542
3.62483429076	5.22831632653	0.431887129804	-0.0	-0.0	0.00898968749333	0.38533218152	0.000242611648951	20.3257555093	18.5869987877
3.6385329209	5.23608017817	0.429312440145	-0.0	-0.0	0.00960245564	0.384955417177	0.000251597854463	21.5535831171	19.8539714265
3.65444100751	5.24294322867	0.427067163554	-0.0	-0.0	0.01020852716	0.384582543189	0.00026029940139	22.7951511236	21.131301653
3.66681396376	5.24502055011	0.424997516204	-0.0	-0.0	0.0108068733867	0.384214200289	0.00026910081436	24.0473285406	22.4226661109
3.68581528944	5.26088328076	0.423162707202	-0.0	-0.0	0.0114085767867	0.383843568386	0.000277432319511	25.3317107578	23.7427411357
3.69244365886	5.26504884967	0.421247444185	-0.0	-0.0	0.0121410528933	0.383392083191	0.000288685411356	26.922732576	25.3703829295
3.70039770217	5.27378701953	0.419751162573	-0.0	-0.0	0.0127213886267	0.38303414701	0.00029745709557	28.215906776	26.7011031406
3.7145382236	5.28333333333	0.418510156179	-0.0	-0.0	0.0132863232	0.382685500811	0.000305463721589	29.4964791536	28.0104192767
3.72381794079	5.29186302231	0.417297082546	-0.0	-0.0	0.0138520024667	0.382336199028	0.000313871565267	30.8013409193	29.3493213213
3.72956252762	5.29441305712	0.416251605805	-0.0	-0.0	0.01442276032	0.381983558017	0.000322622549054	32.1385750404	30.7134657981
3.75209898365	5.29547581903	0.415093639886	-0.0	-0.0	0.0150851648267	0.381574051661	0.000331361903211	33.7172840435	32.3269439703
3.75828546178	5.31084036239	0.414405504119	-0.0	-0.0	0.0156255701333	0.381239754539	0.000339529849701	35.0230568349	33.6436775901
3.77640300486	5.32014948614	0.41356327492	-0.0	-0.0	0.0161585611733	0.380909872968	0.000346567855332	36.3372825395	34.988573133
3.79054352629	5.32412294319	0.412792958964	-0.0	-0.0	0.01669558644	0.38057731664	0.000354010708891	37.681722673	36.3614322196
3.79496243924	5.32774674115	0.412503023587	-0.0	-0.0	0.0169151308667	0.380441310913	0.00035717423057	38.2361917376	36.9264207155
3.79231109147	5.32701863354	0.412789117255	-0.0	-0.0	0.0169067821467	0.3804464775	0.000357254902378	38.2098751345	36.8714757053
3.78833406982	5.32929104478	0.413036605491	-0.0	-0.0	0.0168967420667	0.380452703749	0.000357442344044	38.1805562469	36.8176731866
3.78568272205	5.32773631841	0.413422251599	-0.0	-0.0	0.01688252576	0.38046151011	0.000357424289862	38.1385959	36.737530213
3.78612461335	5.32804726368	0.413704111228	-0.0	-0.0	0.0168722147467	0.380467898335	0.000357187623779	38.1081145653	36.6792115039
3.78612461335	5.32804726368	0.414180115894	-0.0	-0.0	0.0168547711067	0.380478706198	0.000356857165785	38.0564961624	36.5807324788
3.78612461335	5.32773631841	0.414646507093	-0.0	-0.0	0.01683766904	0.380489299039	0.000356534169122	38.0060400746	36.4845349598
3.78745028723	5.32866915423	0.415311632464	-0.0	-0.0	0.0168131410133	0.38050449639	0.000355944530017	37.9334877147	36.3470782303
3.78700839593	5.32804726368	0.417646138219	-0.0	-0.0	0.01672814476	0.380557144112	0.000354376022593	37.6829842547	35.8713950131
3.76579761379	5.32126131751	0.427779204694	-0.0	-0.0	0.01636665716	0.380781029392	0.00034948918799	36.625066005	33.8835322426
3.75254087494	5.31590482154	0.437892207272	-0.0	-0.0	0.01601647492	0.380997828151	0.000344034332528	35.6126531787	32.0156459072
3.74635439682	5.31275462238	0.447281270426	-0.0	-0.0	0.0157008088667	0.38119319805	0.00033860519079	34.7116374862	30.3802673585
3.73619089704	5.30301129235	0.456955540886	-0.0	-0.0	0.0153861453067	0.38138788337	0.000333546178542	33.8244853056	28.7916186429
3.72470172338	5.29230769231	0.4671961857	-0.0	-0.0	0.0150615938533	0.381588622254	0.000328410219002	32.9216466339	27.2035485028
3.7145382236	5.28481609557	0.477953818827	-0.0	-0.0	0.0147288175867	0.381794371957	0.000322994454892	32.009025741	25.6303354966
3.70083959346	5.27536231884	0.48949081355	-0.0	-0.0	0.01438135024	0.382009149598	0.000317603566035	31.0686276437	24.0439116846
3.68448961555	5.26706700379	0.501952051885	-0.0	-0.0	0.0140122525067	0.38223720653	0.000312073157701	30.0900526723	22.4356379588
3.67432611578	5.25379266751	0.515301711331	-0.0	-0.0	0.0136243910667	0.382476766435	0.000305670811342	29.079719919	20.8236975114
3.65930181175	5.24825618263	0.5300330331	-0.0	-0.0	0.0132094509467	0.382732948446	0.000299141193597	28.0186221938	19.1758319384
3.63985859479	5.23426573427	0.54595126726	-0.0	-0.0	0.01277572772	0.383000613453	0.000292636301044	26.932167744	17.5369307589
3.62748563853	5.22604266157	0.563198343368	-0.0	-0.0	0.01231776044	0.383283114291	0.000285114487525	25.8105517144	15.9059104321
3.60715863897	5.21168582375	0.582061887051	-0.0	-0.0	0.01182521716	0.383586799253	0.000277561907631	24.63271631	14.2712969026
3.58285461776	5.19250480461	0.602298319126	-0.0	-0.0	0.0113024593733	0.383908949843	0.000269726303355	23.4146219628	12.6717527598
3.56871409633	5.18132220796	0.619140733897	-0.0	-0.0	0.0108728496533	0.384173571701	0.00026286715359	22.4381456977	11.4540228646
3.56871409633	5.18132220796	0.618437550375	-0.0	-0.0	0.0108816798667	0.384168133798	0.000263032314991	22.4581546679	11.4926244737
3.56738842245	5.18068035944	0.618112763882	-0.0	-0.0	0.0108864721867	0.384165188608	0.000263216899014	22.4687064225	11.5111540696
3.56694653115	5.17901828681	0.61734603738	-0.0	-0.0	0.0108968437467	0.384158795327	0.000263440748785	22.4919104276	11.5541001141
3.56915598763	5.18094321463	0.616326686361	-0.0	-0.0	0.0109103873067	0.384150454588	0.00026352888146	22.5224131395	11.6111828902
3.57003977022	5.18190567854	0.615041533517	-0.0	-0.0	0.0109278105333	0.384139724642	0.000263785525702	22.5615205491	11.6837553908
3.57269111798	5.18210965053	0.612286348436	-0.0	-0.0	0.0109653968133	0.384116576076	0.000264284070928	22.6460945419	11.8407458936
3.58771542201	5.19859064702	0.587825926011	-0.0	-0.0	0.01131748792	0.383899690821	0.000269663939618	23.4474298495	13.326244284
3.60053026955	5.21184	0.563997078929	-0.0	-0.0	0.0117002902933	0.383663801013	0.000275750540493	24.3355175281	14.9582507389
3.61201944322	5.22609529901	0.543545739964	-0.0	-0.0	0.01206754608	0.383437410934	0.000281640113632	25.203608374	16.5363538511
3.62615996465	5.23818646232	0.525539904064	-0.0	-0.0	0.0124285490533	0.383214785297	0.000287179037505	26.0712685376	18.0925820475
3.64206805126	5.25414540816	0.509194206918	-0.0	-0.0	0.01279275704	0.382990106284	0.000292609919886	26.9608458904	19.6679775687
3.65134776845	5.26753826531	0.494261494302	-0.0	-0.0	0.0131643214933	0.382760804742	0.000298672120282	27.8811702186	21.2729469726
3.65753424658	5.27614795918	0.481000528847	-0.0	-0.0	0.0135363507067	0.38253113101	0.000304966184247	28.8143464332	22.8663952578
3.66946531153	5.28430436167	0.46975017546	-0.0	-0.0	0.01388941736	0.382313084853	0.000310401071215	29.7110024081	24.3685243052
3.68272205038	5.29047619048	0.459642375579	-0.0	-0.0	0.0142436939733	0.382094216703	0.000315701307985	30.620245536	25.8625768694
3.69288555015	5.30180894954	0.450778866136	-0.0	-0.0	0.0145923324	0.381878758993	0.000321121091433	31.5229034581	27.3139928693
3.70437472382	5.30915426037	0.442783878205	-0.0	-0.0	0.0149523432267	0.381656189031	0.000326578049312	32.4615218315	28.7787324126
3.71144498453	5.3206590621	0.435877208599	-0.0	-0.0	0.01531051036	0.381434670295	0.000332361121173	33.4021141146	30.2009072556
3.72116659302	5.32658227848	0.430253718999	-0.0	-0.0	0.0156541339733	0.381222080118	0.000337582113267	34.3083103595	31.5188724896
3.72602739726	5.33080328906	0.425566682052	-0.0	-0.0	0.0160203404533	0.380995438137	0.000343473567344	35.2664768842	32.8310856285
3.73707467963	5.33680555556	0.421984964812	-0.0	-0.0	0.0163805580933	0.38077242161	0.000348685381904	36.2118563224	34.0531541271
3.74900574459	5.34678436318	0.419484947296	-0.0	-0.0	0.0167494498533	0.380543951521	0.000353852757866	37.1725492734	35.203226215
3.76226248343	5.35083307136	0.41762640717	-0.0	-0.0	0.0171536889067	0.380293493986	0.000359388039751	38.2213967404	36.3859387144
3.76535572249	5.34987437186	0.417400026237	-0.0	-0.0	0.0172135081733	0.380256425621	0.000360093047984	38.3768176478	36.5571162775
3.76314626602	5.34861809045	0.41757437001	-0.0	-0.0	0.0172105263333	0.380258268527	0.000360239799144	38.3667407101	36.5296381292
3.76314626602	5.3510370836	0.417798204111	-0.0	-0.0	0.0172006025333	0.380264409416	0.000360056396066	38.3380165877	36.4793622523
3.76314626602	5.3510370836	0.418121370914	-0.0	-0.0	0.01718904456	0.380271574404	0.000359839828198	38.3041745252	36.4141080914
3.76358815731	5.35271927067	0.418289961597	-0.0	-0.0	0.0171828699867	0.380275408606	0.000359681348567	38.286037852	36.3796406592
3.76270437472	5.35146180446	0.418689547549	-0.0	-0.0	0.01716859528	0.380284249789	0.000359498673452	38.2442185714	36.2991459858
3.76137870084	5.35051870481	0.41921190242	-0.0	-0.0	0.0171501267867	0.38029570004	0.000359278479286	38.1900302373	36.1945623467
3.75430844012	5.35255198488	0.421670421215	-0.0	-0.0	0.01706294408	0.380349717619	0.000358318080918	37.9350957242	35.7052598625
3.74414494034	5.34848484848	0.430931035337	-0.0	-0.0	0.01674356016	0.380547596581	0.00035328980315	37.0080355655	33.9339709668
3.73044631021	5.33934218849	0.441166764947	-0.0	-0.0	0.0164037507733	0.380758059897	0.000348200858494	36.0345619303	32.0941700778
3.71984091913	5.33058898037	0.450923058949	-0.0	-0.0	0.0160906825333	0.380951894538	0.000343331059366	35.1497366273	30.4439612929
3.70967741935	5.32171156894	0.46089523764	-0.0	-0.0	0.0157808553067	0.381143654364	0.000338462405561	34.2849110893	28.8530291149
3.70260715864	5.31261889664	0.471093100817	-0.0	-0.0	0.0154743623067	0.381333306067	0.000333377394376	33.4403286843	27.3199663409
3.6973044631	5.31047619048	0.482002711761	-0.0	-0.0	0.0151550994533	0.381530794624	0.000327891712667	32.5722024055	25.772300294
3.68404772426	5.29542566709	0.493339103766	-0.0	-0.0	0.0148316887067	0.381730781163	0.00032305095299	31.7063544072	24.258135836
3.6725585506	5.28457869634	0.505385886557	-0.0	-0.0	0.0144959934	0.38193829176	0.000317810427203	30.821055593	22.7442954363
3.65930181175	5.27356687898	0.517706618782	-0.0	-0.0	0.0141610572533	0.382145266458	0.000312741684485	29.9511015103	21.2908382711
3.64427750773	5.25621414914	0.5314507227	-0.0	-0.0	0.0137938848667	0.382372091205	0.000307242807484	29.0139493409	19.769919245
3.63588157313	5.24649234694	0.546442746545	-0.0	-0.0	0.0134071160933	0.382610924204	0.000300828981806	28.0436861867	18.2323648268
3.62748563853	5.23811043728	0.562962465395	-0.0	-0.0	0.0129895113467	0.382868694986	0.000293854923113	27.0163833993	16.6616987605
3.61246133451	5.22435282838	0.579533961265	-0.0	-0.0	0.0125746587867	0.38312466039	0.000287445402627	26.0154996136	15.1991059949
3.59169244366	5.20961538462	0.597999007057	-0.0	-0.0	0.0121117381733	0.383410158614	0.000280583842366	24.9207450953	13.6860291432
3.56959787892	5.19324758842	0.618141773227	-0.0	-0.0	0.0115982158533	0.383726709975	0.000272843301606	23.7324809448	12.1573712397
3.5461776403	5.17010309278	0.639149247954	-0.0	-0.0	0.0110636225333	0.38405607396	0.000264792391272	22.52384555	10.7023903412
3.51701281485	5.15382124352	0.665210061564	-0.0	-0.0	0.0104102220533	0.384458402567	0.000254967976045	21.090787669	9.08975609398
3.48342907645	5.12386215865	0.696683848422	-0.0	-0.0	0.00965482125333	0.384923209147	0.000243523278027	19.4927096575	7.41104722641
3.44454264251	5.0931372549	0.727908195506	-0.0	-0.0	0.00892951114667	0.385369168811	0.000232927416365	18.0189676901	5.98922637523
