# C		CN		K0		e_x		e_y		e_z		n		overlap		p		q
3.34865223155	5.14673913043	0.735865653949	-0.0	-0.0	1.87240000048e-07	0.390827500368	0.000140267470324	5.58458525993	1.79034117205
3.41272646929	5.14261912696	0.649248781201	-0.0	-0.0	0.000531443826667	0.390503787486	0.000147258117166	6.11900958581	2.80128650799
3.44763588157	5.14927344782	0.559904594541	-0.0	-0.0	0.00134984762667	0.390004769298	0.000160397316096	6.99052872894	4.35392901095
3.46000883783	5.14868421053	0.505848059987	-0.0	-0.0	0.00212068413333	0.389534381433	0.000173480647437	7.8552919519	5.78870891909
3.48210340256	5.15820504422	0.469853109045	-0.0	-0.0	0.00286652962667	0.389078898563	0.000185467518968	8.72788491568	7.15633276241
3.50596553248	5.1630859375	0.444108944348	-0.0	-0.0	0.00361248325333	0.388623009737	0.000197210386116	9.63297686997	8.5078407212
3.53071144498	5.16893203883	0.425211801344	-0.0	-0.0	0.00433858268	0.388178928051	0.000208403918754	10.5444589801	9.82612398719
3.53866548829	5.168873103	0.410942789034	-0.0	-0.0	0.00503626472	0.387751923156	0.000220034599718	11.4495099135	11.1056640292
3.55324790102	5.17230273752	0.399481432182	-0.0	-0.0	0.00572674384	0.387329032042	0.000231034352789	12.3720221215	12.3898538752
3.56429518338	5.17592295345	0.390052830877	-0.0	-0.0	0.00641326198667	0.386908277894	0.00024218923755	13.3170385426	13.689114306
3.5797613787	5.17577500799	0.382481568613	-0.0	-0.0	0.00707321445333	0.386503532958	0.00025256250025	14.2513203432	14.9585894423
3.59611135661	5.17866242038	0.376037447045	-0.0	-0.0	0.00772982676	0.386100573004	0.000262771847475	15.2049550453	16.24472093
3.61776403005	5.18738110336	0.370662792493	-0.0	-0.0	0.00836371930667	0.385711301711	0.000272178096937	16.1476856958	17.5079367887
3.63720724702	5.19261130407	0.365901119285	-0.0	-0.0	0.00898968749333	0.385326656153	0.000281533566586	17.1003828067	18.7839004178
3.6473707468	5.19458438287	0.361766007064	-0.0	-0.0	0.00960245564	0.384949888483	0.000291376345757	18.0546622071	20.0572412762
3.66327883341	5.20182046453	0.35806684847	-0.0	-0.0	0.01020852716	0.384577013009	0.000300629110985	19.0185111806	21.3420659031
3.67697746354	5.20657276995	0.354805753255	-0.0	-0.0	0.0108068733867	0.384208664932	0.00030987653689	19.9887526689	22.6308050205
3.68537339814	5.2103125	0.351892606981	-0.0	-0.0	0.0114085767867	0.383838029697	0.000319585466273	20.9824977323	23.9447645036
3.69686257181	5.21754057428	0.348807012055	-0.0	-0.0	0.0121410528933	0.383386540443	0.000331250413231	22.2164229827	25.5661981901
3.71232876712	5.22132421511	0.346491998596	-0.0	-0.0	0.0127213886267	0.383028593765	0.000339929140277	23.2152294239	26.8839012208
3.72602739726	5.22835867204	0.344534805697	-0.0	-0.0	0.0132863232	0.382679946814	0.000348481652015	24.2029327325	28.1767783267
3.73353954927	5.23358116481	0.34259095493	-0.0	-0.0	0.0138520024667	0.382330642872	0.000357608424866	25.2098726013	29.5039927313
3.7476800707	5.24504950495	0.340819915598	-0.0	-0.0	0.01442276032	0.381978002609	0.000366171700373	26.2415801448	30.8590341888
3.76314626602	5.2549382716	0.338873713215	-0.0	-0.0	0.0150851648267	0.381568486435	0.000376190329712	27.4604579523	32.4628671398
3.77507733098	5.26379044684	0.337396658957	-0.0	-0.0	0.0156255701333	0.381234192444	0.000384407607422	28.4716785769	33.7929984824
3.78038002651	5.27118644068	0.33604148851	-0.0	-0.0	0.0161585611733	0.380904307908	0.000393156380053	29.4835370233	35.122381409
3.78347326558	5.2741836106	0.334696391779	-0.0	-0.0	0.01669558644	0.380571748891	0.000402207714299	30.5185266795	36.4876728546
3.7896597437	5.27569230769	0.334214194241	-0.0	-0.0	0.0169151308667	0.380435741641	0.00040537021611	30.9448228785	37.0455645141
3.78877596111	5.27538461538	0.334350138004	-0.0	-0.0	0.0169067821467	0.380440914188	0.000405305515262	30.926946168	37.0105723802
3.78745028723	5.2771789344	0.334524427393	-0.0	-0.0	0.0168967420667	0.380447124654	0.000405255897251	30.9053983001	36.967379783
3.78568272205	5.27594702803	0.334742997545	-0.0	-0.0	0.01688252576	0.380455933766	0.000405175357136	30.8751236187	36.9093701584
3.78391515687	5.27541589649	0.334914937223	-0.0	-0.0	0.0168722147467	0.380462330364	0.000405167757553	30.8530015022	36.8657982858
3.78347326558	5.27611710324	0.335199388088	-0.0	-0.0	0.0168547711067	0.380473137262	0.000404883443913	30.8157282973	36.792977798
3.78258948299	5.27620221948	0.335477996379	-0.0	-0.0	0.01683766904	0.38048373231	0.000404652898007	30.7792359614	36.7217562395
3.78391515687	5.27651048089	0.335879718687	-0.0	-0.0	0.0168131410133	0.380498927686	0.000404044316661	30.7268531705	36.6194906669
3.77949624392	5.27443724946	0.337284383076	-0.0	-0.0	0.01672814476	0.380551580719	0.000402900053487	30.5457031465	36.2656611917
3.77728678745	5.27328809377	0.343432923109	-0.0	-0.0	0.01636665716	0.380775463173	0.000396230009892	29.7794929675	34.7725956267
3.77021652673	5.26666666667	0.349604903999	-0.0	-0.0	0.01601647492	0.380992266646	0.000390292405891	29.0463183039	33.3535909918
3.76270437472	5.26143386897	0.355357460567	-0.0	-0.0	0.0157008088667	0.381187635537	0.000385053767012	28.3929164601	32.0976012004
3.75165709236	5.25208784411	0.361299708855	-0.0	-0.0	0.0153861453067	0.381382319973	0.000380188395715	27.7488833716	30.8659454534
3.7397260274	5.24225526642	0.367605849891	-0.0	-0.0	0.0150615938533	0.381583063296	0.000375207039143	27.0918285571	29.6206749253
3.73309765798	5.23489308956	0.37428427569	-0.0	-0.0	0.0147288175867	0.381788816326	0.000369484516754	26.4235500356	28.3665700204
3.72205037561	5.23237030134	0.381473484375	-0.0	-0.0	0.01438135024	0.382003594419	0.000363952884436	25.7364393346	27.0887390746
3.7057003977	5.22104607721	0.389398154061	-0.0	-0.0	0.0140122525067	0.382231653401	0.000358529472367	25.0169828225	25.7625043769
3.69332744145	5.21792069934	0.398045301363	-0.0	-0.0	0.0136243910667	0.382471214802	0.000352372914471	24.2721589086	24.4042367555
3.68139637649	5.21245306633	0.407737878278	-0.0	-0.0	0.0132094509467	0.382727399774	0.000345672466043	23.4880936974	22.9875416813
3.67034909412	5.20532915361	0.418322880672	-0.0	-0.0	0.01277572772	0.382995067187	0.000338530830034	22.6822878365	21.5508642867
3.64560318162	5.1893677257	0.429942743659	-0.0	-0.0	0.01231776044	0.383277570564	0.000332167691534	21.8464486139	20.0878924685
3.62571807335	5.1806125671	0.442920619751	-0.0	-0.0	0.01182521716	0.383581258256	0.000324663550702	20.9645962519	18.5788878341
3.60892620415	5.17691819911	0.457356170461	-0.0	-0.0	0.0113024593733	0.383903411742	0.000316327747048	20.0490367172	17.0461418621
3.59876270437	5.17021276596	0.469879782207	-0.0	-0.0	0.0108728496533	0.384168035978	0.000309155768487	19.3116500538	15.8331418805
3.59964648696	5.16984126984	0.469507907062	-0.0	-0.0	0.0108816798667	0.384162598027	0.000309245216312	19.3267140019	15.8626900603
3.59743703049	5.1695776437	0.469313870963	-0.0	-0.0	0.0108864721867	0.38415964673	0.000309524222313	19.334874539	15.8783703069
3.59743703049	5.1695776437	0.468871585367	-0.0	-0.0	0.0108968437467	0.384153259471	0.000309720108061	19.3527000262	15.9135158452
3.59743703049	5.16926008257	0.468356764237	-0.0	-0.0	0.0109103873067	0.384144918658	0.000309971132688	19.3755840127	15.9562548016
3.59876270437	5.16989520483	0.467650111306	-0.0	-0.0	0.0109278105333	0.384134190741	0.000310183763155	19.405369598	16.0137112964
3.59743703049	5.16894252144	0.466158333815	-0.0	-0.0	0.0109653968133	0.384111041005	0.000311000565757	19.4695199324	16.1365491506
3.60760053027	5.18228008892	0.452788562959	-0.0	-0.0	0.01131748792	0.383894152636	0.000316702938469	20.0756738819	17.2949783114
3.61688024746	5.19029495718	0.439366812808	-0.0	-0.0	0.0117002902933	0.383658260708	0.000323042322329	20.7448861611	18.5714539111
3.622182943	5.19930180895	0.427497436564	-0.0	-0.0	0.01206754608	0.383431864068	0.00032944010445	21.3968498993	19.8109734872
3.63455589925	5.20975918885	0.416701764913	-0.0	-0.0	0.0124285490533	0.383209240956	0.00033506034802	22.0468747082	21.0426721078
3.64516129032	5.21930379747	0.406671641183	-0.0	-0.0	0.01279275704	0.382984559923	0.000340881730781	22.711422118	22.293623512
3.65002209456	5.22359266287	0.397222212241	-0.0	-0.0	0.0131643214933	0.38275525632	0.000347382443865	23.3988674347	23.5799738726
3.66018559434	5.22955478371	0.388481689504	-0.0	-0.0	0.0135363507067	0.382525580523	0.000353367141034	24.0960011234	24.8769548164
3.66813963765	5.23540549069	0.380822307629	-0.0	-0.0	0.01388941736	0.382307532406	0.000359190931966	24.7652155015	26.113216342
3.67786124613	5.2422810334	0.37369834543	-0.0	-0.0	0.0142436939733	0.382088659642	0.000364855397277	25.4442204079	27.3591407562
3.6889085285	5.2477208425	0.367163676561	-0.0	-0.0	0.0145923324	0.381873194447	0.000370271979464	26.1198249324	28.5924810262
3.69686257181	5.25911949686	0.36092458187	-0.0	-0.0	0.0149523432267	0.381650622043	0.000376190944114	26.8247802484	29.8685703971
3.70260715864	5.26201696513	0.355233419306	-0.0	-0.0	0.01531051036	0.381429109952	0.000382284929231	27.533222838	31.1362399036
3.71144498453	5.26859115155	0.35026384439	-0.0	-0.0	0.0156541339733	0.381216517864	0.000387762431172	28.21862728	32.3452464665
3.71630578878	5.26950799123	0.345545548927	-0.0	-0.0	0.0160203404533	0.380989873846	0.000394029586059	28.9537298748	33.6153931904
3.72425983208	5.27654243658	0.341651889903	-0.0	-0.0	0.0163805580933	0.380766864864	0.000399808240143	29.6783549879	34.8220371477
3.73574900574	5.28258830885	0.338642883489	-0.0	-0.0	0.0167494498533	0.380538383172	0.000405266088321	30.4166713016	35.9800621133
3.74944763588	5.28442367601	0.336594419697	-0.0	-0.0	0.0171536889067	0.380287924304	0.000410971002915	31.2178295244	37.132836098
3.74856385329	5.28513555625	0.33640217858	-0.0	-0.0	0.0172135081733	0.380250850144	0.000412119628981	31.3355939763	37.2922843127
3.74856385329	5.28513555625	0.336481794307	-0.0	-0.0	0.0172105263333	0.380252697372	0.000412060498772	31.3289729139	37.2763831242
3.74679628811	5.28388906201	0.33661440876	-0.0	-0.0	0.0172006025333	0.380258848351	0.000412068827619	31.3079980915	37.2380775546
3.74723817941	5.28388906201	0.336797047985	-0.0	-0.0	0.01718904456	0.380266011262	0.00041180174816	31.2833941945	37.1904503525
3.74723817941	5.28357743845	0.336895777563	-0.0	-0.0	0.0171828699867	0.380269837843	0.0004116844604	31.270210402	37.1648581161
3.74591250552	5.28366583541	0.337131831288	-0.0	-0.0	0.01716859528	0.380278679593	0.000411559525075	31.2397548912	37.104978586
3.74547061423	5.28468974119	0.337430544123	-0.0	-0.0	0.0171501267867	0.380290129459	0.000411257354704	31.2003703429	37.0282870855
3.74149359258	5.28401997503	0.338851078063	-0.0	-0.0	0.01706294408	0.380344155088	0.000410041083213	31.014897513	36.6670555554
3.72646928856	5.28352130326	0.344204275348	-0.0	-0.0	0.01674356016	0.380542023865	0.000405621072774	30.3395291844	35.3525813149
3.71984091913	5.28011292346	0.350130224419	-0.0	-0.0	0.0164037507733	0.380752493472	0.000399882357558	29.6284176067	33.973524081
3.71144498453	5.27284144427	0.355818155276	-0.0	-0.0	0.0160906825333	0.380946329855	0.000394837263852	28.9803021045	32.720592024
3.706142289	5.2675879397	0.361631074364	-0.0	-0.0	0.0157808553067	0.381138098848	0.00038952717426	28.3458327794	31.5014732338
3.69907202828	5.26281043697	0.367611396421	-0.0	-0.0	0.0154743623067	0.381327738584	0.000384459820959	27.7246138638	30.3120669895
3.68404772426	5.25133858268	0.374025799111	-0.0	-0.0	0.0151550994533	0.381525235145	0.000379959596051	27.0845394151	29.0967776936
3.67388422448	5.24644998422	0.380720409119	-0.0	-0.0	0.0148316887067	0.381725223865	0.000374885657778	26.4441015103	27.8913015895
3.66902342024	5.24186927692	0.387904640401	-0.0	-0.0	0.0144959934	0.381932741297	0.000369041419495	25.7873660371	26.6655782098
3.66548828988	5.23720783323	0.395330641204	-0.0	-0.0	0.0141610572533	0.382139719699	0.000363088607067	25.1403367265	25.4681185733
3.65090587715	5.22415428391	0.403797566442	-0.0	-0.0	0.0137938848667	0.382366539289	0.000357613208465	24.4404035304	24.1836699993
3.64560318162	5.22127255461	0.413027236193	-0.0	-0.0	0.0134071160933	0.382605371024	0.000350870334872	23.7143314179	22.868430594
3.62925320371	5.20703868104	0.423397025182	-0.0	-0.0	0.0129895113467	0.382863147534	0.000344602583904	22.9423732394	21.4890891433
3.61555457357	5.19796631713	0.434145827331	-0.0	-0.0	0.0125746587867	0.383119115239	0.000338119886085	22.1880508894	20.1604516316
3.60671674768	5.19121858097	0.446493397755	-0.0	-0.0	0.0121117381733	0.383404616029	0.000330283504366	21.3613423666	18.7380768753
3.59036676977	5.17617075502	0.460671623878	-0.0	-0.0	0.0115982158533	0.383721170236	0.000322168799482	20.4618274043	17.2311389327
3.57931948741	5.1684747926	0.476018797435	-0.0	-0.0	0.0110636225333	0.384050533952	0.000313143171436	19.5436796307	15.7382021469
3.56385329209	5.15537084399	0.49600020147	-0.0	-0.0	0.0104102220533	0.38445287095	0.000302249892184	18.4476550823	14.0024285604
3.53910737958	5.13630532393	0.520788948509	-0.0	-0.0	0.00965482125333	0.384917678391	0.000290221686057	17.2195280581	12.12560367
3.51347768449	5.11221864952	0.547051869613	-0.0	-0.0	0.00892951114667	0.385363643836	0.000278822951458	16.0814571426	10.4351075978
