# C		CN		K0		e_x		e_y		e_z		n		overlap		p		q
3.37163057888	5.1198388721	0.735793821832	-0.0	-0.0	1.87240000048e-07	0.391053838208	0.000157733132566	5.58891939428	1.79232207731
3.40786566505	5.12599734043	0.667038546291	-0.0	-0.0	0.000531443826667	0.390730245601	0.000165642029668	6.05716478599	2.59220537176
3.44233318604	5.13357519789	0.593058067034	-0.0	-0.0	0.00134984762667	0.390231412823	0.000178547427506	6.81523575982	3.80593487761
3.47193990278	5.14182771045	0.546456118897	-0.0	-0.0	0.00212068413333	0.38976119973	0.000190600284176	7.56391310775	4.91740615578
3.49536014141	5.1491370889	0.514336465801	-0.0	-0.0	0.00286652962667	0.389305886095	0.000202420351657	8.31822775138	5.97414175307
3.51480335837	5.15833874108	0.490631760166	-0.0	-0.0	0.00361248325333	0.388850166655	0.000214289074727	9.09814646446	7.01719907947
3.53645603182	5.16569767442	0.472925975397	-0.0	-0.0	0.00433858268	0.388406249967	0.000225590585936	9.88324518283	8.03124073112
3.54308440124	5.16930022573	0.459458890615	-0.0	-0.0	0.00503626472	0.387979403107	0.000237255735159	10.660008323	9.00847255884
3.55148033584	5.16495176849	0.448338373843	-0.0	-0.0	0.00572674384	0.387556669736	0.000248642910705	11.4508428188	9.99167187239
3.5545735749	5.17041800643	0.439174848281	-0.0	-0.0	0.00641326198667	0.387136071919	0.000260280352882	12.2571875818	10.9790084846
3.56562085727	5.17362002567	0.431733018281	-0.0	-0.0	0.00707321445333	0.386731477366	0.00027083411109	13.0509105784	11.9396888661
3.58373840035	5.18094629156	0.425281962142	-0.0	-0.0	0.00772982676	0.386328665476	0.000280734363276	13.8591944835	12.9124894666
3.59832081308	5.18317935648	0.419683625162	-0.0	-0.0	0.00836371930667	0.385939540472	0.000290518944401	14.659474977	13.8750976036
3.59876270437	5.18210760904	0.414884500284	-0.0	-0.0	0.00898968749333	0.385555037829	0.000301290445754	15.4657313465	14.8366910618
3.61776403005	5.18631178707	0.410607064215	-0.0	-0.0	0.00960245564	0.385178410147	0.000310264302848	16.2716658315	15.7978209341
3.62615996465	5.19309908199	0.40683715374	-0.0	-0.0	0.01020852716	0.38480567135	0.00032003082381	17.0850544964	16.763019984
3.63809102961	5.20069532238	0.403412193082	-0.0	-0.0	0.0108068733867	0.384437461997	0.000329339842559	17.9029947142	17.7339454275
3.65665046399	5.19811320755	0.400351013714	-0.0	-0.0	0.0114085767867	0.384066964472	0.000338077414272	18.7401249919	18.7218597798
3.67034909412	5.20664785199	0.396957268246	-0.0	-0.0	0.0121410528933	0.383615642969	0.000349510707159	19.7794295638	19.9471730577
3.67697746354	5.20657276995	0.394438379164	-0.0	-0.0	0.0127213886267	0.383257829285	0.000358986633398	20.6195035337	20.9400338886
3.68625718073	5.21087160262	0.392171652845	-0.0	-0.0	0.0132863232	0.382909311875	0.000367898872485	21.4499865513	21.9205180366
3.69421122404	5.21141253508	0.390048620347	-0.0	-0.0	0.0138520024667	0.382560137716	0.000376938037361	22.2946165934	22.9177909596
3.70304904993	5.21513075965	0.388112668395	-0.0	-0.0	0.01442276032	0.382207628476	0.00038593421282	23.1582233427	23.9331517106
3.71100309324	5.22177293935	0.386070123693	-0.0	-0.0	0.0150851648267	0.381798264458	0.000396579244521	24.1755995111	25.1257588208
3.72558550597	5.2276674938	0.384510629529	-0.0	-0.0	0.0156255701333	0.381464100043	0.000404378487012	25.018398045	26.1136908062
3.73884224481	5.22936630603	0.383022010488	-0.0	-0.0	0.0161585611733	0.381134333116	0.000412182590258	25.8618558966	27.1049798305
3.74900574459	5.23980222497	0.381582471576	-0.0	-0.0	0.01669558644	0.380801896951	0.000420390381439	26.7234764838	28.1192063321
3.75386654883	5.2432849645	0.381007045425	-0.0	-0.0	0.0169151308667	0.380665940535	0.000423668907	27.0791036986	28.5385477211
3.75209898365	5.2427424336	0.381245525233	-0.0	-0.0	0.0169067821467	0.38067111116	0.00042369857394	27.0631586856	28.5030392641
3.75077330977	5.24281742354	0.381375951871	-0.0	-0.0	0.0168967420667	0.380677328521	0.000423660495504	27.045530475	28.4742546766
3.75121520106	5.24250849552	0.381622716895	-0.0	-0.0	0.01688252576	0.380686133659	0.000423339426444	27.0201527419	28.4282295387
3.75254087494	5.2437442076	0.381798640362	-0.0	-0.0	0.0168722147467	0.380692519379	0.00042299258261	27.0016752483	28.395040977
3.74988952718	5.24189063948	0.382111576253	-0.0	-0.0	0.0168547711067	0.380703322262	0.000422958961672	26.9704921751	28.3378350535
3.748121962	5.24103831891	0.382411922735	-0.0	-0.0	0.01683766904	0.380713913424	0.000422831896571	26.9399588878	28.2823650426
3.7476800707	5.24042027194	0.382844662609	-0.0	-0.0	0.0168131410133	0.380729097917	0.000422413169341	26.8961742989	28.202782823
3.74149359258	5.23924481585	0.384351842193	-0.0	-0.0	0.01672814476	0.380781731487	0.000421490689195	26.744695528	27.9277801222
3.72470172338	5.2358607831	0.390914883433	-0.0	-0.0	0.01636665716	0.381005525962	0.000416488562707	26.1048785696	26.7703906998
3.71763146266	5.23134328358	0.397534253583	-0.0	-0.0	0.01601647492	0.381222250842	0.000410606687492	25.4918143607	25.6668950044
3.71188687583	5.2268907563	0.403673258795	-0.0	-0.0	0.0157008088667	0.381417555065	0.000405224349764	24.9450483418	24.6915562269
3.70172337605	5.21938298535	0.410005398276	-0.0	-0.0	0.0153861453067	0.381612169799	0.000400342341616	24.4057280669	23.7348830643
3.69642068051	5.21283889062	0.416723607541	-0.0	-0.0	0.0150615938533	0.381812835903	0.000394749273441	23.8554405968	22.76746538
3.68979231109	5.2080474111	0.423814069504	-0.0	-0.0	0.0147288175867	0.382018519694	0.00038913087271	23.297623652	21.7962088997
3.68183826779	5.19975031211	0.431419831682	-0.0	-0.0	0.01438135024	0.382233206511	0.000383387143289	22.7227684435	20.8064855398
3.67565178966	5.19556388629	0.439688996183	-0.0	-0.0	0.0140122525067	0.382461185025	0.00037704021967	22.1193915909	19.7837878646
3.66902342024	5.19330622459	0.44862282005	-0.0	-0.0	0.0136243910667	0.382700654064	0.000370380367646	21.4938194738	18.7395896198
3.65930181175	5.18309859155	0.458617569691	-0.0	-0.0	0.0132094509467	0.382956747203	0.000363520226797	20.8341625164	17.6492428679
3.64648696421	5.17759648572	0.469498267802	-0.0	-0.0	0.01277572772	0.383224315164	0.000356587741959	20.1556902053	16.5435497762
3.63278833407	5.17212083071	0.481522355372	-0.0	-0.0	0.01231776044	0.383506707073	0.000349281385531	19.4512352891	15.4123295348
3.60936809545	5.16313626304	0.49509349821	-0.0	-0.0	0.01182521716	0.383810288435	0.000342240962635	18.7082718973	14.2387546525
3.59743703049	5.16111639708	0.510166622727	-0.0	-0.0	0.0113024593733	0.384132319034	0.000333556220573	17.9355508255	13.0455182884
3.58462218294	5.14952380952	0.522910231197	-0.0	-0.0	0.0108728496533	0.384396845658	0.000326702585873	17.3130326219	12.1123102677
3.58594785683	5.15047619048	0.522402583009	-0.0	-0.0	0.0108816798667	0.384391412208	0.000326751878434	17.3260776156	12.1403594631
3.58727353071	5.15174603175	0.522266563452	-0.0	-0.0	0.0108864721867	0.384388462008	0.000326717920518	17.3328215393	12.1501602837
3.5881573133	5.15206349206	0.521905413975	-0.0	-0.0	0.0108968437467	0.38438207872	0.000326826108761	17.347380869	12.1738598726
3.5885992046	5.15138051412	0.521339873595	-0.0	-0.0	0.0109103873067	0.384373739408	0.000327037923504	17.3668352851	12.2086855528
3.58727353071	5.15206349206	0.520623730789	-0.0	-0.0	0.0109278105333	0.384363018443	0.000327483646363	17.3919091071	12.2531961349
3.58904109589	5.15660736976	0.519117270075	-0.0	-0.0	0.0109653968133	0.38433987318	0.000328021101692	17.4458703699	12.3480653538
3.59301811754	5.16354398222	0.505411173211	-0.0	-0.0	0.01131748792	0.384123066559	0.000334227182185	17.9563281709	13.2498019519
3.60008837826	5.16883529038	0.491618803116	-0.0	-0.0	0.0117002902933	0.383887262277	0.000340711489935	18.5197777388	14.2420253781
3.60627485639	5.17544416244	0.479352069652	-0.0	-0.0	0.01206754608	0.383660955895	0.000346992399127	19.0684401909	15.2058859546
3.61820592134	5.18435223313	0.468226742727	-0.0	-0.0	0.0124285490533	0.383438409357	0.000352579793629	19.6149272791	16.1594799701
3.62615996465	5.18981335021	0.457855320095	-0.0	-0.0	0.01279275704	0.383213811804	0.00035859267007	20.1732762334	17.1270663064
3.63234644278	5.19405815424	0.448051825318	-0.0	-0.0	0.0131643214933	0.38298460152	0.000364903183263	20.7501345936	18.1208430924
3.64604507291	5.201829076	0.43894509601	-0.0	-0.0	0.0135363507067	0.382755010235	0.000370452458195	21.334885252	19.1225909495
3.65311533363	5.20566929134	0.430897639175	-0.0	-0.0	0.01388941736	0.382537043658	0.00037630105098	21.8962147052	20.0793088694
3.65665046399	5.21070866142	0.423404793292	-0.0	-0.0	0.0142436939733	0.382318244395	0.000382516151293	22.4652848309	21.0417613894
3.664162616	5.21554436753	0.416508469048	-0.0	-0.0	0.0145923324	0.38210286208	0.000388216064258	23.0314403989	21.9943146281
3.67786124613	5.22253609542	0.409904822306	-0.0	-0.0	0.0149523432267	0.381880374054	0.00039345135404	23.6220674519	22.9792189504
3.6809544852	5.22888540031	0.403867017496	-0.0	-0.0	0.01531051036	0.38165893976	0.000399774212107	24.2153000949	23.9562990822
3.6893504198	5.23236124177	0.398656643463	-0.0	-0.0	0.0156541339733	0.381446429264	0.000405216533181	24.7882918502	24.8809287715
3.70260715864	5.24123904881	0.39377170214	-0.0	-0.0	0.0160203404533	0.381219866853	0.00041050997813	25.4022362252	25.8447784682
3.71056120194	5.24734208881	0.389787175166	-0.0	-0.0	0.0163805580933	0.380996931183	0.000416215910962	26.0062849883	26.752524203
3.71542200619	5.25046845721	0.386704462495	-0.0	-0.0	0.0167494498533	0.380768543929	0.000422364412305	26.62407015	27.622095248
3.72646928856	5.25920149719	0.384442775083	-0.0	-0.0	0.0171536889067	0.380518183027	0.000428331025196	27.296877862	28.4972485372
3.72691117985	5.2608424337	0.384216780287	-0.0	-0.0	0.0172135081733	0.380481117734	0.000429335719829	27.3956595259	28.6181869737
3.72691117985	5.26053042122	0.384312522137	-0.0	-0.0	0.0172105263333	0.380482965037	0.000429276472926	27.3901155466	28.6048496495
3.72425983208	5.25936329588	0.384457357363	-0.0	-0.0	0.0172006025333	0.380489111881	0.000429395147086	27.3725023029	28.5750504468
3.72381794079	5.25873907615	0.38464214673	-0.0	-0.0	0.01718904456	0.380496263213	0.000429228167085	27.3520261835	28.5391401095
3.72337604949	5.25842696629	0.384754558259	-0.0	-0.0	0.0171828699867	0.380500088415	0.000429161631422	27.3409823645	28.5187817607
3.72425983208	5.25897035881	0.385003863192	-0.0	-0.0	0.01716859528	0.380508941495	0.00042878817943	27.3154542266	28.4725855839
3.72028281043	5.25765146783	0.385334689902	-0.0	-0.0	0.0171501267867	0.380520382455	0.000428895719392	27.2824813843	28.4122971882
3.71718957137	5.25390381012	0.38688390224	-0.0	-0.0	0.01706294408	0.380574377979	0.000427595069789	27.1272016776	28.1301599799
3.70746796288	5.24609130707	0.392673157783	-0.0	-0.0	0.01674356016	0.380772183693	0.000422638902951	26.5618434891	27.1068762218
3.69553689792	5.23934837093	0.3990586362	-0.0	-0.0	0.0164037507733	0.380982574677	0.000417535871189	25.9664652942	26.0344360845
3.69067609368	5.23643775478	0.405156870964	-0.0	-0.0	0.0160906825333	0.381176335562	0.000412144085127	25.4237056036	25.0615949755
3.68228015908	5.23202511774	0.411341364751	-0.0	-0.0	0.0157808553067	0.381368033855	0.00040720191249	24.892131245	24.1176938311
3.67874502872	5.2287150487	0.417644117549	-0.0	-0.0	0.0154743623067	0.381557615073	0.000401792592145	24.3719107349	23.2003757964
3.66769774635	5.22309628697	0.424447983747	-0.0	-0.0	0.0151550994533	0.381755029238	0.000396976188567	23.8362753253	22.2603378957
3.66195315952	5.2168712622	0.431506665986	-0.0	-0.0	0.0148316887067	0.381954938185	0.000391519868444	23.3001842904	21.3299591953
3.65002209456	5.20744010088	0.439072287937	-0.0	-0.0	0.0144959934	0.382162383952	0.000386488323452	22.7503117608	20.3838625982
3.64427750773	5.20157728707	0.446796763342	-0.0	-0.0	0.0141610572533	0.38236928548	0.000380833036224	22.2086974175	19.464457055
3.63720724702	5.19406752919	0.455521310254	-0.0	-0.0	0.0137938848667	0.382596020796	0.000374715871879	21.6226324532	18.4816326867
3.62925320371	5.19026548673	0.465058347794	-0.0	-0.0	0.0134071160933	0.38283475939	0.000368306319234	21.0134882665	17.4719852291
3.62085726911	5.18316988295	0.475826638411	-0.0	-0.0	0.0129895113467	0.383092443354	0.000361369024117	20.3652934962	16.4090791307
3.61025187804	5.17188983856	0.486979248883	-0.0	-0.0	0.0125746587867	0.383348309427	0.000354703531343	19.7311075252	15.3840128064
3.60318161732	5.17126546147	0.499882553986	-0.0	-0.0	0.0121117381733	0.383633711839	0.000346798772891	19.0346277229	14.2810013506
3.59832081308	5.16597905427	0.514720633497	-0.0	-0.0	0.0115982158533	0.38395014843	0.000337745772267	18.2757273475	13.1102587699
3.59125055236	5.15746031746	0.530644397319	-0.0	-0.0	0.0110636225333	0.38427939655	0.000328491156206	17.4999917042	11.9542480043
3.57578435705	5.14272091545	0.550583226082	-0.0	-0.0	0.0104102220533	0.384681577281	0.000317782403063	16.5742363689	10.6351495828
3.55943437914	5.13125199108	0.575286431566	-0.0	-0.0	0.00965482125333	0.385146211073	0.000305215204893	15.5347931083	9.20383242391
3.53071144498	5.11136	0.600648873451	-0.0	-0.0	0.00892951114667	0.385592011769	0.000294311101319	14.5706847419	7.93007584885
