# C		CN		K0		e_x		e_y		e_z		n		overlap		p		q
3.38223596995	5.16098548768	0.73603808284	-0.0	-0.0	1.87240000048e-07	0.390264672922	0.000147589133732	5.58562650795	1.78925637734
3.44321696863	5.17320478723	0.651739256948	-0.0	-0.0	0.000531443826667	0.389940660955	0.00015453879614	6.09298538623	2.76357813439
3.47282368537	5.18638466623	0.569473152475	-0.0	-0.0	0.00134984762667	0.389441181713	0.000167664725824	6.91039210113	4.17276860047
3.49801148917	5.19271175312	0.522883378789	-0.0	-0.0	0.00212068413333	0.388970359246	0.00017979492073	7.71025338478	5.39458864996
3.52496685815	5.20091324201	0.492914951609	-0.0	-0.0	0.00286652962667	0.388514455547	0.000191116882271	8.50937783417	6.51865237374
3.55059655325	5.21435531017	0.471435194859	-0.0	-0.0	0.00361248325333	0.388058145515	0.000202295499344	9.33401046016	7.61805230987
3.55810870526	5.21516526248	0.455761087763	-0.0	-0.0	0.00433858268	0.387613653533	0.000214041252963	10.1604754518	8.67851732794
3.58020327	5.22562943835	0.44387630312	-0.0	-0.0	0.00503626472	0.387186253637	0.000224378910061	10.9781165586	9.70231598968
3.58727353071	5.22200772201	0.434276732963	-0.0	-0.0	0.00572674384	0.386762972287	0.000235455851065	11.8090527099	10.7259267687
3.59920459567	5.23487773488	0.426304007404	-0.0	-0.0	0.00641326198667	0.386341830301	0.000246108363147	12.6567954076	11.7582663139
3.61555457357	5.23192578375	0.419857284827	-0.0	-0.0	0.00707321445333	0.385936710506	0.000255958859073	13.4918125184	12.7636811865
3.63102076889	5.24273395081	0.414349516008	-0.0	-0.0	0.00772982676	0.385533378962	0.000265721701847	14.3407481061	13.7781000407
3.64427750773	5.247055078	0.409793393392	-0.0	-0.0	0.00836371930667	0.385143747299	0.000275226111107	15.1778037904	14.7693533543
3.67123287671	5.25609370054	0.40560605417	-0.0	-0.0	0.00898968749333	0.384758746359	0.00028355193571	16.0239588408	15.7759724761
3.68404772426	5.26073232323	0.401942717972	-0.0	-0.0	0.00960245564	0.384381630586	0.000292718863598	16.8695059986	16.778666825
3.68846663721	5.26736111111	0.39867276156	-0.0	-0.0	0.01020852716	0.384008408737	0.00030241666371	17.7228353354	17.7882719141
3.69951391958	5.27324298771	0.395777058315	-0.0	-0.0	0.0108068733867	0.383639722203	0.000311405496341	18.5806463906	18.7996322015
3.70879363677	5.27919420837	0.3930331674	-0.0	-0.0	0.0114085767867	0.38326874453	0.000320585907634	19.4598917223	19.8394235611
3.72028281043	5.2864321608	0.390048019028	-0.0	-0.0	0.0121410528933	0.382816838136	0.000331736885301	20.5514853327	21.1259711655
3.7308882015	5.29651710072	0.387955504033	-0.0	-0.0	0.0127213886267	0.382458560742	0.00034043202405	21.4325672212	22.1593617179
3.74414494034	5.3049467752	0.385964258438	-0.0	-0.0	0.0132863232	0.38210959167	0.000348602110397	22.3053302432	23.1887514642
3.75254087494	5.31433938635	0.384171058787	-0.0	-0.0	0.0138520024667	0.381759964998	0.000357223694537	23.1927759501	24.2308021426
3.76226248343	5.31615120275	0.382383893608	-0.0	-0.0	0.01442276032	0.381406998923	0.000365792000166	24.1035138408	25.3065334882
3.77728678745	5.32481296758	0.380583207324	-0.0	-0.0	0.0150851648267	0.380997112246	0.000375329695059	25.1760573623	26.5638827323
3.78391515687	5.32576228998	0.379167002756	-0.0	-0.0	0.0156255701333	0.380662507202	0.00038365317117	26.0652960986	27.6094232101
3.79628811312	5.33291925466	0.377897148654	-0.0	-0.0	0.0161585611733	0.380332318736	0.000391277581823	26.9542132031	28.6507814414
3.80733539549	5.34015503876	0.376675784741	-0.0	-0.0	0.01669558644	0.379999445637	0.000399066752601	27.8607131845	29.7138192098
3.81263809103	5.34262701363	0.376215028032	-0.0	-0.0	0.0169151308667	0.379863315622	0.000402158326355	28.234291852	30.1503507496
3.80954485197	5.34149364735	0.376460921419	-0.0	-0.0	0.0169067821467	0.379868490353	0.000402315969956	28.2169698867	30.1115251808
3.81042863456	5.34211341804	0.376659344026	-0.0	-0.0	0.0168967420667	0.379874716492	0.000402036661016	28.197779473	30.0746620797
3.80998674326	5.34149364735	0.37698025877	-0.0	-0.0	0.01688252576	0.37988353232	0.000401815545326	28.1701514368	30.0187380783
3.81042863456	5.34180353269	0.377208674207	-0.0	-0.0	0.0168722147467	0.379889926317	0.000401574524282	28.150130181	29.9785970182
3.80954485197	5.34045848823	0.37760274298	-0.0	-0.0	0.0168547711067	0.379900743199	0.000401338319597	28.1161818948	29.9100611794
3.81042863456	5.34107806691	0.377985572822	-0.0	-0.0	0.01683766904	0.379911348087	0.000400922911167	28.0829584142	29.843324023
3.81042863456	5.34107806691	0.378539492194	-0.0	-0.0	0.0168131410133	0.379926556562	0.000400459547867	28.0353291091	29.7474103659
3.8064516129	5.34026054591	0.380461030632	-0.0	-0.0	0.01672814476	0.379979259132	0.000399270768759	27.8705193863	29.4167582475
3.78877596111	5.33312597201	0.38886319335	-0.0	-0.0	0.01636665716	0.380203343054	0.000394289464579	27.1745498187	28.0257429759
3.78347326558	5.32741985683	0.397342068606	-0.0	-0.0	0.01601647492	0.380420352218	0.000388214022039	26.5077848143	26.7040752701
3.76712328767	5.32116104869	0.405244074108	-0.0	-0.0	0.0157008088667	0.380615897978	0.00038390213762	25.9133103068	25.5380211347
3.75519222271	5.31467000313	0.413356432343	-0.0	-0.0	0.0153861453067	0.380810768559	0.000379155607462	25.3276847766	24.4017387381
3.74591250552	5.31077694236	0.421998422013	-0.0	-0.0	0.0150615938533	0.381011694274	0.00037394101377	24.7305047147	23.2553609771
3.72867874503	5.3034591195	0.431113004046	-0.0	-0.0	0.0147288175867	0.381217645065	0.000369358093473	24.1256744251	22.1102847711
3.71984091913	5.29537590437	0.440987969629	-0.0	-0.0	0.01438135024	0.381432614378	0.000363669024454	23.502233511	20.9429318397
3.70746796288	5.28553419477	0.451823581696	-0.0	-0.0	0.0140122525067	0.381660884069	0.000357915965457	22.8492455477	19.7390847833
3.69686257181	5.27665615142	0.463731391396	-0.0	-0.0	0.0136243910667	0.381900659933	0.000351623829272	22.1729763045	18.5072385172
3.69067609368	5.27011675607	0.476960515609	-0.0	-0.0	0.0132094509467	0.382157086513	0.000344415320095	21.4613147566	17.2347523139
3.67609368095	5.26234177215	0.491227255896	-0.0	-0.0	0.01277572772	0.382425002231	0.000337644635313	20.7310238168	15.9610923922
3.66283694211	5.25095057034	0.506810230444	-0.0	-0.0	0.01231776044	0.382707767577	0.000330302804896	19.974037003	14.6765354712
3.64560318162	5.23579815931	0.524105705423	-0.0	-0.0	0.01182521716	0.383011735853	0.000322654826305	19.1769649189	13.3670891743
3.63234644278	5.22805343511	0.543315214387	-0.0	-0.0	0.0113024593733	0.383334186983	0.00031408825759	18.350079938	12.0484234394
3.61643835616	5.2174744898	0.559787234426	-0.0	-0.0	0.0108728496533	0.383599055711	0.000307473440095	17.6848748262	11.0188735104
3.61555457357	5.219208679	0.559249096207	-0.0	-0.0	0.0108816798667	0.383593612735	0.000307710593293	17.6984079711	11.0463950409
3.61643835616	5.21881977671	0.558904560802	-0.0	-0.0	0.0108864721867	0.383590658711	0.000307727709933	17.7059887587	11.0633637493
3.61776403005	5.22009569378	0.558360819111	-0.0	-0.0	0.0108968437467	0.383584266513	0.000307804870039	17.7216874478	11.0925188089
3.61997348652	5.22034438776	0.557579523991	-0.0	-0.0	0.0109103873067	0.383575917032	0.000307868873055	17.7424319183	11.1333686925
3.61864781264	5.2193877551	0.556567546855	-0.0	-0.0	0.0109278105333	0.383565176842	0.000308306059527	17.7692253631	11.1863901414
3.61820592134	5.2200255102	0.554409095487	-0.0	-0.0	0.0109653968133	0.383542006914	0.000309042298266	17.8269984681	11.3004739899
3.63323022536	5.23510672189	0.535133378791	-0.0	-0.0	0.01131748792	0.383324919322	0.000314292369187	18.3732241312	12.3768088213
3.64295183385	5.24848677923	0.515997656341	-0.0	-0.0	0.0117002902933	0.383088809449	0.000320543581208	18.9769180138	13.5603749724
3.65046398586	5.25286259542	0.499278815797	-0.0	-0.0	0.01206754608	0.382862204027	0.000326678778891	19.565133217	14.7056204714
3.65797613787	5.26494910941	0.484237219178	-0.0	-0.0	0.0124285490533	0.382639375256	0.000332686899666	20.1517136781	15.8399372871
3.66813963765	5.27295837305	0.470319814311	-0.0	-0.0	0.01279275704	0.382414486217	0.000338497436707	20.7518970992	16.9921327176
3.68272205038	5.28227085316	0.457343040611	-0.0	-0.0	0.0131643214933	0.382184970756	0.000344017617658	21.372464277	18.1720386328
3.69421122404	5.29154795821	0.445459174263	-0.0	-0.0	0.0135363507067	0.381955082954	0.000349816244214	22.0019510763	19.357229455
3.7057003977	5.30139152435	0.435124124132	-0.0	-0.0	0.01388941736	0.38173683318	0.00035524267277	22.6067537486	20.4839274723
3.70923552806	5.30844669408	0.425606091583	-0.0	-0.0	0.0142436939733	0.381517758195	0.000361433431962	23.2202729305	21.6143510361
3.72337604949	5.31733501737	0.417019771068	-0.0	-0.0	0.0145923324	0.381302093927	0.000366468695466	23.8303369558	22.7246168496
3.72912063632	5.32208201893	0.408934842489	-0.0	-0.0	0.0149523432267	0.38107931973	0.00037250753863	24.466363256	23.865101505
3.73751657092	5.32871099905	0.401670113235	-0.0	-0.0	0.01531051036	0.380857599133	0.000378218768923	25.1040456857	24.9877986284
3.75033141847	5.33385727759	0.395463914468	-0.0	-0.0	0.0156541339733	0.380644819939	0.000383167051999	25.719033406	26.0447409343
3.76049491825	5.33929692404	0.38979935799	-0.0	-0.0	0.0160203404533	0.380417957208	0.000388722108429	26.375861348	27.1317922129
3.76889085285	5.34471952366	0.385438224446	-0.0	-0.0	0.0163805580933	0.380194732624	0.000394237470108	27.0179703264	28.1288033832
3.7817057004	5.35126681264	0.382366342007	-0.0	-0.0	0.0167494498533	0.379966049391	0.000399321397486	27.6686782405	29.0510406051
3.79054352629	5.35948733979	0.380154522665	-0.0	-0.0	0.0171536889067	0.379715367089	0.000405320499057	28.3770080008	29.9766000458
3.78745028723	5.35772357724	0.379904362491	-0.0	-0.0	0.0172135081733	0.379678250705	0.000406668648255	28.4814456785	30.1076247057
3.78700839593	5.35709818637	0.380046782442	-0.0	-0.0	0.0172105263333	0.379680096524	0.000406650837217	28.4747487978	30.0887620214
3.78524083076	5.35584740463	0.380232128376	-0.0	-0.0	0.0172006025333	0.379686253446	0.000406657967628	28.4558284751	30.0534501312
3.78479893946	5.35553470919	0.380487664981	-0.0	-0.0	0.01718904456	0.379693425831	0.000406490296161	28.4335895301	30.0088691926
3.78479893946	5.35553470919	0.38063197287	-0.0	-0.0	0.0171828699867	0.379697245637	0.00040637440188	28.4215951717	29.9843087777
3.78833406982	5.35834896811	0.380952539532	-0.0	-0.0	0.01716859528	0.379706110524	0.000405728088892	28.3939504686	29.9287455478
3.78745028723	5.35803627267	0.381374835676	-0.0	-0.0	0.0171501267867	0.379717566312	0.000405476976001	28.358208858	29.8563691144
3.78745028723	5.35667396061	0.383388037212	-0.0	-0.0	0.01706294408	0.379771634736	0.000403843383456	28.1897027838	29.5149592791
3.78082191781	5.3502188868	0.390906654095	-0.0	-0.0	0.01674356016	0.379969698797	0.000398557594702	27.5765603095	28.280234484
3.77065841803	5.34189104571	0.399223425648	-0.0	-0.0	0.0164037507733	0.380180348371	0.000393246017667	26.9314963794	26.9896418546
3.75784357048	5.3387755102	0.407224043441	-0.0	-0.0	0.0160906825333	0.380374372985	0.000388706895654	26.3438258765	25.8193993473
3.74193548387	5.32588864423	0.415388255079	-0.0	-0.0	0.0157808553067	0.380566320138	0.000384552281683	25.7689533324	24.6859723547
3.73442333186	5.32251968504	0.423719992841	-0.0	-0.0	0.0154743623067	0.380756136704	0.00037958619139	25.2066164373	23.5884291996
3.72602739726	5.31630400505	0.432703590668	-0.0	-0.0	0.0151550994533	0.380953813138	0.000374456885989	24.6274877986	22.4686902766
3.71630578878	5.30871212121	0.442092509147	-0.0	-0.0	0.0148316887067	0.381153982985	0.000369386578789	24.0484430864	21.3622437462
3.70481661511	5.29772439949	0.452195744196	-0.0	-0.0	0.0144959934	0.381361695794	0.000364264385715	23.4550840613	20.2407881163
3.69863013699	5.29181157129	0.462613828376	-0.0	-0.0	0.0141610572533	0.381568865427	0.000358642255143	22.8708303282	19.1517110854
3.68625718073	5.28078505856	0.474460434501	-0.0	-0.0	0.0137938848667	0.381795894581	0.000353002679864	22.2389052903	17.9906092792
3.6725585506	5.26949904883	0.487349463379	-0.0	-0.0	0.0134071160933	0.382034948165	0.000347130107761	21.5838266813	16.8100972466
3.66106937693	5.26008256589	0.501747473118	-0.0	-0.0	0.0129895113467	0.382292961653	0.000340475656132	20.888042118	15.5840469473
3.64604507291	5.25350318471	0.51645165465	-0.0	-0.0	0.0125746587867	0.382549165852	0.000334189480125	20.2086328999	14.4205348417
3.63720724702	5.24410452518	0.533270025066	-0.0	-0.0	0.0121117381733	0.382834930422	0.000326445695998	19.4643627912	13.1881328267
3.62395050817	5.22760599299	0.552447793675	-0.0	-0.0	0.0115982158533	0.383151775544	0.000318146789718	18.654667461	11.8993136248
3.60804242156	5.21193744015	0.572849526668	-0.0	-0.0	0.0110636225333	0.38348145191	0.000309652125805	17.8290361029	10.6478322744
3.59213433495	5.19463087248	0.598482613091	-0.0	-0.0	0.0104102220533	0.383884153848	0.00029888566107	16.8439735076	9.23521430474
3.55589924878	5.16972034716	0.629873068523	-0.0	-0.0	0.00965482125333	0.384349392508	0.000287900002535	15.7420946156	7.73525806225
3.52540874945	5.14382457272	0.661871389358	-0.0	-0.0	0.00892951114667	0.384795768216	0.000277023064386	14.7225429045	6.42684683908
