# C		CN		K0		e_x		e_y		e_z		n		overlap		p		q
3.34644277508	5.14169215087	0.736020050421	-0.0	-0.0	1.87240000048e-07	0.390701993621	0.000103752038526	5.58753335839	1.79001559123
3.41758727353	5.148	0.634399009748	-0.0	-0.0	0.000531443826667	0.390378214044	0.000111145877138	6.3189566844	3.05476750419
3.44940344675	5.1474760805	0.542822706085	-0.0	-0.0	0.00134984762667	0.389879093045	0.000124586732642	7.52424355662	4.94798390162
3.47193990278	5.14449541284	0.4934773447	-0.0	-0.0	0.00212068413333	0.389408608266	0.0001372195314	8.73173111297	6.67778634153
3.48873177198	5.13941368078	0.462452047833	-0.0	-0.0	0.00286652962667	0.388953031554	0.000149523166376	9.96441554225	8.3479761636
3.49933716306	5.13696851672	0.440639679871	-0.0	-0.0	0.00361248325333	0.388497048802	0.000162017757685	11.2566374146	10.0407995365
3.50994255413	5.14114600194	0.425505308223	-0.0	-0.0	0.00433858268	0.388052875623	0.000174071901929	12.565151479	11.6994674616
3.52894387981	5.14502094747	0.414217559331	-0.0	-0.0	0.00503626472	0.387625782134	0.000185161351802	13.8712025834	13.3319035847
3.5545735749	5.14564660691	0.405148626823	-0.0	-0.0	0.00572674384	0.387202804511	0.00019574699694	15.2143264982	14.9979728321
3.56606274856	5.14937759336	0.397998672155	-0.0	-0.0	0.00641326198667	0.386781963675	0.000207008649688	16.5947997104	16.6872598547
3.58550596553	5.14788955887	0.392042153319	-0.0	-0.0	0.00707321445333	0.386377135351	0.000217309272643	17.9652265241	18.3658928988
3.59611135661	5.14973092751	0.387001439009	-0.0	-0.0	0.00772982676	0.385974090718	0.000228058606368	19.3695600535	20.0791880108
3.59434379143	5.14132153019	0.382684737869	-0.0	-0.0	0.00836371930667	0.385584740881	0.000239241375024	20.7650943861	21.7834450979
3.6053910738	5.14772727273	0.379041202839	-0.0	-0.0	0.00898968749333	0.385200016075	0.000249425296496	22.1786386241	23.500640331
3.61467079099	5.14955919395	0.375937714867	-0.0	-0.0	0.00960245564	0.384823170781	0.000259487597814	23.596132787	25.2166158006
3.62615996465	5.15786163522	0.373245897899	-0.0	-0.0	0.01020852716	0.384450216618	0.000269264938691	25.0311912008	26.9484262165
3.64471939903	5.1644221735	0.370858319278	-0.0	-0.0	0.0108068733867	0.384081797151	0.00027837420348	26.4804732669	28.6957747696
3.65355722492	5.17089201878	0.368795596038	-0.0	-0.0	0.0114085767867	0.38371108292	0.000288228931961	27.9685779777	30.4799362576
3.66725585506	5.17691107644	0.366504978803	-0.0	-0.0	0.0121410528933	0.383259500647	0.000299939780011	29.8214835546	32.7033805091
3.68360583297	5.186118892	0.364871943875	-0.0	-0.0	0.0127213886267	0.382901480222	0.000308760608104	31.32218338	34.5026756585
3.69642068051	5.19577377253	0.363340568457	-0.0	-0.0	0.0132863232	0.38255276144	0.000317604477864	32.8128813752	36.296157913
3.6977463544	5.19794903667	0.362160787306	-0.0	-0.0	0.0138520024667	0.382203385531	0.000327335135273	34.3267137256	38.0931104373
3.71056120194	5.19566563467	0.360994255523	-0.0	-0.0	0.01442276032	0.381850672614	0.000336188023195	35.8827410991	39.946743331
3.72425983208	5.19839555693	0.359675366125	-0.0	-0.0	0.0150851648267	0.38144107745	0.000346601284286	37.7245524356	42.1483989973
3.73574900574	5.19864698647	0.358754496137	-0.0	-0.0	0.0156255701333	0.381106715448	0.0003550074949	39.2497257201	43.962582308
3.748121962	5.20853808354	0.357885254007	-0.0	-0.0	0.0161585611733	0.380776756702	0.000363188716276	40.7781022168	45.782732524
3.7565178966	5.21122011036	0.357091104797	-0.0	-0.0	0.01669558644	0.380444128868	0.000371803753612	42.3407215283	47.6400227715
3.76137870084	5.21384803922	0.3567824511	-0.0	-0.0	0.0169151308667	0.380308093897	0.000375186916552	42.9858952762	48.4065975465
3.76005302696	5.2184719239	0.356961170618	-0.0	-0.0	0.0169067821467	0.38031326751	0.000375151207559	42.9577956248	48.3514275066
3.75828546178	5.21755139613	0.357142221082	-0.0	-0.0	0.0168967420667	0.380319483175	0.000375133735625	42.925208775	48.2909434875
3.75430844012	5.21386928506	0.357364768668	-0.0	-0.0	0.01688252576	0.380328298688	0.000375256049138	42.8791961239	48.2099623067
3.75519222271	5.21448297024	0.357543412271	-0.0	-0.0	0.0168722147467	0.380334688098	0.000374968329958	42.8457383122	48.1489212807
3.75430844012	5.21454880295	0.357833633344	-0.0	-0.0	0.0168547711067	0.380345490889	0.000374719278446	42.7892606547	48.0474703575
3.75209898365	5.21597542243	0.358121394844	-0.0	-0.0	0.01683766904	0.380356091226	0.000374609158499	42.7338906469	47.9477092975
3.75121520106	5.21566820276	0.358533634057	-0.0	-0.0	0.0168131410133	0.380371292961	0.00037422218011	42.6544533054	47.8048781102
3.75165709236	5.21443932412	0.359975833414	-0.0	-0.0	0.01672814476	0.380423954429	0.000372531279065	42.379811877	47.3108127974
3.73486522316	5.20320197044	0.366235841	-0.0	-0.0	0.01636665716	0.380647885422	0.000367192221925	41.2204209981	45.23714711
3.7229341582	5.19327990136	0.372495929093	-0.0	-0.0	0.01601647492	0.380864733562	0.000361597013968	40.1117555971	43.2729066505
3.71674768007	5.18815545959	0.37830771215	-0.0	-0.0	0.0157008088667	0.38106013765	0.000356101373916	39.1245181351	41.5402441318
3.70835174547	5.18862090291	0.384269343149	-0.0	-0.0	0.0153861453067	0.381254864823	0.000350787728707	38.1492859299	39.8459220587
3.70039770217	5.1855638166	0.390578672854	-0.0	-0.0	0.0150615938533	0.381455651933	0.000345250113733	37.1561817557	38.1388589591
3.69067609368	5.18311607697	0.397266530791	-0.0	-0.0	0.0147288175867	0.381661454566	0.000339752041746	36.1519836849	36.4273208642
3.67697746354	5.17833800187	0.404512696373	-0.0	-0.0	0.01438135024	0.381876262479	0.000334336522872	35.1174334656	34.6794232661
3.67034909412	5.1738317757	0.412541447217	-0.0	-0.0	0.0140122525067	0.382104371736	0.000327867163506	34.0335691838	32.8642244576
3.66283694211	5.16770573566	0.421347201968	-0.0	-0.0	0.0136243910667	0.382343987081	0.000321104701489	32.9106559895	31.0043430957
3.64869642068	5.15807560137	0.431139068079	-0.0	-0.0	0.0132094509467	0.382600224176	0.000314408884912	31.7288397204	29.0761572856
3.63720724702	5.15309956168	0.441685674979	-0.0	-0.0	0.01277572772	0.382867939908	0.000307091182518	30.5134264675	27.1365757518
3.62571807335	5.14487300094	0.453298511605	-0.0	-0.0	0.01231776044	0.383150508317	0.000299333713852	29.2559559773	25.1667360472
3.61201944322	5.13477851084	0.466209884275	-0.0	-0.0	0.01182521716	0.383454258578	0.000291070214569	27.9309207279	23.1459794352
3.59478568272	5.12409448819	0.480560955297	-0.0	-0.0	0.0113024593733	0.383776478436	0.000282459808371	26.5562383216	21.1017178333
3.58020327	5.12073324905	0.492826583756	-0.0	-0.0	0.0108728496533	0.384041157193	0.000275455804926	25.4527057053	19.5033089108
3.57843570482	5.12144212524	0.492335520021	-0.0	-0.0	0.0108816798667	0.384035721255	0.000275761335386	25.4754440981	19.549302357
3.57799381352	5.1211258697	0.4921807668	-0.0	-0.0	0.0108864721867	0.384032766216	0.000275882642449	25.4873105127	19.5674219567
3.57887759611	5.12175838077	0.491754115403	-0.0	-0.0	0.0108968437467	0.384026377641	0.000276007885029	25.5134210588	19.6123581245
3.57887759611	5.12175838077	0.49115464106	-0.0	-0.0	0.0109103873067	0.384018038897	0.000276262826731	25.5478660276	19.673892227
3.5797613787	5.12270714738	0.490407685642	-0.0	-0.0	0.0109278105333	0.384007302622	0.000276522614401	25.5921485168	19.7518088477
3.58064516129	5.12428842505	0.488799766003	-0.0	-0.0	0.0109653968133	0.383984153808	0.000277161284565	25.6877195658	19.9204662628
3.58506407424	5.12800252845	0.474474759131	-0.0	-0.0	0.01131748792	0.383767218928	0.000283449550687	26.5918343674	21.5110961523
3.59213433495	5.13617693523	0.460350216064	-0.0	-0.0	0.0117002902933	0.383531276895	0.000290094785541	27.5911533045	23.2564532244
3.60097216085	5.14723538705	0.447979519532	-0.0	-0.0	0.01206754608	0.38330483361	0.000296291016056	28.5656853644	24.9512405619
3.60892620415	5.15629933691	0.436859757571	-0.0	-0.0	0.0124285490533	0.383082164632	0.000302426707855	29.5380230401	26.6326672502
3.6133451171	5.16356173034	0.426618405615	-0.0	-0.0	0.01279275704	0.382857444837	0.000308907479544	30.5331412217	28.3403735926
3.62836942112	5.17981072555	0.417069430632	-0.0	-0.0	0.0131643214933	0.382628086462	0.000314625436081	31.5631379039	30.0944246992
3.63588157313	5.1869482976	0.408316642211	-0.0	-0.0	0.0135363507067	0.382398363346	0.000320985601185	32.6092244654	31.8627907878
3.64825452939	5.18993710692	0.400654839038	-0.0	-0.0	0.01388941736	0.382180270304	0.000326552808651	33.6156217966	33.5545195283
3.65267344233	5.19421747329	0.393632288204	-0.0	-0.0	0.0142436939733	0.381961352446	0.00033279475743	34.6346378181	35.251623671
3.65885992046	5.20075400566	0.387268017173	-0.0	-0.0	0.0145923324	0.381745842859	0.000338800743295	35.651811031	36.9307882877
3.66106937693	5.20226130653	0.381352726305	-0.0	-0.0	0.0149523432267	0.381523224599	0.00034536897597	36.712888918	38.6547768459
3.66990720283	5.21054283025	0.376026385557	-0.0	-0.0	0.01531051036	0.381301669724	0.000351253087677	37.7791175892	40.3638057163
3.6721166593	5.20721003135	0.371513765981	-0.0	-0.0	0.0156541339733	0.381089030982	0.00035746847909	38.8099483261	41.9812960243
3.68183826779	5.20856785491	0.367309295138	-0.0	-0.0	0.0160203404533	0.380862344858	0.000363335577443	39.9139988204	43.6751044682
3.68846663721	5.2146875	0.364115168274	-0.0	-0.0	0.0163805580933	0.380639275789	0.000369330575975	40.9997515497	45.2563287953
3.69642068051	5.2164691204	0.361743009228	-0.0	-0.0	0.0167494498533	0.380410756575	0.000375259768582	42.1087518676	46.782285956
3.70702607159	5.22159975101	0.360066665671	-0.0	-0.0	0.0171536889067	0.380160250868	0.000381489689349	43.3221806116	48.3508580133
3.70702607159	5.22291407223	0.359870668204	-0.0	-0.0	0.0172135081733	0.380123164307	0.000382567956548	43.5019960308	48.5774861513
3.70790985418	5.22322540473	0.359954095325	-0.0	-0.0	0.0172105263333	0.380125012678	0.000382415067657	43.4916696986	48.5549145519
3.70746796288	5.22260273973	0.360132807551	-0.0	-0.0	0.0172006025333	0.380131164163	0.000382269247351	43.4594943755	48.4953679371
3.70746796288	5.22291407223	0.360310537892	-0.0	-0.0	0.01718904456	0.380138328549	0.000382047006838	43.4222674252	48.4303614846
3.70702607159	5.22260273973	0.360417423186	-0.0	-0.0	0.0171828699867	0.380142148411	0.000381973786674	43.4023105745	48.3940019499
3.70658418029	5.22229140722	0.360660284051	-0.0	-0.0	0.01716859528	0.38015099995	0.000381743854161	43.3561655256	48.3105571363
3.70702607159	5.2232949237	0.360963978007	-0.0	-0.0	0.0171501267867	0.380162451715	0.000381342327788	43.2965426926	48.2041951494
3.70658418029	5.2232949237	0.36244201794	-0.0	-0.0	0.01706294408	0.380216478468	0.00037970763818	43.0155702002	47.6987198504
3.69642068051	5.21678103556	0.36797541914	-0.0	-0.0	0.01674356016	0.380414405755	0.000374608891649	41.9938360674	45.8673184527
3.68802474591	5.21625	0.374062927628	-0.0	-0.0	0.0164037507733	0.380624910988	0.000368946494622	40.9198887781	43.955545832
3.67609368095	5.2082028804	0.379831931243	-0.0	-0.0	0.0160906825333	0.380818787307	0.000364138120185	39.9424622795	42.2314287769
3.66327883341	5.19849482596	0.38573765865	-0.0	-0.0	0.0157808553067	0.381010596789	0.000359483962701	38.9859982966	40.5554009583
3.65974370305	5.19542032622	0.391800990521	-0.0	-0.0	0.0154743623067	0.381200283638	0.000353985159442	38.0506878782	38.9252606638
3.65223155104	5.19095477387	0.398356511299	-0.0	-0.0	0.0151550994533	0.381397811868	0.000348625496678	37.0876233487	37.2572472373
3.6473707468	5.18730358265	0.405223689048	-0.0	-0.0	0.0148316887067	0.381597839155	0.000342932037509	36.1240645323	35.6029201938
3.64250994255	5.18238993711	0.412655877312	-0.0	-0.0	0.0144959934	0.381805401977	0.000337000533989	35.1359471736	33.9178641926
3.63543968184	5.17489776659	0.420326675231	-0.0	-0.0	0.0141610572533	0.382012423023	0.000331298052205	34.1636154528	32.2772398465
3.62704374724	5.17144658052	0.429067766713	-0.0	-0.0	0.0137938848667	0.382239286918	0.000325101079884	33.1123610153	30.5223928241
3.62085726911	5.16556291391	0.438667992176	-0.0	-0.0	0.0134071160933	0.382478170813	0.000318324669407	32.0209318239	28.7232132708
3.6049491825	5.15450236967	0.449209088601	-0.0	-0.0	0.0129895113467	0.382735999904	0.000311790978159	30.862031497	26.8621423772
3.59301811754	5.14425814616	0.460034615379	-0.0	-0.0	0.0125746587867	0.382992015618	0.000304974491515	29.7313340492	25.0833005935
3.58904109589	5.13987341772	0.472459196553	-0.0	-0.0	0.0121117381733	0.383277579957	0.000296576628887	28.4917083658	23.1843229662
3.57490057446	5.12741679873	0.48668148408	-0.0	-0.0	0.0115982158533	0.383594199383	0.000288064933548	27.1457605699	21.1837686539
3.56164383562	5.11682539683	0.501936816175	-0.0	-0.0	0.0110636225333	0.383923637741	0.000279050198571	25.7750976861	19.2192167356
3.54529385771	5.10273536896	0.521300216657	-0.0	-0.0	0.0104102220533	0.384326050849	0.000268040490885	24.1428821625	16.9742338325
3.5293857711	5.09148868346	0.545870387426	-0.0	-0.0	0.00965482125333	0.384790955826	0.000255034190017	22.3173080827	14.535668944
3.50773309766	5.07480818414	0.572065428872	-0.0	-0.0	0.00892951114667	0.385237011379	0.000242946256857	20.6261186981	12.3499401549
