# C		CN		K0		e_x		e_y		e_z		n		overlap		p		q
3.36588599205	5.13977042539	0.736177637665	-0.0	-0.0	1.87240000048e-07	0.390520433959	0.00014056672011	5.58706494916	1.78856900719
3.41007512152	5.14772727273	0.651803119594	-0.0	-0.0	0.000531443826667	0.390196557902	0.00014833081248	6.11889616146	2.7746676303
3.44675209898	5.15547469401	0.570552338836	-0.0	-0.0	0.00134984762667	0.389697288174	0.000161161341041	6.97692105832	4.19814471736
3.47193990278	5.16409075962	0.523972075053	-0.0	-0.0	0.00212068413333	0.389226663199	0.00017334520181	7.82040046659	5.45336503366
3.49933716306	5.17762512267	0.494094906092	-0.0	-0.0	0.00286652962667	0.388770950734	0.000184717228444	8.66543456137	6.6148927914
3.51568714096	5.18552331268	0.47275961501	-0.0	-0.0	0.00361248325333	0.388314832108	0.000196498743289	9.5389372899	7.75522476189
3.53513035793	5.19188311688	0.456843989075	-0.0	-0.0	0.00433858268	0.387870526572	0.000207654275098	10.4176817771	8.87045308594
3.55634114008	5.19205939316	0.444628833891	-0.0	-0.0	0.00503626472	0.387443306766	0.000218171808832	11.2892165762	9.95582362526
3.57313300928	5.20019311233	0.434992025701	-0.0	-0.0	0.00572674384	0.387020202155	0.000228750517054	12.1749558889	11.0358382342
3.58992487848	5.21059390048	0.426894979925	-0.0	-0.0	0.00641326198667	0.386599235917	0.000239231508826	13.0817191573	12.1327643627
3.60892620415	5.21668264621	0.420190657574	-0.0	-0.0	0.00707321445333	0.386194286961	0.000249043714145	13.9770729714	13.2103669308
3.6301369863	5.224307986	0.414521971875	-0.0	-0.0	0.00772982676	0.385791122228	0.000258570128849	14.8892898522	14.2982109741
3.63632346443	5.22363405337	0.409810088299	-0.0	-0.0	0.00836371930667	0.385401656372	0.000268737531876	15.7898306701	15.3641933994
3.65399911622	5.228725087	0.405709258846	-0.0	-0.0	0.00898968749333	0.385016816925	0.000277888234427	16.6978774951	16.4347342627
3.66769774635	5.23674242424	0.402148234233	-0.0	-0.0	0.00960245564	0.384639859338	0.000287095673575	17.6057007173	17.5008920851
3.6893504198	5.24387177876	0.399012753138	-0.0	-0.0	0.01020852716	0.384266796788	0.000295530510068	18.5216372512	18.5724858853
3.6973044631	5.24827369743	0.396189341601	-0.0	-0.0	0.0108068733867	0.383898262157	0.00030492092463	19.4446390233	19.6513388622
3.71542200619	5.26409774436	0.393584211379	-0.0	-0.0	0.0114085767867	0.383527443495	0.000313514461479	20.3908246249	20.756831597
3.7224922669	5.26775101658	0.39076366753	-0.0	-0.0	0.0121410528933	0.383075723259	0.000325172151545	21.5648931816	22.1239093673
3.73795846222	5.27817670933	0.38877738099	-0.0	-0.0	0.0127213886267	0.38271759615	0.000333527272737	22.5127564895	23.223429641
3.74988952718	5.2852244389	0.387013676796	-0.0	-0.0	0.0132863232	0.382368778938	0.000341897296702	23.4506970204	24.3090218096
3.75430844012	5.28233830846	0.385457465565	-0.0	-0.0	0.0138520024667	0.38201929344	0.000350946103611	24.4038455705	25.4058523815
3.7733097658	5.29928593604	0.383935386231	-0.0	-0.0	0.01442276032	0.381666479338	0.00035872790873	25.3820823146	26.5353152188
3.78568272205	5.3046172916	0.382175293451	-0.0	-0.0	0.0150851648267	0.381256752822	0.000368644183744	26.5372523685	27.877742007
3.79142730888	5.30754950495	0.380869477024	-0.0	-0.0	0.0156255701333	0.380922290323	0.000377133073524	27.4940752982	28.9868504849
3.80247459125	5.30925925926	0.379669536574	-0.0	-0.0	0.0161585611733	0.380592239501	0.00038493572459	28.4500233804	30.0938286271
3.81705700398	5.32110939908	0.378508591358	-0.0	-0.0	0.01669558644	0.38025951255	0.000392417106145	29.4261407453	31.2258078793
3.82103402563	5.32266009852	0.378076448928	-0.0	-0.0	0.0169151308667	0.380123437044	0.000395657948001	29.8281021744	31.689950087
3.81838267786	5.32224276032	0.378318792811	-0.0	-0.0	0.0169067821467	0.38012860769	0.000395762762932	29.8095411527	31.6491546372
3.81661511268	5.32141756549	0.378505407076	-0.0	-0.0	0.0168967420667	0.380134835725	0.000395760560131	29.7890379702	31.6111760003
3.81617322139	5.32418260333	0.378817596322	-0.0	-0.0	0.01688252576	0.380143647855	0.000395536272979	29.7593194658	31.5525639365
3.8152894388	5.32428262882	0.379038643993	-0.0	-0.0	0.0168722147467	0.38015003917	0.000395430612444	29.7377480123	31.5105469875
3.81087052585	5.32160493827	0.37941595633	-0.0	-0.0	0.0168547711067	0.380160851515	0.000395557594384	29.7014081831	31.4394227105
3.81042863456	5.3212962963	0.37979018054	-0.0	-0.0	0.01683766904	0.380171444208	0.000395281432072	29.6658357034	31.3694839054
3.80998674326	5.3212962963	0.380321735278	-0.0	-0.0	0.0168131410133	0.380186651562	0.000394862813375	29.6147573799	31.2697404731
3.80866106938	5.32077801791	0.382177195697	-0.0	-0.0	0.01672814476	0.380239332815	0.000393390335443	29.4381240329	30.924984967
3.790101635	5.31350681537	0.39025462651	-0.0	-0.0	0.01636665716	0.38046332982	0.000388452030832	28.6922309978	29.4774459773
3.7817057004	5.31077305185	0.398376489579	-0.0	-0.0	0.01601647492	0.380680242577	0.000382681092929	27.9783178087	28.1047210791
3.77198409191	5.30494249301	0.405939514599	-0.0	-0.0	0.0157008088667	0.380875709948	0.000377684422168	27.3418519347	26.8937057668
3.75740167919	5.29884699283	0.413700550407	-0.0	-0.0	0.0153861453067	0.38107048955	0.00037316463879	26.7143188721	25.7128943022
3.74944763588	5.29360374415	0.42192308567	-0.0	-0.0	0.0150615938533	0.38127133703	0.000367837017789	26.0753883379	24.5252238467
3.74370304905	5.28847955042	0.430631432762	-0.0	-0.0	0.0147288175867	0.38147720099	0.000362119217013	25.4277311143	23.3353672404
3.72779496244	5.27816020025	0.440017343188	-0.0	-0.0	0.01438135024	0.381692080132	0.000357071801534	24.760045445	22.1249046066
3.71851524525	5.26933917946	0.450238322962	-0.0	-0.0	0.0140122525067	0.381920254072	0.00035100496647	24.0613565539	20.8810959491
3.70260715864	5.26091051805	0.461252651271	-0.0	-0.0	0.0136243910667	0.38215993012	0.000345175088596	23.3377849473	19.6199767287
3.6889085285	5.25629722922	0.473480605659	-0.0	-0.0	0.0132094509467	0.382416250336	0.000338618998299	22.5751881764	18.3151174302
3.67786124613	5.24928999684	0.486731727368	-0.0	-0.0	0.01277572772	0.382684052672	0.000331450013521	21.7918585463	17.0032075841
3.66239505082	5.23570300158	0.501268363012	-0.0	-0.0	0.01231776044	0.382966690981	0.00032425763589	20.9811363217	15.6760517712
3.65223155104	5.22376738306	0.517528350119	-0.0	-0.0	0.01182521716	0.383270537977	0.000315946892418	20.1269441683	14.3150998576
3.64074237738	5.22028526149	0.535359102865	-0.0	-0.0	0.0113024593733	0.383592854887	0.00030719786772	19.2409188932	12.9521986017
3.62262483429	5.20940578329	0.550599967331	-0.0	-0.0	0.0108728496533	0.383857611472	0.000300718035045	18.5278862	11.8881109687
3.62262483429	5.20877025739	0.550015783711	-0.0	-0.0	0.0108816798667	0.383852173265	0.000300885170863	18.5427158723	11.9197200639
3.622182943	5.20813473149	0.549807261525	-0.0	-0.0	0.0108864721867	0.383849219246	0.000301007222134	18.5503330845	11.9325121244
3.6217410517	5.21055979644	0.54926510824	-0.0	-0.0	0.0108968437467	0.383842828768	0.000301232687964	18.5671029072	11.9638607824
3.62439239947	5.21208267091	0.548508851392	-0.0	-0.0	0.0109103873067	0.38383448375	0.000301263790393	18.5893900443	12.0069731198
3.622182943	5.21119592875	0.547564369414	-0.0	-0.0	0.0109278105333	0.383823748065	0.000301769933299	18.6179681973	12.0614528723
3.62350861688	5.21010807374	0.545536917848	-0.0	-0.0	0.0109653968133	0.383800587857	0.000302356308903	18.6797431808	12.1792738948
3.63676535572	5.22380952381	0.527342676837	-0.0	-0.0	0.01131748792	0.383583591325	0.000307792526881	19.2646042522	13.2948184908
3.64560318162	5.22789223455	0.509230461095	-0.0	-0.0	0.0117002902933	0.383347580491	0.000314156155992	19.9114466689	14.523835552
3.65930181175	5.23987341772	0.493390807605	-0.0	-0.0	0.01206754608	0.38312106973	0.000319790897546	20.5421608945	15.7141290132
3.66902342024	5.24715549937	0.479183877776	-0.0	-0.0	0.0124285490533	0.382898334401	0.000325640027652	21.1714062933	16.8912243828
3.67653557225	5.25560821485	0.466082096041	-0.0	-0.0	0.01279275704	0.382673541128	0.000331724531579	21.8150689345	18.0845746878
3.68493150685	5.26666666667	0.453973514214	-0.0	-0.0	0.0131643214933	0.382444120924	0.000337830708733	22.4797413663	19.3001178703
3.69288555015	5.27169454086	0.442852913661	-0.0	-0.0	0.0135363507067	0.382214329354	0.000343976428306	23.1539992916	20.5231108513
3.69818824569	5.2785488959	0.433145189168	-0.0	-0.0	0.01388941736	0.381996175139	0.000349999674639	23.8017311043	21.6881455414
3.70923552806	5.28868578632	0.42421070122	-0.0	-0.0	0.0142436939733	0.381777188234	0.000355471562907	24.4587179934	22.8569114119
3.71763146266	5.29763779528	0.416109199297	-0.0	-0.0	0.0145923324	0.381561616353	0.000361091272361	25.1125696472	24.0085981184
3.7229341582	5.30352644836	0.408498334673	-0.0	-0.0	0.0149523432267	0.381338929832	0.000367196828553	25.7945086685	25.191286959
3.72823685373	5.30909663204	0.401671754319	-0.0	-0.0	0.01531051036	0.381117314059	0.000373227877411	26.4782058778	26.3554753641
3.73442333186	5.30986800754	0.395885953706	-0.0	-0.0	0.0156541339733	0.38090461516	0.000378872554706	27.1378020645	27.4493544824
3.7397260274	5.3114599686	0.390600774416	-0.0	-0.0	0.0160203404533	0.380677851772	0.000384959388097	27.842614407	28.5772281115
3.74900574459	5.31630094044	0.386534450898	-0.0	-0.0	0.0163805580933	0.380454717622	0.00039043862727	28.533753342	29.6172494665
3.75961113566	5.32363067293	0.383625620424	-0.0	-0.0	0.0167494498533	0.380226130313	0.000395812927666	29.234025022	30.5883571373
3.76844896156	5.32448469706	0.381630782572	-0.0	-0.0	0.0171536889067	0.379975542866	0.000401861475635	29.993945997	31.5562930885
3.76977463544	5.32677288347	0.381404316798	-0.0	-0.0	0.0172135081733	0.379938452348	0.000402743111388	30.1060848126	31.6940144522
3.76933274414	5.3264604811	0.381550876626	-0.0	-0.0	0.0172105263333	0.37994030127	0.000402725064564	30.0989111167	31.6736884192
3.76668139638	5.325625	0.381722861947	-0.0	-0.0	0.0172006025333	0.379946452331	0.000402824571483	30.0785963667	31.637336312
3.76579761379	5.325	0.381963672167	-0.0	-0.0	0.01718904456	0.379953621108	0.000402703302018	30.0548254703	31.5913929681
3.76623950508	5.3253125	0.382101661329	-0.0	-0.0	0.0171828699867	0.379957449618	0.000402539665419	30.0419297454	31.5658488594
3.7644719399	5.32447639887	0.382410995564	-0.0	-0.0	0.01716859528	0.379966291777	0.000402460187772	30.0123150709	31.5078957741
3.76403004861	5.32478899656	0.382810282411	-0.0	-0.0	0.0171501267867	0.379977751463	0.000402160396112	29.9740306753	31.4331355718
3.76403004861	5.32551594747	0.384720090484	-0.0	-0.0	0.01706294408	0.380031798274	0.000400523098443	29.7935828702	31.0799876193
3.75563411401	5.32393483709	0.391881906137	-0.0	-0.0	0.01674356016	0.38022978058	0.000395411051531	29.1370323924	29.8000606538
3.74105170128	5.31721105528	0.399827958123	-0.0	-0.0	0.0164037507733	0.38044034854	0.000390559023338	28.4462758234	28.45987273
3.73840035351	5.31542569903	0.40741794865	-0.0	-0.0	0.0160906825333	0.380634282631	0.000384965777106	27.8171022139	27.2486049847
3.73044631021	5.30890217049	0.415178905451	-0.0	-0.0	0.0157808553067	0.380826149269	0.000379981139625	27.201287721	26.0734050414
3.72602739726	5.30522341095	0.423129876237	-0.0	-0.0	0.0154743623067	0.381015890695	0.000374693838902	26.5991010289	24.9329380905
3.71984091913	5.29839471199	0.431669959386	-0.0	-0.0	0.0151550994533	0.381213475915	0.000369351539397	25.9796307509	23.7718375231
3.71100309324	5.29017013233	0.440610719691	-0.0	-0.0	0.0148316887067	0.381413569584	0.000364197269675	25.3596417799	22.6223954297
3.70481661511	5.28729107537	0.450111109297	-0.0	-0.0	0.0144959934	0.381621191295	0.000358545796737	24.7242377277	21.4642006464
3.69553689792	5.27705900915	0.459876175896	-0.0	-0.0	0.0141610572533	0.381828274028	0.000353212844889	24.0987180993	20.3405794976
3.68493150685	5.26420454545	0.470914381145	-0.0	-0.0	0.0137938848667	0.382055200463	0.00034740090147	23.4226163851	19.1457193229
3.67034909412	5.25498260044	0.482965389038	-0.0	-0.0	0.0134071160933	0.382294163488	0.000341578439442	22.7206840458	17.9264399857
3.6637207247	5.24754669199	0.496405166118	-0.0	-0.0	0.0129895113467	0.382552061363	0.000334436877661	21.9747023236	16.6594076525
3.6553247901	5.24081115336	0.510175561044	-0.0	-0.0	0.0125746587867	0.382808163254	0.000327501388572	21.2460028017	15.4529744191
3.64250994255	5.22708531557	0.52597644083	-0.0	-0.0	0.0121117381733	0.383093807957	0.000320083831472	20.4478182913	14.1710090281
3.63455589925	5.21559923906	0.543789745022	-0.0	-0.0	0.0115982158533	0.383410521729	0.000311299022234	19.5801994303	12.8369067869
3.61201944322	5.20516087926	0.562713665535	-0.0	-0.0	0.0110636225333	0.383740058253	0.000303296205479	18.6953171489	11.5391478055
3.58683163942	5.18300862344	0.58701654702	-0.0	-0.0	0.0104102220533	0.384142591273	0.000293343323	17.6435950712	10.0548324248
3.55015466195	5.16163239075	0.616361132545	-0.0	-0.0	0.00965482125333	0.384607634783	0.000282366385814	16.4661466305	8.4879171182
3.50640742377	5.12104583602	0.646169732733	-0.0	-0.0	0.00892951114667	0.385053823253	0.000272437879152	15.3748162294	7.11946299957
