# C		CN		K0		e_x		e_y		e_z		n		overlap		p		q
3.30755634114	5.11802942183	0.735888596177	-0.0	-0.0	1.87240000048e-07	0.391056528893	0.000115187968404	5.58754745179	1.79110197228
3.34511710119	5.12610169492	0.650021987468	-0.0	-0.0	0.000531443826667	0.390732937716	0.000123432319653	6.23884474382	2.84793487567
3.38046840477	5.12852348993	0.576400467148	-0.0	-0.0	0.00134984762667	0.390234107142	0.000136341434983	7.28924613025	4.30284269172
3.41537781706	5.13235783173	0.538062727812	-0.0	-0.0	0.00212068413333	0.389763896127	0.000148088105069	8.32559643941	5.55732790349
3.4449845338	5.13592873639	0.514144187531	-0.0	-0.0	0.00286652962667	0.389308584504	0.000159422057566	9.37171966365	6.73469984947
3.46663720725	5.13967213115	0.496783110435	-0.0	-0.0	0.00361248325333	0.388852867077	0.000171035963658	10.4627318913	7.92302258674
3.48342907645	5.14127243067	0.484232247545	-0.0	-0.0	0.00433858268	0.38840895235	0.000182391978878	11.5639755175	9.08981443707
3.49889527176	5.14969085584	0.474622779613	-0.0	-0.0	0.00503626472	0.387982107377	0.000193264230773	12.6597692918	10.2365056621
3.51701281485	5.15484288954	0.466919575927	-0.0	-0.0	0.00572674384	0.387559375874	0.000203751116352	13.7770555655	11.3933135798
3.52806009722	5.15767366721	0.460824221394	-0.0	-0.0	0.00641326198667	0.387138779915	0.000214480576731	14.9178515579	12.5569444178
3.54971277066	5.16403988421	0.455725108294	-0.0	-0.0	0.00707321445333	0.38673418715	0.000224072309822	16.0469120457	13.7078087205
3.55324790102	5.17455716586	0.451523902331	-0.0	-0.0	0.00772982676	0.386331377039	0.000234703662156	17.2001914117	14.871765977
3.56473707468	5.17662170841	0.448263809225	-0.0	-0.0	0.00836371930667	0.385942253755	0.000244393260371	18.3386741754	16.0052141635
3.56827220504	5.18336544637	0.445385569467	-0.0	-0.0	0.00898968749333	0.385557752811	0.000254474066885	19.4880560102	17.1491253443
3.59257622625	5.19699392389	0.442794459323	-0.0	-0.0	0.00960245564	0.385181126793	0.000262894079912	20.6413231547	18.2989932455
3.61069376933	5.19770773639	0.440212192746	-0.0	-0.0	0.01020852716	0.38480839123	0.000271620493551	21.8085738008	19.476731638
3.63146266019	5.21097715736	0.437972496165	-0.0	-0.0	0.0108068733867	0.384440181918	0.000279969375903	22.9849481798	20.6586649994
3.64913831198	5.21453396524	0.435930320516	-0.0	-0.0	0.0114085767867	0.384069686029	0.000288565512585	24.1919690105	21.8701476596
3.66195315952	5.22625433891	0.433625744657	-0.0	-0.0	0.0121410528933	0.38361836652	0.000299714086045	25.6947146347	23.3811432752
3.67609368095	5.22948758252	0.431955366308	-0.0	-0.0	0.0127213886267	0.383260558643	0.000308208815963	26.9107870033	24.6039596395
3.68846663721	5.23330197554	0.43050721105	-0.0	-0.0	0.0132863232	0.382912038547	0.000316563567589	28.1142515176	25.8098969828
3.69995581087	5.23951158422	0.429131091801	-0.0	-0.0	0.0138520024667	0.382562868193	0.000324976657317	29.3394749555	27.0397700327
3.71144498453	5.24157303371	0.427856686664	-0.0	-0.0	0.01442276032	0.382210358249	0.000333433280417	30.5955050635	28.2991121773
3.71895713654	5.24664795759	0.426483712223	-0.0	-0.0	0.0150851648267	0.381800998129	0.000343755280918	32.0788717057	29.7864201616
3.73265576668	5.25077784692	0.425459441022	-0.0	-0.0	0.0156255701333	0.381466829349	0.000351445553855	33.3089358319	31.0181091092
3.72691117985	5.25295950156	0.424564024993	-0.0	-0.0	0.0161585611733	0.381137067221	0.000360848659286	34.5390395414	32.2449371115
3.7392841361	5.25473749612	0.423623602012	-0.0	-0.0	0.01669558644	0.380804632935	0.000368572521908	35.7971955244	33.5082254873
3.74016791869	5.25660142902	0.423298894149	-0.0	-0.0	0.0169151308667	0.380668686443	0.000372118268123	36.315189958	34.0242098317
3.73795846222	5.25676095741	0.423593611184	-0.0	-0.0	0.0169067821467	0.380673847607	0.000372167846494	36.290718386	33.9730618734
3.73707467963	5.25613926018	0.423785992026	-0.0	-0.0	0.0168967420667	0.380680056505	0.000372069558177	36.2638898493	33.9295488812
3.73751657092	5.2564501088	0.424128261015	-0.0	-0.0	0.01688252576	0.380688870154	0.00037175600822	36.2251452892	33.8606202613
3.73619089704	5.25551756295	0.424399049531	-0.0	-0.0	0.0168722147467	0.380695249962	0.000371691577026	36.1969413403	33.8084410354
3.73530711445	5.25489586571	0.424800393125	-0.0	-0.0	0.0168547711067	0.380706053561	0.000371450301675	36.1497038186	33.7261352499
3.73530711445	5.25396331986	0.425218477191	-0.0	-0.0	0.01683766904	0.380716649797	0.000371126028319	36.1031319204	33.6429940413
3.73574900574	5.25396331986	0.425811270427	-0.0	-0.0	0.0168131410133	0.380731831597	0.000370616731557	36.0364670189	33.5247591116
3.7308882015	5.25202240199	0.427876224404	-0.0	-0.0	0.01672814476	0.380784469589	0.000369485489465	35.805799105	33.1165112869
3.72602739726	5.2523364486	0.436868912183	-0.0	-0.0	0.01636665716	0.381008270828	0.000363095670823	34.8313595764	31.4045345405
3.71321254971	5.24406991261	0.445892198493	-0.0	-0.0	0.01601647492	0.38122499289	0.000357669132314	33.8983844299	29.7867335744
3.71100309324	5.24094881398	0.454186029185	-0.0	-0.0	0.0157008088667	0.381420288329	0.000351846571158	33.0663938335	28.3719827688
3.69907202828	5.23779724656	0.462612500961	-0.0	-0.0	0.0153861453067	0.381614902203	0.000346944531862	32.2454943578	27.0020265957
3.69200176757	5.23534942024	0.471458934724	-0.0	-0.0	0.0150615938533	0.38181556742	0.000341405080862	31.4102436876	25.6340279539
3.68007070261	5.22919937206	0.480626843431	-0.0	-0.0	0.0147288175867	0.382021250302	0.000336151297771	30.5654267868	24.2827263477
3.66725585506	5.22019502988	0.490435856781	-0.0	-0.0	0.01438135024	0.382235940178	0.000330678367949	29.6941056037	22.9157467044
3.65797613787	5.2112720403	0.500981494651	-0.0	-0.0	0.0140122525067	0.382463913677	0.000324473756158	28.7830292801	21.5237709102
3.64648696421	5.20441640379	0.512351135641	-0.0	-0.0	0.0136243910667	0.382703385669	0.000318101132613	27.8412356773	20.1166568828
3.62615996465	5.19930291508	0.524867823218	-0.0	-0.0	0.0132094509467	0.382959473666	0.000311948369393	26.8505009664	18.6719741066
3.61467079099	5.18718274112	0.538394036231	-0.0	-0.0	0.01277572772	0.383227040445	0.000304664488188	25.833985713	17.226295785
3.59787892179	5.17583465819	0.552933788851	-0.0	-0.0	0.01231776044	0.38350943761	0.000297389767217	24.7843468984	15.7848159794
3.58285461776	5.16141356256	0.569190411966	-0.0	-0.0	0.01182521716	0.383813011126	0.000289286765624	23.6804242441	14.3123531116
3.55059655325	5.14377201409	0.586893321992	-0.0	-0.0	0.0113024593733	0.384135043493	0.000282011666126	22.5389828533	12.849933122
3.53468846664	5.13254172015	0.602168405407	-0.0	-0.0	0.0108728496533	0.384399568239	0.00027525072664	21.6252491413	11.708565552
3.53203711887	5.1336331513	0.601576548328	-0.0	-0.0	0.0108816798667	0.384394132332	0.00027561979337	21.6436863241	11.7422873044
3.53203711887	5.13464010283	0.601174552082	-0.0	-0.0	0.0108864721867	0.384391182165	0.000275712129479	21.6540337165	11.7640473255
3.53159522757	5.13464010283	0.600656009966	-0.0	-0.0	0.0108968437467	0.384384797288	0.000275936447345	21.6754140702	11.7965280643
3.53468846664	5.13716672021	0.599834559503	-0.0	-0.0	0.0109103873067	0.38437645961	0.000275946860674	21.7037827591	11.8451048568
3.53468846664	5.13780918728	0.598776900575	-0.0	-0.0	0.0109278105333	0.384365739539	0.000276271648673	21.740348353	11.9078722135
3.53513035793	5.13845165435	0.59651819805	-0.0	-0.0	0.0109653968133	0.384342593531	0.000276936602131	21.819257022	12.0431286358
3.54794520548	5.15051347882	0.576494848217	-0.0	-0.0	0.01131748792	0.384125787868	0.000282475508175	22.5663655233	13.3167920942
3.56385329209	5.16661326498	0.556821448194	-0.0	-0.0	0.0117002902933	0.383889984628	0.000288328201249	23.393972038	14.7154091164
3.57578435705	5.1776	0.539785330722	-0.0	-0.0	0.01206754608	0.383663679858	0.000294203792082	24.2025629266	16.0682799091
3.58904109589	5.19648	0.524641959477	-0.0	-0.0	0.0124285490533	0.38344113877	0.000299840678427	25.0108673272	17.4047872642
3.59787892179	5.20332480818	0.510754787414	-0.0	-0.0	0.01279275704	0.383216537131	0.000305873710863	25.8387263784	18.7604451703
3.60450729121	5.20862619808	0.497948374558	-0.0	-0.0	0.0131643214933	0.382987319739	0.000312184185364	26.6951954311	20.1448791331
3.61113566063	5.2141717204	0.486438199784	-0.0	-0.0	0.0135363507067	0.382757730293	0.000318474338741	27.5635338284	21.5252887454
3.62085726911	5.22179732314	0.476684092807	-0.0	-0.0	0.01388941736	0.382539764154	0.000324132020549	28.3973338714	22.8233110064
3.62527618206	5.22895408163	0.467780521838	-0.0	-0.0	0.0142436939733	0.382320973679	0.000330282992392	29.2441483269	24.1237114366
3.63190455148	5.22954473098	0.459830378	-0.0	-0.0	0.0145923324	0.382105589492	0.000336097665557	30.0859368207	25.3974704684
3.63941670349	5.23267641449	0.452507026828	-0.0	-0.0	0.0149523432267	0.381883100767	0.000342010721325	30.9622327386	26.695243784
3.65178965974	5.24610987615	0.446131533169	-0.0	-0.0	0.01531051036	0.381661671958	0.000347384791353	31.8390946171	27.9580638146
3.66637207247	5.25007913897	0.440804213761	-0.0	-0.0	0.0156541339733	0.381449159797	0.000352231145834	32.6849225378	29.1409264904
3.6721166593	5.25561531161	0.436204472892	-0.0	-0.0	0.0160203404533	0.38122260099	0.000358256291072	33.5867069587	30.3395823807
3.68228015908	5.26152874289	0.432734245032	-0.0	-0.0	0.0163805580933	0.380999666306	0.00036364310882	34.4701830377	31.4458612015
3.68979231109	5.26292559899	0.430138424586	-0.0	-0.0	0.0167494498533	0.380771281798	0.000369342034174	35.3704143264	32.50522637
3.6977463544	5.27395964691	0.428158603346	-0.0	-0.0	0.0171536889067	0.380520923506	0.000375499731934	36.3533133189	33.5960837722
3.70304904993	5.27819785759	0.427978114089	-0.0	-0.0	0.0172135081733	0.380483855136	0.000375981288888	36.4977913838	33.7468122502
3.70304904993	5.27819785759	0.428099366028	-0.0	-0.0	0.0172105263333	0.380485694635	0.000375922728048	36.4894730926	33.7275623045
3.70172337605	5.27828553419	0.428301254308	-0.0	-0.0	0.0172006025333	0.380491840634	0.000375871226856	36.4628109191	33.6836934725
3.70083959346	5.27734005673	0.42857529628	-0.0	-0.0	0.01718904456	0.38049900272	0.000375742587956	36.4316950601	33.6288892874
3.69907202828	5.27607942011	0.428733354686	-0.0	-0.0	0.0171828699867	0.380502835696	0.000375804435237	36.4148953472	33.5983654504
3.70039770217	5.27670973842	0.429086047465	-0.0	-0.0	0.01716859528	0.380511678773	0.000375399936176	36.3762959511	33.5292973509
3.69686257181	5.27427490542	0.429539845705	-0.0	-0.0	0.0171501267867	0.380523114463	0.000375408508927	36.3264379025	33.44039333
3.69288555015	5.27129337539	0.431704172429	-0.0	-0.0	0.01706294408	0.380577125001	0.000374159140085	36.0913105364	33.0210089152
3.6809544852	5.26184459886	0.439808654741	-0.0	-0.0	0.01674356016	0.38077491996	0.000369312389236	35.2364813291	31.5050916668
3.66637207247	5.25641838352	0.448727141068	-0.0	-0.0	0.0164037507733	0.380985309863	0.000364339336558	34.3382630662	29.9291834793
3.6557666814	5.25111111111	0.457251491159	-0.0	-0.0	0.0160906825333	0.381179070277	0.000359461328139	33.5205533902	28.5085432659
3.65178965974	5.25007944074	0.465917690839	-0.0	-0.0	0.0157808553067	0.381370771243	0.00035399844685	32.7210248989	27.1385243823
3.6469288555	5.24634456453	0.474706740262	-0.0	-0.0	0.0154743623067	0.381560347718	0.000348685941022	31.9392846422	25.8192904343
3.63367211666	5.24091778203	0.484024850724	-0.0	-0.0	0.0151550994533	0.381757751691	0.00034392437016	31.1353811003	24.4888371963
3.62704374724	5.2360446571	0.493629773383	-0.0	-0.0	0.0148316887067	0.381957674866	0.000338463693993	30.3321587324	23.1866573987
3.62262483429	5.2294192725	0.503823898378	-0.0	-0.0	0.0144959934	0.382165113954	0.000332569331881	29.5102781037	21.8797760806
3.61157755192	5.22211569191	0.514219835799	-0.0	-0.0	0.0141610572533	0.382372014539	0.000327303570711	28.7017578851	20.6208912991
3.59876270437	5.20389900927	0.525791207188	-0.0	-0.0	0.0137938848667	0.382598748853	0.000321572515604	27.8286646019	19.2971981344
3.58771542201	5.199871877	0.53832189864	-0.0	-0.0	0.0134071160933	0.382837494205	0.000315324371173	26.9240950524	17.9572420185
3.57269111798	5.18441308531	0.552115710472	-0.0	-0.0	0.0129895113467	0.383095169364	0.000308850469005	25.9650621713	16.5799397928
3.5634114008	5.17362002567	0.566144271011	-0.0	-0.0	0.0125746587867	0.383351041859	0.000301939896018	25.0299782809	15.2785130994
3.55324790102	5.16147672552	0.582246269619	-0.0	-0.0	0.0121117381733	0.383636435311	0.000294186913872	24.0065756105	13.9000292214
3.54352629253	5.14767255217	0.600145416	-0.0	-0.0	0.0115982158533	0.383952870503	0.000285428954683	22.8949186691	12.4819474503
3.51789659744	5.13350532086	0.618766845164	-0.0	-0.0	0.0110636225333	0.384282114235	0.000277516296414	21.7628752324	11.1239392091
3.5041979673	5.11753309655	0.641877543506	-0.0	-0.0	0.0104102220533	0.384684292165	0.000266452208887	20.4171952744	9.60504412402
3.48387096774	5.10226537217	0.669122210121	-0.0	-0.0	0.00965482125333	0.385148927129	0.000254016878479	18.9151493728	8.02987416398
3.44851966416	5.08078175896	0.696144041097	-0.0	-0.0	0.00892951114667	0.385594726588	0.000243209975889	17.5286174655	6.67918079082
