500000
515151.5152
530303.0303
545454.5455
560606.0606
575757.5758
590909.0909
606060.6061
621212.1212
636363.6364
651515.1515
666666.6667
681818.1818
696969.697
712121.2121
727272.7273
742424.2424
757575.7576
772727.2727
787878.7879
803030.303
818181.8182
833333.3333
848484.8485
863636.3636
878787.8788
893939.3939
909090.9091
924242.4242
939393.9394
954545.4545
969696.9697
984848.4848
1000000
1015151.5152
1030303.0303
1045454.5455
1060606.0606
1075757.5758
1090909.0909
1106060.6061
1121212.1212
1136363.6364
1151515.1515
1166666.6667
1181818.1818
1196969.697
1212121.2121
1227272.7273
1242424.2424
1257575.7576
1272727.2727
1287878.7879
1303030.303
1318181.8182
1333333.3333
1348484.8485
1363636.3636
1378787.8788
1393939.3939
1409090.9091
1424242.4242
1439393.9394
1454545.4545
1469696.9697
1484848.4848
1500000
1515151.5152
1530303.0303
1545454.5455
1560606.0606
1575757.5758
1590909.0909
1606060.6061
1621212.1212
1636363.6364
1651515.1515
1666666.6667
1681818.1818
1696969.697
1712121.2121
1727272.7273
1742424.2424
1757575.7576
1772727.2727
1787878.7879
1803030.303
1818181.8182
1833333.3333
1848484.8485
1863636.3636
1878787.8788
1893939.3939
1909090.9091
1924242.4242
1939393.9394
1954545.4545
1969696.9697
1984848.4848
2000000
