# C		CN		K0		e_x		e_y		e_z		n		overlap		p		q
3.4454264251	5.24142568931	0.736377365215	-0.0	-0.0	1.87240000048e-07	0.387101148517	0.000130043524224	5.58517147781	1.78632066001
3.46663720725	5.24548494983	0.651411177922	-0.0	-0.0	0.000531443826667	0.38677545546	0.00013877367868	6.1652314723	2.7997784171
3.48828988069	5.2575808064	0.574853077069	-0.0	-0.0	0.00134984762667	0.386273384742	0.000152159982618	7.09666666331	4.21051871089
3.50950066284	5.26609157266	0.533662029378	-0.0	-0.0	0.00212068413333	0.38580012065	0.000164326297475	8.00761989733	5.41897221669
3.52010605391	5.27194435243	0.507305902194	-0.0	-0.0	0.00286652962667	0.38534185039	0.000176438151388	8.92375447292	6.54718861893
3.53026955369	5.26864686469	0.488704742569	-0.0	-0.0	0.00361248325333	0.384883172859	0.00018840415107	9.87051391425	7.65660373943
3.54441007512	5.26741130092	0.474863046735	-0.0	-0.0	0.00433858268	0.384436376062	0.00019976464291	10.8237579826	8.7457750741
3.5629695095	5.2711808963	0.464573718679	-0.0	-0.0	0.00503626472	0.384006757156	0.000210308912051	11.7677795794	9.79828447157
3.58373840035	5.2832464146	0.455977717616	-0.0	-0.0	0.00572674384	0.383581279809	0.000220545491229	12.7310776112	10.8673922597
3.59832081308	5.28474025974	0.448998560755	-0.0	-0.0	0.00641326198667	0.383157951878	0.000231045350031	13.7157003322	11.9452825365
3.61246133451	5.28876659113	0.443418846403	-0.0	-0.0	0.00707321445333	0.382750731088	0.000241055372705	14.6862783242	12.9965164935
3.62350861688	5.29799612153	0.43873317509	-0.0	-0.0	0.00772982676	0.382345305965	0.000251146565001	15.6736323778	14.056853608
3.63588157313	5.30003222688	0.434931651042	-0.0	-0.0	0.00836371930667	0.381953655868	0.000260712064896	16.6471847745	15.092221776
3.65885992046	5.30670516522	0.431627885596	-0.0	-0.0	0.00898968749333	0.381566658537	0.000269340322526	17.6287695305	16.1325693991
3.66548828988	5.3189987163	0.42886978694	-0.0	-0.0	0.00960245564	0.381187582858	0.000278857093674	18.608160331	17.1622805326
3.67609368095	5.31713554987	0.426252156747	-0.0	-0.0	0.01020852716	0.380812424601	0.000287967284107	19.5972752829	18.208693516
3.69951391958	5.319453274	0.423992522037	-0.0	-0.0	0.0108068733867	0.38044182519	0.000295925137804	20.5920751123	19.2553331903
3.71365444101	5.32889311767	0.421869877811	-0.0	-0.0	0.0114085767867	0.380068922752	0.000304644118694	21.6119847927	20.3302109815
3.73353954927	5.33891874802	0.419531576281	-0.0	-0.0	0.0121410528933	0.379614671707	0.000315009902085	22.8795184498	21.6645708847
3.73751657092	5.34713879229	0.417934459689	-0.0	-0.0	0.0127213886267	0.379254535442	0.00032418334908	23.9017397681	22.734268649
3.74944763588	5.3460447526	0.416318768728	-0.0	-0.0	0.0132863232	0.378903757094	0.000332459507503	24.9166408897	23.8072864979
3.76226248343	5.35294117647	0.414942481723	-0.0	-0.0	0.0138520024667	0.378552315134	0.000340593182263	25.9462726593	24.8869117904
3.76535572249	5.34913657771	0.413741442459	-0.0	-0.0	0.01442276032	0.378197517745	0.000349673045495	27.0008787424	25.9857364813
3.78214759169	5.35126681264	0.412379519609	-0.0	-0.0	0.0150851648267	0.377785500312	0.000358956816447	28.2440011233	27.2859371866
3.79142730888	5.3603125	0.411396861338	-0.0	-0.0	0.0156255701333	0.377449162272	0.000366942676854	29.2729851404	28.3578510019
3.8064516129	5.37149095446	0.410465911361	-0.0	-0.0	0.0161585611733	0.377117260389	0.000374226305059	30.3020474764	29.4312335915
3.82942996023	5.38086362224	0.409601458495	-0.0	-0.0	0.01669558644	0.376782663168	0.000380760513162	31.3521569583	30.5247989133
3.83119752541	5.38229813665	0.40926960625	-0.0	-0.0	0.0169151308667	0.376645823733	0.00038418326794	31.7852615383	30.9751694133
3.83031374282	5.38105590062	0.409553808311	-0.0	-0.0	0.0169067821467	0.376651026844	0.000384102269254	31.7648158795	30.9306844648
3.82987185152	5.38043478261	0.40974802399	-0.0	-0.0	0.0168967420667	0.376657285286	0.000383960431388	31.7422415184	30.8919397764
3.82810428635	5.38055296676	0.410083056628	-0.0	-0.0	0.01688252576	0.376666146357	0.000383869757957	31.7098036831	30.8314999287
3.82722050376	5.37993165579	0.410328576661	-0.0	-0.0	0.0168722147467	0.376672574025	0.000383763687174	31.6862714601	30.7874913595
3.82677861246	5.37962100031	0.410735611757	-0.0	-0.0	0.0168547711067	0.376683447029	0.000383479282496	31.6465382337	30.7139268821
3.82766239505	5.37888198758	0.41114090094	-0.0	-0.0	0.01683766904	0.376694104684	0.000383068143794	31.6075597566	30.6413626189
3.82633672117	5.37942821628	0.411716085205	-0.0	-0.0	0.0168131410133	0.376709393681	0.000382737967628	31.5517051214	30.5380604365
3.82280159081	5.38200498132	0.413723049125	-0.0	-0.0	0.01672814476	0.37676237033	0.000381486647396	31.35842321	30.1810063149
3.80247459125	5.37414116177	0.42248103357	-0.0	-0.0	0.01636665716	0.376987615626	0.000376691137871	30.5424753685	28.6816609206
3.79142730888	5.36491557223	0.431255674243	-0.0	-0.0	0.01601647492	0.377205750953	0.000371155325005	29.7604308942	27.2633123286
3.77640300486	5.35506110937	0.439458060709	-0.0	-0.0	0.0157008088667	0.377402315941	0.000366626521565	29.0635276341	26.0117936457
3.76668139638	5.34934086629	0.447815623594	-0.0	-0.0	0.0153861453067	0.377598187962	0.000361607191716	28.3773800111	24.7984083013
3.75430844012	5.34823677582	0.456684486629	-0.0	-0.0	0.0150615938533	0.37780016256	0.00035666306649	27.6782589294	23.5783495023
3.74900574459	5.34878587196	0.465994723947	-0.0	-0.0	0.0147288175867	0.378007181452	0.000350892941293	26.9700667904	22.3637214643
3.74458683164	5.34416403785	0.476070157989	-0.0	-0.0	0.01438135024	0.378223266103	0.000344768247143	26.2402642556	21.1276680164
3.72205037561	5.33343888537	0.48705558026	-0.0	-0.0	0.0140122525067	0.378452720138	0.000339905844482	25.4762645134	19.8589238225
3.70967741935	5.32962845348	0.498853743628	-0.0	-0.0	0.0136243910667	0.378693747615	0.000333733591835	24.6855518256	18.5779028654
3.69200176757	5.31709646609	0.511698421128	-0.0	-0.0	0.0132094509467	0.378951491187	0.000327506519752	23.853698975	17.2696704298
3.67079098542	5.31552	0.525386565848	-0.0	-0.0	0.01277572772	0.379220798516	0.000321250074716	23.0011952494	15.9696010712
3.6469288555	5.29589216945	0.54019070303	-0.0	-0.0	0.01231776044	0.37950503124	0.000314768093234	22.1188415316	14.6662274689
3.6305788776	5.27924164524	0.556482042921	-0.0	-0.0	0.01182521716	0.379810575773	0.00030700155966	21.1894619734	13.3432086457
3.61113566063	5.26554946826	0.574382619861	-0.0	-0.0	0.0113024593733	0.380134704744	0.000298926865912	20.2248699572	12.0181432653
3.59920459567	5.25258064516	0.589680942451	-0.0	-0.0	0.0108728496533	0.380400945716	0.00029196184868	19.4500113428	10.9858445889
3.59832081308	5.25258064516	0.589004241002	-0.0	-0.0	0.0108816798667	0.38039547649	0.000292200827972	19.4660390707	11.0198737544
3.59876270437	5.25322580645	0.588783762593	-0.0	-0.0	0.0108864721867	0.38039250714	0.000292249971499	19.4743393043	11.0327203755
3.59920459567	5.25387096774	0.58821399847	-0.0	-0.0	0.0108968437467	0.38038608081	0.000292401470486	19.4924394444	11.0640651244
3.60185594344	5.25475653015	0.587387007487	-0.0	-0.0	0.0109103873067	0.380377693147	0.00029243574375	19.5165609657	11.1084460751
3.60097216085	5.25580645161	0.586346772697	-0.0	-0.0	0.0109278105333	0.380366893061	0.000292827777568	19.5475375694	11.1648078744
3.6049491825	5.25660863959	0.584137615596	-0.0	-0.0	0.0109653968133	0.38034360292	0.000293193128073	19.6143364296	11.2857416791
3.61201944322	5.26417525773	0.564425612799	-0.0	-0.0	0.01131748792	0.380125390495	0.000299075867025	20.2465409365	12.4276528421
3.62395050817	5.27591757888	0.54498811563	-0.0	-0.0	0.0117002902933	0.379888058788	0.000305111398086	20.945834278	13.6804477228
3.63809102961	5.29067524116	0.528035744527	-0.0	-0.0	0.01206754608	0.379660272579	0.000310658780404	21.6279707284	14.8938825667
3.65797613787	5.30076873799	0.512805308104	-0.0	-0.0	0.0124285490533	0.379436289477	0.000315610882106	22.3097407262	16.0976455777
3.67344233319	5.31234015345	0.498832082132	-0.0	-0.0	0.01279275704	0.379210233239	0.00032098564775	23.0083473831	17.3167929192
3.68360583297	5.32321941872	0.485862589754	-0.0	-0.0	0.0131643214933	0.378979525974	0.000326920841594	23.7308380435	18.5638116429
3.69421122404	5.33833865815	0.474062597084	-0.0	-0.0	0.0135363507067	0.378748445233	0.000332795048136	24.4637183551	19.8134871453
3.70879363677	5.34394904459	0.463948135321	-0.0	-0.0	0.01388941736	0.3785290633	0.000337930220909	25.1678761717	20.9937959173
3.72028281043	5.34965034965	0.454839154359	-0.0	-0.0	0.0142436939733	0.378308851676	0.000343358357942	25.8826683622	22.1663784534
3.72823685373	5.35396825397	0.446731527025	-0.0	-0.0	0.0145923324	0.378092075424	0.000348988536097	26.5935186214	23.3118181111
3.73574900574	5.36135786802	0.439241019617	-0.0	-0.0	0.0149523432267	0.377868137265	0.000354821177066	27.3338123791	24.4788298843
3.7476800707	5.36475798798	0.432545983285	-0.0	-0.0	0.01531051036	0.377645271877	0.000360179411948	28.0765388226	25.6268511407
3.75430844012	5.37096774194	0.42693948829	-0.0	-0.0	0.0156541339733	0.377431374944	0.000365743594331	28.79290273	26.7008943634
3.76623950508	5.37232030265	0.422028761672	-0.0	-0.0	0.0160203404533	0.377203344529	0.000371126988623	29.5553655393	27.7900515636
3.77728678745	5.38405797101	0.418367700229	-0.0	-0.0	0.0163805580933	0.376978961776	0.000376386961347	30.3009630492	28.7858863381
3.78391515687	5.386406545	0.41563175983	-0.0	-0.0	0.0167494498533	0.376749100998	0.000382136950661	31.0602249614	29.7345665522
3.79584622183	5.38920276208	0.413692163538	-0.0	-0.0	0.0171536889067	0.376497102328	0.000387843724123	31.8871466665	30.6925319913
3.79717189571	5.38864491844	0.413463523572	-0.0	-0.0	0.0172135081733	0.376459801169	0.000388726984922	32.009504505	30.8300356282
3.79628811312	5.38876686539	0.413579082348	-0.0	-0.0	0.0172105263333	0.376461659459	0.000388756712397	32.0021160142	30.8129486584
3.79407865665	5.3879472693	0.413816574656	-0.0	-0.0	0.0172006025333	0.376467847298	0.000388796970456	31.9796041042	30.7708041113
3.79186920018	5.3874411303	0.4141081334	-0.0	-0.0	0.01718904456	0.376475054025	0.000388805947771	31.9532887955	30.7203896328
3.79142730888	5.38681318681	0.414239816063	-0.0	-0.0	0.0171828699867	0.376478894518	0.00038873683963	31.9394411751	30.6957528138
3.79098541759	5.38618524333	0.414586368241	-0.0	-0.0	0.01716859528	0.37648780453	0.000388514264416	31.9070414864	30.634860223
3.78921785241	5.38398744113	0.415033246618	-0.0	-0.0	0.0171501267867	0.376499311804	0.000388348911308	31.865196645	30.5563989552
3.78391515687	5.38522012579	0.417141810998	-0.0	-0.0	0.01706294408	0.37655367116	0.000387259041466	31.6680681557	30.1883405048
3.78303137428	5.38715769594	0.425067813972	-0.0	-0.0	0.01674356016	0.376752759881	0.000381367676507	30.950776287	28.8539886501
3.77198409191	5.37913646391	0.433791482305	-0.0	-0.0	0.0164037507733	0.376964512081	0.000376118803481	30.1961798791	27.4643770692
3.75872735307	5.37440758294	0.442090380818	-0.0	-0.0	0.0160906825333	0.377159529144	0.000371580327339	29.5094243922	26.2133953283
3.75254087494	5.37448559671	0.450555952731	-0.0	-0.0	0.0157808553067	0.377352477219	0.000366395719919	28.8372728967	25.0029488854
3.73707467963	5.36888888889	0.459212601222	-0.0	-0.0	0.0154743623067	0.377543285084	0.000362172030639	28.1800036783	23.8310946927
3.73530711445	5.36785260483	0.468429643592	-0.0	-0.0	0.0151550994533	0.377741980671	0.000356395152943	27.5039726988	22.6453671677
3.71763146266	5.35455124125	0.478049617053	-0.0	-0.0	0.0148316887067	0.377943193063	0.00035205654083	26.8281463385	21.4758449024
3.70304904993	5.34481658692	0.488369168105	-0.0	-0.0	0.0144959934	0.378151979567	0.00034719957248	26.1366006246	20.2944777397
3.69155987627	5.33301404853	0.498890510867	-0.0	-0.0	0.0141610572533	0.378360216529	0.000342073135279	25.4563581847	19.1558872164
3.67344233319	5.32479180013	0.51068983124	-0.0	-0.0	0.0137938848667	0.37858842797	0.000336940844429	24.7211079885	17.952524822
3.65930181175	5.31418485237	0.523387168656	-0.0	-0.0	0.0134071160933	0.37882872725	0.000331064640349	23.9588036395	16.7371747291
3.64648696421	5.30099582396	0.537326507193	-0.0	-0.0	0.0129895113467	0.379088077165	0.000324479884307	23.1492616508	15.4877220474
3.62483429076	5.28203477141	0.551329341329	-0.0	-0.0	0.0125746587867	0.379345610643	0.000318728439277	22.3584238354	14.3126920672
3.6133451171	5.27428202646	0.567311968054	-0.0	-0.0	0.0121117381733	0.379632857862	0.000311178975383	21.4916023861	13.0690361649
3.60141405214	5.26186632225	0.585342307824	-0.0	-0.0	0.0115982158533	0.379951348453	0.000302745499493	20.5491963387	11.7763063346
3.58418029165	5.2478162407	0.604422207093	-0.0	-0.0	0.0110636225333	0.380282733735	0.000294329328721	19.5885136527	10.5242102349
3.55634114008	5.22976925577	0.628368089674	-0.0	-0.0	0.0104102220533	0.380687525034	0.000284516280108	18.4438133674	9.11180002984
3.53601414052	5.21447196871	0.657422921893	-0.0	-0.0	0.00965482125333	0.381155171962	0.000272176269576	17.1602058309	7.61868422778
3.51171011931	5.19150326797	0.686858656107	-0.0	-0.0	0.00892951114667	0.381603869183	0.00026068331447	15.9720792133	6.3211212943
