# C		CN		K0		e_x		e_y		e_z		n		overlap		p		q
3.4202386213	5.20134453782	0.736453365797	-0.0	-0.0	1.87240000048e-07	0.389034286726	0.000136885053915	5.58548687636	1.78579674823
3.4449845338	5.20715001671	0.64876062096	-0.0	-0.0	0.000531443826667	0.388709620934	0.000145437033963	6.13254750455	2.81258619698
3.46575342466	5.22540846949	0.570906073048	-0.0	-0.0	0.00134984762667	0.388209133792	0.000158824913843	7.00748360293	4.21167000483
3.48563853292	5.23844363153	0.529815994869	-0.0	-0.0	0.00212068413333	0.387737361346	0.000170945880661	7.85848556729	5.38193362217
3.5041979673	5.23389494549	0.503829366203	-0.0	-0.0	0.00286652962667	0.387280537583	0.000182434167924	8.70665521196	6.45526039616
3.53071144498	5.23778287963	0.485567722852	-0.0	-0.0	0.00361248325333	0.386823306763	0.000193307290839	9.57949619381	7.50024872972
3.53999116217	5.24124386252	0.472000225214	-0.0	-0.0	0.00433858268	0.386377917839	0.000204706454058	10.4557370647	8.51948385225
3.5713654441	5.24358557973	0.461498090952	-0.0	-0.0	0.00503626472	0.385949655354	0.000214264514381	11.3231499499	9.51255845719
3.58948298719	5.25445127873	0.45313019727	-0.0	-0.0	0.00572674384	0.385525520001	0.000224406730196	12.20500072	10.5041467921
3.60362350862	5.26558966074	0.446027265143	-0.0	-0.0	0.00641326198667	0.385103527284	0.000234724671146	13.107384081	11.513093238
3.6217410517	5.27389765047	0.440206302593	-0.0	-0.0	0.00707321445333	0.384697590905	0.000244342834619	13.9991096481	12.5024901376
3.6385329209	5.28548490687	0.435366982115	-0.0	-0.0	0.00772982676	0.384293443101	0.00025394864827	14.9083738341	13.4991296529
3.65046398586	5.28690361832	0.430998486986	-0.0	-0.0	0.00836371930667	0.383903027576	0.000263507233992	15.8102051886	14.4941653491
3.66327883341	5.29750479846	0.427190179207	-0.0	-0.0	0.00898968749333	0.38351725081	0.000272808397802	16.7193520654	15.4935998166
3.67123287671	5.29286169535	0.42405099636	-0.0	-0.0	0.00960245564	0.383139372986	0.000282186591246	17.625352636	16.4784806188
3.6893504198	5.3025103273	0.421303323626	-0.0	-0.0	0.01020852716	0.382765398012	0.000290660850457	18.5384810545	17.466816459
3.70172337605	5.31091370558	0.418761654019	-0.0	-0.0	0.0108068733867	0.382395967504	0.000299435548072	19.4580145754	18.464654285
3.72470172338	5.32259083728	0.416327534247	-0.0	-0.0	0.0114085767867	0.382024241235	0.00030736993845	20.4005473377	19.4917821231
3.7397260274	5.3222152297	0.413735109353	-0.0	-0.0	0.0121410528933	0.381571422938	0.000318069158228	21.5711630588	20.760528006
3.75121520106	5.32402760351	0.411806456495	-0.0	-0.0	0.0127213886267	0.381212422576	0.000326555366534	22.5172209029	21.7883146007
3.76182059213	5.33521480088	0.410144870783	-0.0	-0.0	0.0132863232	0.380862749318	0.000334846558151	23.452959626	22.7994173919
3.77065841803	5.3416849358	0.408611454939	-0.0	-0.0	0.0138520024667	0.380512417133	0.00034328144961	24.4049480267	23.8266972544
3.78479893946	5.34592569466	0.40710955616	-0.0	-0.0	0.01442276032	0.380158747598	0.000351287207144	25.3801085485	24.8828111001
3.79054352629	5.35738831615	0.405587006184	-0.0	-0.0	0.0150851648267	0.379748017146	0.000361544998612	26.5297172324	26.1205304474
3.7984975696	5.36131045242	0.404420676062	-0.0	-0.0	0.0156255701333	0.379412739098	0.000369580037749	27.4821748729	27.1463527389
3.80733539549	5.37086712414	0.403433376827	-0.0	-0.0	0.0161585611733	0.379081883485	0.000377384367933	28.4328491349	28.1627111041
3.81749889527	5.37577833126	0.402382762481	-0.0	-0.0	0.01669558644	0.378748345217	0.000385108327374	29.4043093487	29.2102024575
3.81970835175	5.37511664075	0.402008601673	-0.0	-0.0	0.0169151308667	0.378611938024	0.000388445525645	29.8041569636	29.6382364851
3.81661511268	5.37336652147	0.402301428183	-0.0	-0.0	0.0169067821467	0.378617122704	0.000388591013643	29.7850697981	29.5951438018
3.81617322139	5.3730553827	0.402538112724	-0.0	-0.0	0.0168967420667	0.378623356233	0.000388451225084	29.7641131903	29.5548570012
3.8148475475	5.37453300125	0.402913872716	-0.0	-0.0	0.01688252576	0.378632197999	0.000388316935494	29.7337673555	29.4938762207
3.81573133009	5.37546699875	0.403185501269	-0.0	-0.0	0.0168722147467	0.378638600755	0.000388033588678	29.7118503796	29.4498689346
3.81617322139	5.37472766885	0.403641299919	-0.0	-0.0	0.0168547711067	0.378649443607	0.000387661919497	29.6748110688	29.3758680946
3.81573133009	5.37441643324	0.40409226179	-0.0	-0.0	0.01683766904	0.378660069895	0.000387385210295	29.638469686	29.3030825188
3.81352187362	5.37433821239	0.404737403734	-0.0	-0.0	0.0168131410133	0.378675309951	0.000387148971757	29.5863839454	29.1990819359
3.81396376491	5.37371535347	0.406997930264	-0.0	-0.0	0.01672814476	0.378728117977	0.000385505999376	29.4061114732	28.8389053348
3.80424215643	5.36993137867	0.416859613729	-0.0	-0.0	0.01636665716	0.378952659472	0.000379686518917	28.6449958811	27.3281542442
3.79938135219	5.36653137683	0.42677289609	-0.0	-0.0	0.01601647492	0.379170101146	0.00037358443489	27.9164047253	25.9002608402
3.79275298277	5.36176194939	0.436040001646	-0.0	-0.0	0.0157008088667	0.379366045142	0.000368284846532	27.2668464611	24.6422332245
3.78524083076	5.35417317912	0.445577724599	-0.0	-0.0	0.0153861453067	0.37956130531	0.0003630870537	26.6263649686	23.417826162
3.77551922227	5.34783969944	0.455770806113	-0.0	-0.0	0.0150615938533	0.379762632726	0.000357890526011	25.9729324955	22.1840236558
3.7649138312	5.34085920351	0.466548751324	-0.0	-0.0	0.0147288175867	0.379969002852	0.000352575516146	25.3104472504	20.9537641094
3.75563411401	5.33197364292	0.47814907142	-0.0	-0.0	0.01438135024	0.380184405953	0.000346888198944	24.6288769828	19.7095760231
3.73707467963	5.31928279333	0.49078524962	-0.0	-0.0	0.0140122525067	0.380413136269	0.000341624156128	23.9147687257	18.4365173862
3.73221387539	5.31246066709	0.504494389867	-0.0	-0.0	0.0136243910667	0.380653399525	0.00033475508228	23.1755426052	17.1483457169
3.71498011489	5.30650252525	0.519603907198	-0.0	-0.0	0.0132094509467	0.380910334024	0.000328443525483	22.3969736267	15.8288211896
3.70304904993	5.29551201011	0.535860347235	-0.0	-0.0	0.01277572772	0.381178797306	0.000321272872145	21.5974614613	14.5158152207
3.67830313743	5.28389965068	0.553681195439	-0.0	-0.0	0.01231776044	0.381462132285	0.000314773872391	20.7706376805	13.197055551
3.65178965974	5.26505256451	0.573498459774	-0.0	-0.0	0.01182521716	0.381766710004	0.000307747596127	19.9003629227	11.8596380278
3.64162615996	5.2612583839	0.595260413604	-0.0	-0.0	0.0113024593733	0.382089815744	0.000298788573893	18.9987165049	10.5311018705
3.62925320371	5.25	0.613888004032	-0.0	-0.0	0.0108728496533	0.382355214775	0.000291792659553	18.2746141534	9.50191723148
3.62969509501	5.25408	0.613204555262	-0.0	-0.0	0.0108816798667	0.382349764992	0.000291917666936	18.2891078597	9.53213437953
3.62881131242	5.25344	0.612859278113	-0.0	-0.0	0.0108864721867	0.382346805008	0.000292077624571	18.2970340226	9.54773945714
3.62925320371	5.25207933461	0.612116273321	-0.0	-0.0	0.0108968437467	0.382340398947	0.000292234718967	18.3141875231	9.58142886401
3.62969509501	5.25303902751	0.611137477828	-0.0	-0.0	0.0109103873067	0.382332033581	0.000292451581014	18.3366637027	9.62586732685
3.63190455148	5.2539174928	0.609907174565	-0.0	-0.0	0.0109278105333	0.382321277415	0.00029259672132	18.365448914	9.68220138775
3.63190455148	5.25423728814	0.607257887356	-0.0	-0.0	0.0109653968133	0.382298055036	0.000293294735476	18.4278070092	9.80445830032
3.64604507291	5.26837060703	0.58371868428	-0.0	-0.0	0.01131748792	0.382080529383	0.000298679643539	19.0174542574	10.9575635192
3.65841802916	5.27983407786	0.560607302054	-0.0	-0.0	0.0117002902933	0.381843943293	0.000304764421644	19.6701226879	12.223527398
3.6725585506	5.2893982808	0.540600286094	-0.0	-0.0	0.01206754608	0.381616879981	0.000310399807337	20.3071812998	13.4476898633
3.68404772426	5.30130448616	0.522766144907	-0.0	-0.0	0.0124285490533	0.381393601537	0.000316119688002	20.9433171709	14.65857084
3.68979231109	5.30874403816	0.506374547028	-0.0	-0.0	0.01279275704	0.381168261709	0.000322370167046	21.5947435091	15.8882919058
3.69951391958	5.31438551921	0.491264715794	-0.0	-0.0	0.0131643214933	0.380938280512	0.000328385403056	22.2688452554	17.1431714547
3.71144498453	5.32508721852	0.47760409148	-0.0	-0.0	0.0135363507067	0.380707928621	0.000334174642017	22.9526279082	18.3975686275
3.72205037561	5.33280557315	0.465812220765	-0.0	-0.0	0.01388941736	0.380489238638	0.000339716712275	23.6097271976	19.5877016291
3.73265576668	5.34018337022	0.455075894112	-0.0	-0.0	0.0142436939733	0.380269721581	0.000345248353095	24.2760171437	20.7762341477
3.74193548387	5.34849921011	0.445534891283	-0.0	-0.0	0.0145923324	0.38005362904	0.000350758825234	24.9377084595	21.9353447868
3.75430844012	5.35741324921	0.436746480005	-0.0	-0.0	0.0149523432267	0.379830394536	0.000356144516125	25.626109886	23.112971714
3.76403004861	5.36483931947	0.428983803938	-0.0	-0.0	0.01531051036	0.379608234741	0.000361702760009	26.315235618	24.262681993
3.77419354839	5.36843759824	0.422603978995	-0.0	-0.0	0.0156541339733	0.37939501249	0.000366891309025	26.9780664752	25.3256466347
3.78656650464	5.37664783427	0.417033551723	-0.0	-0.0	0.0160203404533	0.379167705896	0.000372185548654	27.6832055196	26.3976928135
3.790101635	5.37417737386	0.412999423027	-0.0	-0.0	0.0163805580933	0.378944026274	0.000378104556456	28.3707011041	27.3608353366
3.79540433053	5.38126566416	0.410117760137	-0.0	-0.0	0.0167494498533	0.37871488839	0.000383878544207	29.0682376667	28.2603601886
3.80335837384	5.38654147105	0.40795381002	-0.0	-0.0	0.0171536889067	0.378463683104	0.000389888142313	29.8297378987	29.1764555798
3.80468404772	5.38779342723	0.407691962395	-0.0	-0.0	0.0172135081733	0.378426502145	0.00039075429733	29.9423028526	29.3079602642
3.80380026513	5.38716744914	0.40785527056	-0.0	-0.0	0.0172105263333	0.378428355575	0.000390780257485	29.9350024712	29.287466594
3.80512593902	5.38810641628	0.408080575575	-0.0	-0.0	0.0172006025333	0.378434523897	0.00039046149439	29.9143063861	29.2488235534
3.80335837384	5.38760175329	0.408383161209	-0.0	-0.0	0.01718904456	0.378441707893	0.000390427812756	29.8899913601	29.2003797876
3.80203269996	5.38666249217	0.4085509286	-0.0	-0.0	0.0171828699867	0.378445545738	0.000390448267759	29.8769268793	29.1739517887
3.80203269996	5.3860363181	0.408937277575	-0.0	-0.0	0.01716859528	0.378454416168	0.000390181193717	29.8467618482	29.1130786724
3.80026513478	5.3869047619	0.409439674122	-0.0	-0.0	0.0171501267867	0.378465897087	0.000390016586824	29.8077289539	29.034243764
3.79938135219	5.38671262927	0.411816946584	-0.0	-0.0	0.01706294408	0.378520073878	0.000388475559648	29.6238831212	28.6640856372
3.79098541759	5.37817497648	0.420767814579	-0.0	-0.0	0.01674356016	0.378718540749	0.000383349104479	28.9548961254	27.3222100552
3.78568272205	5.37296110414	0.430663279458	-0.0	-0.0	0.0164037507733	0.378929622155	0.000377517855693	28.2515116353	25.9244508833
3.77419354839	5.36737900691	0.440177556462	-0.0	-0.0	0.0160906825333	0.379124022081	0.000372789393301	27.6108307149	24.661026972
3.76270437472	5.36251968504	0.449926001335	-0.0	-0.0	0.0157808553067	0.37931636241	0.000368107490517	26.9841643554	23.4385949539
3.74856385329	5.35648879065	0.459907720366	-0.0	-0.0	0.0154743623067	0.379506569655	0.000363750445935	26.3717459676	22.2571025767
3.73751657092	5.34946236559	0.470712720525	-0.0	-0.0	0.0151550994533	0.379704638538	0.000358852197901	25.7418539991	21.053864213
3.72912063632	5.34018987342	0.481994190047	-0.0	-0.0	0.0148316887067	0.379905216288	0.000353615435947	25.1118433423	19.8698946722
3.71984091913	5.33565768621	0.494027141355	-0.0	-0.0	0.0144959934	0.380113344261	0.000348222746548	24.4663797162	18.6805624877
3.70835174547	5.32054533925	0.506446288405	-0.0	-0.0	0.0141610572533	0.38032092325	0.000343046368714	23.8312125523	17.5299718562
3.69818824569	5.31343283582	0.52050509198	-0.0	-0.0	0.0137938848667	0.380548419219	0.000337136586271	23.1444620435	16.3119985181
3.6893504198	5.30673871583	0.53559124775	-0.0	-0.0	0.0134071160933	0.380787957421	0.000330733957606	22.4326472307	15.0898113508
3.67609368095	5.29335030226	0.552279640535	-0.0	-0.0	0.0129895113467	0.381046489323	0.000324152702387	21.6775897178	13.834960623
3.65930181175	5.28029336735	0.569413410449	-0.0	-0.0	0.0125746587867	0.381303202823	0.000317912291461	20.9402505513	12.6470142152
3.64295183385	5.26749760307	0.588988869528	-0.0	-0.0	0.0121117381733	0.381589549356	0.000310724237366	20.1316697265	11.3972794821
3.63323022536	5.25775503678	0.610895180129	-0.0	-0.0	0.0115982158533	0.381907037519	0.000302017939593	19.2519903525	10.1148727246
3.61511268228	5.2402306214	0.633854861734	-0.0	-0.0	0.0110636225333	0.382237377838	0.000293618529933	18.3571502947	8.89185409833
3.58992487848	5.21483622351	0.662801838308	-0.0	-0.0	0.0104102220533	0.382640892389	0.000283576590204	17.292201493	7.52178707019
3.57224922669	5.19344473008	0.6977034782	-0.0	-0.0	0.00965482125333	0.38310706725	0.000271049725892	16.1024470747	6.09630910122
3.53999116217	5.15909822866	0.73288163022	-0.0	-0.0	0.00892951114667	0.383554346306	0.000260190986226	15.0021790192	4.87559896814
