# C		CN		K0		e_x		e_y		e_z		n		overlap		p		q
3.44454264251	5.25	0.736074498438	-0.0	-0.0	1.87240000048e-07	0.388405657793	0.000130156047104	5.58916073337	1.79008876698
3.47768448962	5.25350701403	0.651255942235	-0.0	-0.0	0.000531443826667	0.388080657949	0.000138385409202	6.1661479332	2.80181935065
3.49226690234	5.25482368596	0.575310184914	-0.0	-0.0	0.00134984762667	0.387579655851	0.000152035308206	7.09238899208	4.20166954403
3.51171011931	5.26076872101	0.53394772994	-0.0	-0.0	0.00212068413333	0.387107397899	0.000164309691326	8.00061827032	5.40942186746
3.53247901016	5.2592226614	0.507941614145	-0.0	-0.0	0.00286652962667	0.3866501042	0.000175862260569	8.9104668011	6.52488673427
3.54971277066	5.25991478204	0.489617951313	-0.0	-0.0	0.00361248325333	0.38619240293	0.000187485369033	9.85232299405	7.62180312213
3.5629695095	5.25872756933	0.476218993121	-0.0	-0.0	0.00433858268	0.385746557496	0.00019891671493	10.799177674	8.69129395464
3.58904109589	5.27322936972	0.465752039901	-0.0	-0.0	0.00503626472	0.385317852613	0.000209098318685	11.7399912095	9.74173405196
3.60848431286	5.28187702265	0.457223612959	-0.0	-0.0	0.00572674384	0.384893280862	0.000219447744455	12.699753236	10.8017490654
3.62306672559	5.28857327308	0.450199755571	-0.0	-0.0	0.00641326198667	0.384470853952	0.000229930322531	13.6816448407	11.8746163112
3.62748563853	5.28778601354	0.444544197674	-0.0	-0.0	0.00707321445333	0.384064499902	0.000240558241298	14.6497315524	12.922547849
3.64250994255	5.29402313625	0.439773038264	-0.0	-0.0	0.00772982676	0.383659939739	0.00025037403349	15.6350302092	13.9807673461
3.66018559434	5.30310797821	0.435596939944	-0.0	-0.0	0.00836371930667	0.383269123	0.000259624580188	16.6112466176	15.0312137984
3.67741935484	5.30653907496	0.431990075613	-0.0	-0.0	0.00898968749333	0.382882944273	0.000268703572491	17.59549559	16.0856049562
3.69244365886	5.31096979332	0.428806305762	-0.0	-0.0	0.00960245564	0.382504678716	0.000277701544968	18.5795879375	17.1390042342
3.69907202828	5.3121625913	0.426084413565	-0.0	-0.0	0.01020852716	0.382130318955	0.000287142310735	19.5707659365	18.1926735483
3.70790985418	5.32444444444	0.423709383032	-0.0	-0.0	0.0108068733867	0.381760512601	0.000296272918204	20.5670376109	19.2472724837
3.71807335395	5.32236633977	0.421585989367	-0.0	-0.0	0.0114085767867	0.381388399594	0.000305323460713	21.5861586758	20.3221458842
3.73751657092	5.33280757098	0.419306006834	-0.0	-0.0	0.0121410528933	0.38093512133	0.00031570419418	22.8500530728	21.6503892027
3.74944763588	5.34267716535	0.417693210407	-0.0	-0.0	0.0127213886267	0.380575749468	0.000324175356767	23.8695643975	22.7190458461
3.76049491825	5.35347812402	0.416216595675	-0.0	-0.0	0.0132863232	0.380225712606	0.000332459563898	24.8784822256	23.7776391248
3.76579761379	5.35703051274	0.414884859951	-0.0	-0.0	0.0138520024667	0.379875019961	0.000341252233184	25.9049829959	24.8513202324
3.76933274414	5.36057843445	0.4136448019	-0.0	-0.0	0.01442276032	0.379520984275	0.000350273435546	26.9549541518	25.9485591916
3.77021652673	5.36077938404	0.41236101442	-0.0	-0.0	0.0150851648267	0.379109833475	0.000361051125732	28.1924892998	27.2375828503
3.78038002651	5.36554753687	0.411281913205	-0.0	-0.0	0.0156255701333	0.37877421184	0.000368954225232	29.2191782351	28.3148251804
3.78745028723	5.3691632717	0.410434526478	-0.0	-0.0	0.0161585611733	0.378443014422	0.000377000117443	30.242847025	29.3763108303
3.79673000442	5.3786407767	0.409528909531	-0.0	-0.0	0.01669558644	0.378109141394	0.000384879047262	31.2894019383	30.4698736165
3.80203269996	5.38078848561	0.409226562071	-0.0	-0.0	0.0169151308667	0.37797258531	0.000387927846541	31.7200812859	30.9153662922
3.80114891737	5.38090766823	0.409507035658	-0.0	-0.0	0.0169067821467	0.377977771421	0.000387850391194	31.6998184763	30.8714265761
3.79893946089	5.37965571205	0.409699328328	-0.0	-0.0	0.0168967420667	0.377984023543	0.00038789090048	31.6775141288	30.8331400576
3.80203269996	5.38184663537	0.410029180996	-0.0	-0.0	0.01688252576	0.37799286625	0.000387308381878	31.6453181335	30.7734322922
3.79938135219	5.38071383845	0.410272224049	-0.0	-0.0	0.0168722147467	0.37799927974	0.000387385470485	31.6220116823	30.7298928735
3.79938135219	5.38040075141	0.410679294951	-0.0	-0.0	0.0168547711067	0.378010127223	0.000387059802025	31.5826676492	30.6567636975
3.79938135219	5.38102692549	0.411085260087	-0.0	-0.0	0.01683766904	0.378020765602	0.000386738547396	31.5439914264	30.584494647
3.7980556783	5.37977457733	0.411659746697	-0.0	-0.0	0.0168131410133	0.378036019509	0.000386413845587	31.4886277151	30.4818117832
3.79540433053	5.37527386541	0.413669639514	-0.0	-0.0	0.01672814476	0.378088883782	0.00038508758504	31.2968790298	30.1262779839
3.78745028723	5.36673974319	0.422425701092	-0.0	-0.0	0.01636665716	0.378313655946	0.00037908358991	30.4865145294	28.6335700013
3.77640300486	5.36072772898	0.431221134226	-0.0	-0.0	0.01601647492	0.378531322851	0.000373608707491	29.7119004929	27.2215166321
3.76712328767	5.35700817096	0.439377506381	-0.0	-0.0	0.0157008088667	0.378727462686	0.000368600099597	29.021772785	25.9803835797
3.76270437472	5.35408805031	0.447697911761	-0.0	-0.0	0.0153861453067	0.378922929529	0.000363123798537	28.3413805575	24.7753057243
3.75519222271	5.34633532557	0.456512470003	-0.0	-0.0	0.0150615938533	0.379124468288	0.000357737902508	27.6471684808	23.5635578944
3.74060980999	5.34217171717	0.465778034322	-0.0	-0.0	0.0147288175867	0.379331046555	0.00035286600682	26.9444859278	22.3565908392
3.73398144057	5.33807266983	0.475704835972	-0.0	-0.0	0.01438135024	0.379546671286	0.000346968996926	26.2204778356	21.134367517
3.71895713654	5.32563291139	0.486523518731	-0.0	-0.0	0.0140122525067	0.379775636946	0.000341418048604	25.4613229143	19.8785790459
3.70967741935	5.31602279924	0.498104704473	-0.0	-0.0	0.0136243910667	0.380016149701	0.000335001327744	24.6764922642	18.6127998225
3.70039770217	5.30576679341	0.510802082774	-0.0	-0.0	0.0132094509467	0.380273353836	0.000328083013224	23.8505268803	17.3144104174
3.69067609368	5.2952743419	0.524487926648	-0.0	-0.0	0.01277572772	0.38054208578	0.000320864822705	23.0029615155	16.0151022364
3.67388422448	5.28825962456	0.539298700199	-0.0	-0.0	0.01231776044	0.380825712285	0.000313718245447	22.1213786387	14.7089781171
3.65399911622	5.27472878111	0.555844374943	-0.0	-0.0	0.01182521716	0.381130607326	0.000306258537109	21.1953566173	13.3741824412
3.62306672559	5.25248317847	0.574213991078	-0.0	-0.0	0.0113024593733	0.381454041574	0.000299119956258	20.2342318948	12.0303583555
3.61864781264	5.24911830715	0.589702970303	-0.0	-0.0	0.0108728496533	0.381719717857	0.000291531487655	19.4613582126	10.9914412727
3.61820592134	5.2498396408	0.58902243228	-0.0	-0.0	0.0108816798667	0.381714258286	0.000291734916182	19.4774116143	11.0256396197
3.61953159523	5.24975953831	0.58883737654	-0.0	-0.0	0.0108864721867	0.381711295256	0.000291711134616	19.4854796028	11.0370489003
3.62041537782	5.25040076948	0.588166415047	-0.0	-0.0	0.0108968437467	0.381704886671	0.000291833213536	19.5040465685	11.0724168312
3.6217410517	5.25272610648	0.587408911378	-0.0	-0.0	0.0109103873067	0.381696511904	0.000291973436814	19.5278229275	11.1140422463
3.62306672559	5.25505293551	0.586357491198	-0.0	-0.0	0.0109278105333	0.381685735695	0.000292188342214	19.5587982132	11.17083984
3.61820592134	5.25216554379	0.584140448481	-0.0	-0.0	0.0109653968133	0.381662495125	0.000293273896373	19.6255507657	11.2920877796
3.62836942112	5.26194293043	0.564376935911	-0.0	-0.0	0.01131748792	0.381444751158	0.000298924387946	20.2565419327	12.4357498272
3.64030048608	5.27619352772	0.544889738779	-0.0	-0.0	0.0117002902933	0.381207915911	0.000304972221051	20.9542237124	13.6901749632
3.65267344233	5.28758797185	0.527941353066	-0.0	-0.0	0.01206754608	0.380980619202	0.000310676220194	21.6345726092	14.9027768594
3.66637207247	5.29575215586	0.512809114114	-0.0	-0.0	0.0124285490533	0.380757111024	0.000316123218709	22.3130932696	16.0998783365
3.68493150685	5.30891719745	0.498913692051	-0.0	-0.0	0.01279275704	0.380531536743	0.00032119703623	23.0074736611	17.3119011039
3.69376933274	5.31922342457	0.486029408029	-0.0	-0.0	0.0131643214933	0.380301321515	0.000327240426505	23.7261196095	18.5509594971
3.7057003977	5.32888465205	0.474331404084	-0.0	-0.0	0.0135363507067	0.380070735892	0.000333010001485	24.4557680984	19.7914629834
3.71321254971	5.3382072473	0.464299192144	-0.0	-0.0	0.01388941736	0.379851817617	0.000338811819036	25.1569352448	20.9632922701
3.71630578878	5.3435017477	0.455192903992	-0.0	-0.0	0.0142436939733	0.379632074697	0.00034502385418	25.8684921327	22.1316626485
3.72160848431	5.35251112524	0.447046673652	-0.0	-0.0	0.0145923324	0.379415756808	0.000350904481201	26.5760411015	23.2754795573
3.73177198409	5.35904761905	0.439450172214	-0.0	-0.0	0.0149523432267	0.379192295624	0.000356492697942	27.313130524	24.4457413459
3.7397260274	5.36493341788	0.43272143064	-0.0	-0.0	0.01531051036	0.378969902883	0.000362213877107	28.0513588807	25.5911372008
3.74944763588	5.3663397659	0.427079878293	-0.0	-0.0	0.0156541339733	0.378756470483	0.000367462382977	28.7627866503	26.6623938468
3.76093680954	5.37492103601	0.422006657376	-0.0	-0.0	0.0160203404533	0.378528928741	0.000372864237259	29.5217080276	27.7601315017
3.76668139638	5.37973484848	0.418142923444	-0.0	-0.0	0.0163805580933	0.378305015368	0.000378635560328	30.265616831	28.770460807
3.77817057004	5.38638512449	0.415461147711	-0.0	-0.0	0.0167494498533	0.378075636714	0.000383842824715	31.0196306077	29.7099106596
3.7817057004	5.3890989288	0.413537461111	-0.0	-0.0	0.0171536889067	0.377824177968	0.000390334527908	31.8403624298	30.6607784321
3.78258948299	5.38696473552	0.413312822936	-0.0	-0.0	0.0172135081733	0.377786958753	0.000391249340657	31.9614788575	30.7967697401
3.77949624392	5.38657844991	0.413486864098	-0.0	-0.0	0.0172105263333	0.377788803577	0.000391504982238	31.9537700003	30.7743437536
3.77728678745	5.38575480618	0.413676125005	-0.0	-0.0	0.0172006025333	0.37779498509	0.00039155041764	31.9315604838	30.7366622019
3.77728678745	5.38543964702	0.413934379996	-0.0	-0.0	0.01718904456	0.377802178358	0.000391337313077	31.9057932597	30.6896571314
3.77817057004	5.38531821046	0.414082412771	-0.0	-0.0	0.0171828699867	0.377806021941	0.00039113052413	31.8918246748	30.6635058908
3.77684489616	5.3868221942	0.41442402892	-0.0	-0.0	0.01716859528	0.377814903514	0.000391002426083	31.8597206532	30.6033409061
3.77507733098	5.38386385124	0.414864599413	-0.0	-0.0	0.0171501267867	0.377826394229	0.000390841747723	31.8182203631	30.5257747377
3.77684489616	5.38587641866	0.416972005619	-0.0	-0.0	0.01706294408	0.377880632839	0.000389037398628	31.6225378272	30.1593037089
3.76712328767	5.38653603034	0.424873055175	-0.0	-0.0	0.01674356016	0.378079297839	0.000384073080862	30.9104567909	28.8322323985
3.75872735307	5.38025941158	0.433588679633	-0.0	-0.0	0.0164037507733	0.37829059582	0.000378611458159	30.1618887493	27.4489755563
3.7565178966	5.37614678899	0.441898237714	-0.0	-0.0	0.0160906825333	0.378485203433	0.000373022683108	29.4801988592	26.2017969836
3.74856385329	5.36803797468	0.450362156177	-0.0	-0.0	0.0157808553067	0.378677735811	0.000368058008031	28.8133269532	24.9960945892
3.73840035351	5.36069730586	0.458922760392	-0.0	-0.0	0.0154743623067	0.378868137556	0.00036335155289	28.1611120581	23.8350846482
3.72912063632	5.35512535703	0.468058485386	-0.0	-0.0	0.0151550994533	0.379066410234	0.000358318589396	27.4897762167	22.658165934
3.71763146266	5.34742530197	0.477583015592	-0.0	-0.0	0.0148316887067	0.379267193447	0.000353419891612	26.818283032	21.4973966279
3.70923552806	5.34043907095	0.48781663022	-0.0	-0.0	0.0144959934	0.37947552841	0.000347984578709	26.1300994419	20.3227025777
3.69995581087	5.33046800382	0.498277274185	-0.0	-0.0	0.0141610572533	0.379683331998	0.000342632553305	25.4523604171	19.1880973009
3.68979231109	5.31963033779	0.509926051502	-0.0	-0.0	0.0137938848667	0.37991105909	0.000336768746209	24.7198351482	17.9932192054
3.67344233319	5.30651340996	0.522404280541	-0.0	-0.0	0.0134071160933	0.380150836829	0.000331105834182	23.960274804	16.7888450311
3.6553247901	5.29312	0.53612572419	-0.0	-0.0	0.0129895113467	0.380409641664	0.000325026800011	23.1538874687	15.5490195799
3.64295183385	5.27889849504	0.550145798402	-0.0	-0.0	0.0125746587867	0.380666623285	0.000318479408554	22.3671797063	14.3722468596
3.62439239947	5.25905739019	0.566205728845	-0.0	-0.0	0.0121117381733	0.380953262836	0.000311577716459	21.5052772938	13.1243893706
3.61201944322	5.25224935733	0.584316940773	-0.0	-0.0	0.0115982158533	0.381271075543	0.000303160042678	20.5663105062	11.8264317564
3.59036676977	5.23927765237	0.603445300097	-0.0	-0.0	0.0110636225333	0.381601755496	0.000295077740894	19.6082220607	10.5701650289
3.57313300928	5.2296991265	0.62745001863	-0.0	-0.0	0.0104102220533	0.382005685227	0.000284401758946	18.4665882439	9.15303604491
3.54087494476	5.21242680547	0.656476394289	-0.0	-0.0	0.00965482125333	0.382472340327	0.000273012891001	17.1887593993	7.65870964037
3.52364118427	5.19114295018	0.685699344719	-0.0	-0.0	0.00892951114667	0.382920075781	0.000261048805372	16.007084075	6.36464509697
