# C		CN		K0		e_x		e_y		e_z		n		overlap		p		q
3.43482103403	5.21200939282	0.736676596798	-0.0	-0.0	1.87240000048e-07	0.388558705691	0.000146743478843	5.58634848389	1.78423724286
3.46266018559	5.21545121545	0.657573614866	-0.0	-0.0	0.000531443826667	0.388233787176	0.000155135326741	6.0970320605	2.70538040308
3.50154661953	5.22288163534	0.578102509252	-0.0	-0.0	0.00134984762667	0.387732910451	0.000167880741423	6.92205950276	4.06324933385
3.52319929297	5.22900262467	0.531953184674	-0.0	-0.0	0.00212068413333	0.387260770679	0.000180240376045	7.73169454751	5.26011508629
3.54131683606	5.24018324607	0.501806722425	-0.0	-0.0	0.00286652962667	0.386803591414	0.00019213112347	8.54383195048	6.37320485156
3.55192222713	5.2363873492	0.479887014938	-0.0	-0.0	0.00361248325333	0.386346004682	0.000204303724006	9.38526383377	7.47238841891
3.57445868316	5.24213938412	0.463826518574	-0.0	-0.0	0.00433858268	0.385900269063	0.000215313116254	10.2288874345	8.53544400549
3.58638974812	5.24708926261	0.45146988549	-0.0	-0.0	0.00503626472	0.385471673215	0.000226386848152	11.0636950424	9.56746503653
3.59169244366	5.24636745237	0.441639132459	-0.0	-0.0	0.00572674384	0.385047207712	0.000237645095319	11.9111232857	10.5943533492
3.60583296509	5.25080489375	0.433435402402	-0.0	-0.0	0.00641326198667	0.384624886511	0.000248229159064	12.7764628254	11.6323392611
3.61113566063	5.25313605661	0.426850512228	-0.0	-0.0	0.00707321445333	0.384218634148	0.000258963643039	13.6292608369	12.6421743814
3.63323022536	5.26611093299	0.421263469952	-0.0	-0.0	0.00772982676	0.383814171752	0.000268391551173	14.4962317945	13.6597713268
3.64825452939	5.27020121367	0.416556406615	-0.0	-0.0	0.00836371930667	0.383423452325	0.000277920918156	15.3527840791	14.6594635861
3.66195315952	5.26677265501	0.412304293395	-0.0	-0.0	0.00898968749333	0.383037379553	0.000287393977247	16.2182233147	15.6713833529
3.6721166593	5.27030456853	0.408696116	-0.0	-0.0	0.00960245564	0.382659203299	0.000296886113451	17.0817420696	16.6730663641
3.68625718073	5.27929069031	0.405384353084	-0.0	-0.0	0.01020852716	0.382284937219	0.000305940665867	17.9537972095	17.6868675264
3.6973044631	5.27800568003	0.402447042539	-0.0	-0.0	0.0108068733867	0.381915219144	0.000315108493893	18.8311759614	18.7035211339
3.706142289	5.28729107537	0.399743404751	-0.0	-0.0	0.0114085767867	0.381543203519	0.000324516425216	19.7308235134	19.7448909563
3.72956252762	5.28974600188	0.396587141976	-0.0	-0.0	0.0121410528933	0.381090032745	0.000334837415135	20.8497560049	21.0481674413
3.74281926646	5.29549718574	0.39431852743	-0.0	-0.0	0.0127213886267	0.380730756338	0.000343451731927	21.7533622545	22.0988519407
3.75209898365	5.29878239151	0.392291089689	-0.0	-0.0	0.0132863232	0.380380807487	0.000352134352737	22.6470523717	23.1361979475
3.76137870084	5.30589335828	0.390433125385	-0.0	-0.0	0.0138520024667	0.380030202601	0.00036080350941	23.5554758635	24.188179987
3.76535572249	5.30985037406	0.388767627217	-0.0	-0.0	0.01442276032	0.37967625146	0.000370021674539	24.4845881465	25.2581874909
3.77993813522	5.31695178849	0.387056181403	-0.0	-0.0	0.0150851648267	0.379265207598	0.000379742167326	25.5790767959	26.5121939334
3.78435704817	5.31337263419	0.38567650315	-0.0	-0.0	0.0156255701333	0.378929668567	0.000388407844011	26.4863702928	27.5572393971
3.79584622183	5.32372093023	0.38444836826	-0.0	-0.0	0.0161585611733	0.378598555412	0.000396215372051	27.3928916038	28.5970437562
3.80114891737	5.3280669145	0.383331265605	-0.0	-0.0	0.01669558644	0.378264757515	0.000404701201684	28.3167997618	29.6526667024
3.80424215643	5.33312674311	0.382896600775	-0.0	-0.0	0.0169151308667	0.378128251166	0.000408060226501	28.6976415062	30.0874622935
3.80291648255	5.3329200248	0.383102726534	-0.0	-0.0	0.0169067821467	0.378133435834	0.000408036109583	28.6804290151	30.052356192
3.80114891737	5.3319900806	0.383323216605	-0.0	-0.0	0.0168967420667	0.378139679393	0.000408035143106	28.6606237355	30.0133760604
3.80114891737	5.33137011779	0.383584415593	-0.0	-0.0	0.01688252576	0.378148519887	0.00040776864722	28.6329429226	29.9628285653
3.79982324348	5.3311627907	0.383795022307	-0.0	-0.0	0.0168722147467	0.378154928061	0.000407716261861	28.6126963681	29.9242790731
3.7984975696	5.33023255814	0.384145885984	-0.0	-0.0	0.0168547711067	0.378165773849	0.000407528673787	28.5785086081	29.8596516329
3.79893946089	5.33054263566	0.384487595073	-0.0	-0.0	0.01683766904	0.378176413479	0.000407158408098	28.5450106401	29.7965877288
3.80114891737	5.3311627907	0.384976691115	-0.0	-0.0	0.0168131410133	0.378191665398	0.000406459664133	28.4970199734	29.7064290394
3.79717189571	5.3290942928	0.386699343506	-0.0	-0.0	0.01672814476	0.37824451453	0.00040527987052	28.3309331252	29.3933564044
3.79142730888	5.32330127211	0.394209940444	-0.0	-0.0	0.01636665716	0.378469228806	0.000399058639956	27.6293714188	28.0766257457
3.78303137428	5.31614906832	0.401781878905	-0.0	-0.0	0.01601647492	0.378686832075	0.00039331555392	26.9573384551	26.8241723485
3.77949624392	5.30953120149	0.408833309795	-0.0	-0.0	0.0157008088667	0.378882935748	0.000387712583995	26.3580247358	25.7175646108
3.77375165709	5.30609073959	0.416090804276	-0.0	-0.0	0.0153861453067	0.37907834706	0.000382356653025	25.7667358745	24.6352773393
3.76182059213	5.29919053549	0.423795984963	-0.0	-0.0	0.0150615938533	0.379279838749	0.000377434642531	25.163486065	23.5430256339
3.75430844012	5.29479588657	0.431947493559	-0.0	-0.0	0.0147288175867	0.379486365321	0.000371893154582	24.5517462056	22.4476395924
3.75121520106	5.29257641921	0.440698484721	-0.0	-0.0	0.01438135024	0.379701935021	0.000365638953461	23.9207524121	21.3334771258
3.7392841361	5.2871875	0.450290904812	-0.0	-0.0	0.0140122525067	0.379930844455	0.000359817647076	23.2587263399	20.1815044427
3.73000441891	5.28625117444	0.460771296754	-0.0	-0.0	0.0136243910667	0.380171296816	0.00035337246829	22.5731871716	19.0036543886
3.71100309324	5.27355527638	0.472407729584	-0.0	-0.0	0.0132094509467	0.38042843718	0.000347346649216	21.8512310203	17.7834979628
3.70260715864	5.26729559748	0.484935270556	-0.0	-0.0	0.01277572772	0.380697100994	0.000339953917172	21.1085473282	16.5578417338
3.68581528944	5.25425330813	0.498695050278	-0.0	-0.0	0.01231776044	0.380980650708	0.000332856636784	20.3378978964	15.3132163009
3.6725585506	5.25418906102	0.514187387317	-0.0	-0.0	0.01182521716	0.381285475763	0.000324791379723	19.5250309422	14.0292214438
3.65444100751	5.23954372624	0.531213661606	-0.0	-0.0	0.0113024593733	0.381608829073	0.000316572260961	18.6812632584	12.738661238
3.63676535572	5.23821656051	0.545679134055	-0.0	-0.0	0.0108728496533	0.381874438872	0.000310080809704	18.0025540804	11.7324746559
3.63588157313	5.23789808917	0.545174756321	-0.0	-0.0	0.0108816798667	0.381868980667	0.000310321739346	18.0164911398	11.7602653384
3.63499779054	5.2372611465	0.544966985147	-0.0	-0.0	0.0108864721867	0.381866018379	0.000310484622015	18.0238698429	11.7727965819
3.63632346443	5.23789808917	0.544469225675	-0.0	-0.0	0.0108968437467	0.381859607332	0.000310561461231	18.0398714848	11.8017598186
3.63543968184	5.23662420382	0.543777700533	-0.0	-0.0	0.0109103873067	0.381851240496	0.000310887773414	18.0609789913	11.8413451856
3.63455589925	5.23662420382	0.542906505092	-0.0	-0.0	0.0109278105333	0.381840465214	0.000311287283389	18.0881856743	11.8917543894
3.63499779054	5.23757961783	0.541034980032	-0.0	-0.0	0.0109653968133	0.38181723046	0.000311944974888	18.14683004	12.0006921545
3.64295183385	5.23903369358	0.524275973681	-0.0	-0.0	0.01131748792	0.381599535482	0.000317779803625	18.701285193	13.0286918535
3.66018559434	5.25015852885	0.507605386214	-0.0	-0.0	0.0117002902933	0.381362765002	0.000323377307311	19.3139704979	14.1574695423
3.66681396376	5.2543554007	0.492982350274	-0.0	-0.0	0.01206754608	0.381135529605	0.000329611713678	19.9113289296	15.2501127448
3.67962881131	5.26708860759	0.479820626362	-0.0	-0.0	0.0124285490533	0.380912072926	0.000335158966291	20.5072405435	16.3307087858
3.69155987627	5.27758457161	0.467562181066	-0.0	-0.0	0.01279275704	0.380686555093	0.000340831936968	21.1171590804	17.4307775917
3.69686257181	5.27840909091	0.456081853481	-0.0	-0.0	0.0131643214933	0.380456397475	0.000347244399639	21.7477718965	18.5585696524
3.70216526734	5.28900821226	0.445527149654	-0.0	-0.0	0.0135363507067	0.380225866276	0.000353656466397	22.3873426905	19.6924652843
3.71188687583	5.29580573951	0.436288531691	-0.0	-0.0	0.01388941736	0.380007006063	0.000359284980673	23.0016983507	20.7729573395
3.7229341582	5.30456692913	0.427782024484	-0.0	-0.0	0.0142436939733	0.37978732553	0.000364787068427	23.6248948992	21.8563021932
3.72779496244	5.30919395466	0.420081737387	-0.0	-0.0	0.0145923324	0.379571050461	0.000370767688848	24.2444406113	22.92154051
3.7397260274	5.30969563853	0.412790251641	-0.0	-0.0	0.0149523432267	0.379347649111	0.000376234882872	24.8906114163	24.0186773029
3.74944763588	5.31516290727	0.406199100806	-0.0	-0.0	0.01531051036	0.379125312023	0.000381858237245	25.5386677334	25.1019072698
3.75784357048	5.32477294081	0.400561661504	-0.0	-0.0	0.0156541339733	0.378911933348	0.000387299153727	26.1634177706	26.1226238272
3.76535572249	5.33041301627	0.395408460474	-0.0	-0.0	0.0160203404533	0.378684448238	0.000393185564119	26.8304796955	27.1744378259
3.77110030932	5.33552220138	0.391395735212	-0.0	-0.0	0.0163805580933	0.378460593393	0.000399058689173	27.4844716735	28.1477115301
3.77905435263	5.3425	0.388450529243	-0.0	-0.0	0.0167494498533	0.378231267831	0.000404749719275	28.1499381327	29.0647805369
3.78877596111	5.34487059557	0.386425318894	-0.0	-0.0	0.0171536889067	0.37797987551	0.000410730463619	28.8729123922	29.9783088931
3.79142730888	5.34736513876	0.386213022668	-0.0	-0.0	0.0172135081733	0.377942663918	0.000411469796051	28.9793476258	30.1064400929
3.79142730888	5.34569825436	0.386365711363	-0.0	-0.0	0.0172105263333	0.377944511868	0.000411404841492	28.9726408179	30.0868009846
3.78921785241	5.34413965087	0.386523034063	-0.0	-0.0	0.0172006025333	0.377950691914	0.000411458919358	28.9532708688	30.0536434205
3.7896597437	5.34445137157	0.386742603001	-0.0	-0.0	0.01718904456	0.377957879039	0.000411196922899	28.930957084	30.0123001432
3.7896597437	5.34445137157	0.386871470061	-0.0	-0.0	0.0171828699867	0.377961714792	0.000411080800319	28.9188621071	29.9890908826
3.78745028723	5.34362332398	0.387163284172	-0.0	-0.0	0.01716859528	0.377970598914	0.000411051667235	28.8908836773	29.9359676838
3.78656650464	5.34299968818	0.387537004207	-0.0	-0.0	0.0171501267867	0.377982080775	0.000410800797695	28.8548620686	29.867828353
3.78479893946	5.34154709919	0.389317733458	-0.0	-0.0	0.01706294408	0.378036307687	0.000409353759607	28.684830572	29.5462184493
3.77375165709	5.33791809941	0.396006943515	-0.0	-0.0	0.01674356016	0.378234926372	0.000404539811263	28.0659707112	28.3786608281
3.76623950508	5.32937128558	0.403384776279	-0.0	-0.0	0.0164037507733	0.378446175561	0.000398950727082	27.4147288158	27.1579370083
3.75828546178	5.32467125861	0.410436841911	-0.0	-0.0	0.0160906825333	0.378640726434	0.000393912005677	26.8213210892	26.0526519318
3.75209898365	5.32194357367	0.417672340946	-0.0	-0.0	0.0157808553067	0.378833218064	0.000388740622755	26.2400026231	24.9766914932
3.74458683164	5.31722623157	0.42503566921	-0.0	-0.0	0.0154743623067	0.379023572162	0.000383763683925	25.6708148209	23.9338925335
3.73840035351	5.3114599686	0.432964407956	-0.0	-0.0	0.0151550994533	0.379221794231	0.000378404343356	25.0843289332	22.8685690253
3.73044631021	5.30984586348	0.441222123046	-0.0	-0.0	0.0148316887067	0.379422524989	0.000373146540527	24.4974415483	21.8151933173
3.7145382236	5.30283911672	0.450052467832	-0.0	-0.0	0.0144959934	0.379630819087	0.000368463400912	23.8959324557	20.7486052527
3.70702607159	5.29785217941	0.459110482609	-0.0	-0.0	0.0141610572533	0.379838568356	0.000362956929307	23.3032946883	19.7128089716
3.70039770217	5.28963992419	0.469417437154	-0.0	-0.0	0.0137938848667	0.380066225077	0.000356772297063	22.6623395529	18.6053629828
3.69597878922	5.28174352495	0.480709386047	-0.0	-0.0	0.0134071160933	0.380305957371	0.000349996288021	21.9965003358	17.47088841
3.68404772426	5.27134724858	0.493364055946	-0.0	-0.0	0.0129895113467	0.380564690517	0.000343356099082	21.288707868	16.2865133037
3.67300044189	5.26512511878	0.506430274889	-0.0	-0.0	0.0125746587867	0.380821611545	0.000336684617663	20.596871598	15.1515596854
3.66327883341	5.25388272583	0.521480540181	-0.0	-0.0	0.0121117381733	0.381108174572	0.00032897404939	19.837633068	13.9396098404
3.64516129032	5.23848840902	0.538504297418	-0.0	-0.0	0.0115982158533	0.381425908828	0.000321072979279	19.01177966	12.6728237428
3.62571807335	5.22983742429	0.556596495187	-0.0	-0.0	0.0110636225333	0.38175650603	0.000312900365834	18.17050088	11.4379478984
3.60141405214	5.2037037037	0.579678235842	-0.0	-0.0	0.0104102220533	0.38216033468	0.000302942932046	17.1688099761	10.0257987863
3.58064516129	5.18994234465	0.607904015285	-0.0	-0.0	0.00965482125333	0.382626875023	0.000290765818465	16.046873724	8.51867309927
3.55722492267	5.1676300578	0.636291400322	-0.0	-0.0	0.00892951114667	0.383074499637	0.00027932598912	15.0066424411	7.20507728903
