# C		CN		K0		e_x		e_y		e_z		n		overlap		p		q
3.45868316394	5.2359437751	0.736524703462	-0.0	-0.0	1.87240000048e-07	0.388501467276	0.000130750729284	5.58583790517	1.78532255889
3.47547503314	5.23892035988	0.651997656927	-0.0	-0.0	0.000531443826667	0.388176518344	0.0001396250546	6.158846894	2.79075196488
3.50596553248	5.24892419729	0.5763776697	-0.0	-0.0	0.00134984762667	0.387675594731	0.000152652536023	7.07930895329	4.17923017188
3.52717631463	5.24983541804	0.535310251068	-0.0	-0.0	0.00212068413333	0.387203410761	0.000164831025436	7.98057912306	5.37301737116
3.54308440124	5.25688976378	0.509282648725	-0.0	-0.0	0.00286652962667	0.386746188699	0.000176606292523	8.88326999518	6.47862329973
3.5634114008	5.26987242395	0.490824331324	-0.0	-0.0	0.00361248325333	0.38628855913	0.000188014351916	9.81691134824	7.56723302311
3.58197083517	5.26690507152	0.477615544021	-0.0	-0.0	0.00433858268	0.385842781785	0.000199109788507	10.7547054667	8.62009252843
3.59434379143	5.27931146476	0.46719975444	-0.0	-0.0	0.00503626472	0.385414145816	0.000210030123494	11.6864136754	9.65652242061
3.60362350862	5.27979274611	0.458886889146	-0.0	-0.0	0.00572674384	0.384989643136	0.000220950816645	12.6360232402	10.6960235692
3.62306672559	5.29083279535	0.452165655658	-0.0	-0.0	0.00641326198667	0.384567279842	0.000231099927529	13.605480409	11.7419947805
3.6389748122	5.2998389694	0.446417006422	-0.0	-0.0	0.00707321445333	0.384160989449	0.000240984878612	14.5640916986	12.7783526076
3.6473707468	5.29525032092	0.441640044055	-0.0	-0.0	0.00772982676	0.38375649136	0.00025127723874	15.5416184145	13.8234627362
3.67520989837	5.30705394191	0.437491507991	-0.0	-0.0	0.00836371930667	0.383365733187	0.000259837958514	16.5088614328	14.8583341878
3.68669907203	5.3125199108	0.433788280225	-0.0	-0.0	0.00898968749333	0.382979618918	0.000269378797956	17.4864961815	15.9046637532
3.69863013699	5.31206349206	0.430577863694	-0.0	-0.0	0.00960245564	0.382601416926	0.000278586244181	18.4621986826	16.9455749351
3.70437472382	5.32010161956	0.427824349146	-0.0	-0.0	0.01020852716	0.382227111502	0.000288102131244	19.445030206	17.9871968615
3.71321254971	5.32414448669	0.42528280886	-0.0	-0.0	0.0108068733867	0.381857358817	0.00029724793063	20.4344026843	19.0385075799
3.7229341582	5.3314339981	0.423082626972	-0.0	-0.0	0.0114085767867	0.381485313231	0.000306332101211	21.4459581113	20.1052627156
3.7397260274	5.33522548092	0.420738634129	-0.0	-0.0	0.0121410528933	0.381032099617	0.000316907690902	22.6987018618	21.4205430672
3.75386654883	5.34940138626	0.419110869666	-0.0	-0.0	0.0127213886267	0.380672781726	0.000325179984492	23.7088444756	22.4764125361
3.7644719399	5.35745752045	0.417579632792	-0.0	-0.0	0.0132863232	0.38032280352	0.000333477470325	24.7088860434	23.5254107138
3.77728678745	5.35548589342	0.416209235333	-0.0	-0.0	0.0138520024667	0.379972165813	0.000341608542489	25.7259755558	24.5881394157
3.78435704817	5.36141559662	0.414928706427	-0.0	-0.0	0.01442276032	0.379618179047	0.000350326792987	26.7681964431	25.6762683413
3.7896597437	5.36346574914	0.413600752562	-0.0	-0.0	0.0150851648267	0.379207099197	0.000360657565488	27.9957944139	26.9538626086
3.80070702607	5.36840462067	0.412682593562	-0.0	-0.0	0.0156255701333	0.378871528755	0.00036841163969	29.0104299745	28.0026111144
3.81087052585	5.37983770287	0.411809848804	-0.0	-0.0	0.0161585611733	0.378540384605	0.000376089441713	30.024473576	29.0522739068
3.81573133009	5.38576779026	0.410939710336	-0.0	-0.0	0.01669558644	0.378206558131	0.000384346981197	31.0599533647	30.1274358529
3.82103402563	5.38360860081	0.410629878687	-0.0	-0.0	0.0169151308667	0.378070029188	0.000387380975231	31.4866291486	30.5677622853
3.81882456916	5.38372817955	0.410913994922	-0.0	-0.0	0.0169067821467	0.378075215466	0.000387436173404	31.4664535618	30.5239257373
3.81749889527	5.38415965076	0.411106904739	-0.0	-0.0	0.0168967420667	0.378081465629	0.000387386245216	31.4442948037	30.485985781
3.81573133009	5.38216957606	0.411445418316	-0.0	-0.0	0.01688252576	0.378090302792	0.000387298795736	31.412417008	30.426268398
3.81573133009	5.38322419707	0.411689488104	-0.0	-0.0	0.0168722147467	0.378096711324	0.000387105373991	31.3892388898	30.3830735798
3.8148475475	5.38334373051	0.412097814526	-0.0	-0.0	0.0168547711067	0.378107565279	0.000386868004577	31.3501585473	30.3106088482
3.81396376491	5.38451935081	0.412500939214	-0.0	-0.0	0.01683766904	0.378118201312	0.000386637897047	31.3118501087	30.2394470073
3.81263809103	5.3829588015	0.413079081235	-0.0	-0.0	0.0168131410133	0.378133451442	0.000386312714157	31.2569259802	30.1376037811
3.81087052585	5.38171036205	0.415094602574	-0.0	-0.0	0.01672814476	0.37818631058	0.00038489817026	31.0668688563	29.7857389127
3.80070702607	5.37300843486	0.42385632943	-0.0	-0.0	0.01636665716	0.378411040107	0.000379129705545	30.2639812729	28.3102480892
3.78921785241	5.36850344396	0.43264372854	-0.0	-0.0	0.01601647492	0.378628671554	0.00037364116688	29.4938126333	26.9130093111
3.77949624392	5.35819492322	0.440777853428	-0.0	-0.0	0.0157008088667	0.378824786934	0.000368668387325	28.8087826701	25.6870034082
3.77065841803	5.35331032319	0.449143750223	-0.0	-0.0	0.0153861453067	0.37902022453	0.000363625785706	28.1337650894	24.4920650728
3.76226248343	5.34715677034	0.458028798856	-0.0	-0.0	0.0150615938533	0.379221724226	0.000358335646378	27.4457244578	23.2896844047
3.75254087494	5.33396167138	0.467366894377	-0.0	-0.0	0.0147288175867	0.379428277623	0.000353009658004	26.7491904457	22.0921934524
3.74635439682	5.33018867925	0.477358708841	-0.0	-0.0	0.01438135024	0.379643868576	0.000347060653626	26.0310208164	20.8800814991
3.7392841361	5.32881889764	0.488287786449	-0.0	-0.0	0.0140122525067	0.379872795859	0.000340798782809	25.2790011822	19.6333099963
3.72514361467	5.32039141414	0.499994254811	-0.0	-0.0	0.0136243910667	0.38011327217	0.000334810688038	24.4997604789	18.3751370614
3.71188687583	5.31214421252	0.512791279443	-0.0	-0.0	0.0132094509467	0.380370437672	0.000328247159493	23.6804400112	17.0874055409
3.69332744145	5.30708161321	0.526617470731	-0.0	-0.0	0.01277572772	0.380639121563	0.000321778590575	22.8385578765	15.7965960068
3.68007070261	5.30012730745	0.541670049933	-0.0	-0.0	0.01231776044	0.380922709206	0.000314350888217	21.9648292263	14.4966331947
3.66106937693	5.28389154705	0.558483942181	-0.0	-0.0	0.01182521716	0.381227556484	0.000306766665551	21.0456248128	13.1678633913
3.63676535572	5.27170778597	0.576885455896	-0.0	-0.0	0.0113024593733	0.381550940064	0.000299063499194	20.0929165098	11.8419352247
3.61599646487	5.25674807198	0.592319857648	-0.0	-0.0	0.0108728496533	0.381816574727	0.000292808376072	19.3271908694	10.8200613626
3.61688024746	5.25561978163	0.591645797791	-0.0	-0.0	0.0108816798667	0.381811119724	0.000292904823552	19.3430873501	10.8535630592
3.61820592134	5.25626204239	0.591422350734	-0.0	-0.0	0.0108864721867	0.381808153446	0.000292884035832	19.3513217223	10.8663491281
3.61864781264	5.25521669342	0.590837177386	-0.0	-0.0	0.0108968437467	0.381801741799	0.000293036569176	19.3693085218	10.8978696974
3.61997348652	5.25617977528	0.589998880894	-0.0	-0.0	0.0109103873067	0.381793369137	0.000293180335092	19.3932315953	10.94209379
3.61864781264	5.25617977528	0.588979818721	-0.0	-0.0	0.0109278105333	0.381782599121	0.000293606946891	19.4237135858	10.9968129922
3.62350861688	5.25971107544	0.586743895634	-0.0	-0.0	0.0109653968133	0.38175936096	0.000293905444247	19.4898974449	11.1171350374
3.64383561644	5.27656850192	0.566841500433	-0.0	-0.0	0.01131748792	0.381541645603	0.000298730354368	20.1156645413	12.2510294176
3.65002209456	5.2848	0.547208828047	-0.0	-0.0	0.0117002902933	0.381304852958	0.000305273480301	20.8077752448	13.4952695487
3.66548828988	5.30134357006	0.530098695409	-0.0	-0.0	0.01206754608	0.381077591856	0.000310731802873	21.4830344947	14.6999107668
3.67123287671	5.31317978247	0.514825943908	-0.0	-0.0	0.0124285490533	0.380854118692	0.000316877119158	22.1568640829	15.8893291237
3.68316394167	5.32024265645	0.5008363001	-0.0	-0.0	0.01279275704	0.380628584728	0.000322539115623	22.846558746	17.0919651783
3.69332744145	5.32780612245	0.487926416915	-0.0	-0.0	0.0131643214933	0.380398400584	0.000328459381742	23.5592837574	18.3172855418
3.70172337605	5.33949633408	0.476184465111	-0.0	-0.0	0.0135363507067	0.380167851877	0.000334530897716	24.2821314241	19.5444991927
3.71232876712	5.34425707922	0.466047166514	-0.0	-0.0	0.01388941736	0.379948967104	0.000340047885307	24.9771872346	20.7080570577
3.71895713654	5.35359643539	0.456816141321	-0.0	-0.0	0.0142436939733	0.379729258607	0.000345920798401	25.6823395407	21.8697694717
3.72514361467	5.35727908455	0.448581973505	-0.0	-0.0	0.0145923324	0.379512970691	0.000351707202603	26.3832781638	23.0052050069
3.73486522316	5.36753494282	0.440950578465	-0.0	-0.0	0.0149523432267	0.379289548428	0.000357344965767	27.1133885146	24.1634223601
3.74326115776	5.37214467005	0.434167562764	-0.0	-0.0	0.01531051036	0.379067190526	0.000363026486614	27.8448318749	25.2987414339
3.7476800707	5.37571337984	0.428445014812	-0.0	-0.0	0.0156541339733	0.378853790152	0.000368781854769	28.5498949296	26.3631682759
3.75475033142	5.3779677113	0.42333932998	-0.0	-0.0	0.0160203404533	0.378626277264	0.00037461223409	29.3016659934	27.4500139805
3.76889085285	5.38780025284	0.419457500298	-0.0	-0.0	0.0163805580933	0.378402411211	0.000379521093803	30.0377354598	28.4485939104
3.77684489616	5.39236111111	0.416760643809	-0.0	-0.0	0.0167494498533	0.378173062641	0.000385084361322	30.7846202226	29.3775734164
3.78082191781	5.39495268139	0.414785658338	-0.0	-0.0	0.0171536889067	0.377921645095	0.000391531044549	31.5973790006	30.3206098306
3.78038002651	5.39432176656	0.414549692054	-0.0	-0.0	0.0172135081733	0.377884432335	0.000392584976747	31.7174061007	30.4559150753
3.77949624392	5.39337539432	0.414660043684	-0.0	-0.0	0.0172105263333	0.377886286757	0.000392615871837	31.7101117024	30.4394985768
3.77861246133	5.39242902208	0.414915249384	-0.0	-0.0	0.0172006025333	0.377892455583	0.00039252152124	31.6878520094	30.3963875391
3.77728678745	5.39148264984	0.415167625059	-0.0	-0.0	0.01718904456	0.377899647373	0.000392445927644	31.6622776429	30.3503825795
3.77728678745	5.39041311889	0.415319655657	-0.0	-0.0	0.0171828699867	0.377903488219	0.000392330774839	31.6484934908	30.3242456738
3.77596111357	5.3905362776	0.415664511195	-0.0	-0.0	0.01716859528	0.377912372094	0.000392201935385	31.6166044358	30.2644207264
3.77772867875	5.39318396971	0.416104906455	-0.0	-0.0	0.0171501267867	0.377923861009	0.000391674839537	31.575499532	30.187775095
3.77198409191	5.39008212255	0.418205060424	-0.0	-0.0	0.01706294408	0.377978084659	0.000390648276923	31.3817338074	29.8262360629
3.76668139638	5.38823901359	0.426094851585	-0.0	-0.0	0.01674356016	0.378176725	0.000385253920606	30.6765402246	28.515585105
3.75740167919	5.38006329114	0.434789046049	-0.0	-0.0	0.0164037507733	0.378387990488	0.000379877702463	29.9351088116	27.1499513386
3.75165709236	5.37171781082	0.443056793215	-0.0	-0.0	0.0160906825333	0.378582563401	0.000374633813651	29.2601330492	25.9203355227
3.74635439682	5.36700443319	0.451491166185	-0.0	-0.0	0.0157808553067	0.378775069224	0.000369412855339	28.5996741954	24.7304039668
3.74237737517	5.36458663288	0.460100152277	-0.0	-0.0	0.0154743623067	0.378965441141	0.000364121751712	27.9533008355	23.5787633644
3.73486522316	5.3602917856	0.46934373327	-0.0	-0.0	0.0151550994533	0.379163682759	0.000358926819498	27.2878046091	22.4076001486
3.72646928856	5.35802861685	0.478947718539	-0.0	-0.0	0.0148316887067	0.379364435432	0.000353727971333	26.6220396534	21.2546710655
3.71100309324	5.34543139128	0.489224082593	-0.0	-0.0	0.0144959934	0.379572744912	0.000348987011132	25.9403412788	20.0910519381
3.70172337605	5.33227243794	0.499689635532	-0.0	-0.0	0.0141610572533	0.379780505694	0.000343663987345	25.269027123	18.969421689
3.69288555015	5.32632249841	0.51138924564	-0.0	-0.0	0.0137938848667	0.380008197849	0.000337699328069	24.5429556777	17.7853662271
3.68139637649	5.31397574984	0.524014598169	-0.0	-0.0	0.0134071160933	0.380247946398	0.000331630239278	23.7900874364	16.5872649886
3.66858152894	5.30425055928	0.537928891111	-0.0	-0.0	0.0129895113467	0.380506703764	0.0003251025403	22.9903439142	15.3524588204
3.65841802916	5.29430582214	0.552254563349	-0.0	-0.0	0.0125746587867	0.38076364373	0.000318381605715	22.20965882	14.1756668005
3.64516129032	5.28219090327	0.568511147794	-0.0	-0.0	0.0121117381733	0.381050239775	0.000311002851251	21.3538445248	12.9347445975
3.63146266019	5.26506410256	0.58680763231	-0.0	-0.0	0.0115982158533	0.381367999738	0.000302695538757	20.4221126935	11.6463956171
3.61511268228	5.25208734746	0.605925043502	-0.0	-0.0	0.0110636225333	0.381698630845	0.000294182877661	19.4711683028	10.4072602121
3.59876270437	5.23873873874	0.629910637424	-0.0	-0.0	0.0104102220533	0.382102497299	0.000283451327979	18.3382490031	9.00972695477
3.56429518338	5.22110715442	0.658675671047	-0.0	-0.0	0.00965482125333	0.382569081316	0.000272201634902	17.0702666881	7.54287519963
3.53557224923	5.19214540734	0.688049612971	-0.0	-0.0	0.00892951114667	0.383016747833	0.000261126671299	15.9005994858	6.26261493135
