# C		CN		K0		e_x		e_y		e_z		n		overlap		p		q
3.46089262042	5.23720307795	0.737150528403	-0.0	-0.0	1.87240000048e-07	0.388537219082	0.00013034004480150257	5.58914383619	1.78123454296
3.48519664163	5.24525790349	0.652180045113	-0.0	-0.0	0.000531443826667	0.388212289149	0.0001389173243701625	6.16463414446	2.79146837221
3.51480335837	5.23822075783	0.575988169057	-0.0	-0.0	0.00134984762667	0.387711394822	0.00015197477735023936	7.08964260418	4.19069525267
3.53026955369	5.246467302	0.534680026976	-0.0	-0.0	0.00212068413333	0.387239238459	0.0001644173301708483	7.99563898256	5.39374070052
3.54087494476	5.24361493124	0.508360662216	-0.0	-0.0	0.00286652962667	0.386782043129	0.00017646996648380367	8.9035374081	6.51155295809
3.55192222713	5.25024501797	0.489959074707	-0.0	-0.0	0.00361248325333	0.386324440316	0.00018835518970949293	9.84090243404	7.60525830524
3.5718073354	5.25699414444	0.476711524228	-0.0	-0.0	0.00433858268	0.385878689034	0.00019935402900130028	10.7821856961	8.66508694503
3.59080866107	5.26971762415	0.466416453246	-0.0	-0.0	0.00503626472	0.385450078125	0.0002098777320357588	11.7164350043	9.70342070011
3.6053910738	5.27158098933	0.457904414505	-0.0	-0.0	0.00572674384	0.385025597705	0.00022044967826878532	12.6692410281	10.7546319793
3.62085726911	5.2833171991	0.450988365142	-0.0	-0.0	0.00641326198667	0.384603261664	0.00023082920834856016	13.6425734657	11.8139167154
3.62881131242	5.27983274365	0.445387733294	-0.0	-0.0	0.00707321445333	0.384196995025	0.0002411959516773282	14.6034068121	12.850645722
3.64295183385	5.27761767531	0.440593874898	-0.0	-0.0	0.00772982676	0.383792518416	0.0002510912557754958	15.5843229088	13.9028638025
3.664162616	5.29424920128	0.436423004063	-0.0	-0.0	0.00836371930667	0.383401785258	0.000260108811227086	16.5556995718	14.9458279909
3.67123287671	5.2985645933	0.432799487686	-0.0	-0.0	0.00898968749333	0.383015693563	0.0002699661589154076	17.5367353608	15.9951502101
3.68360583297	5.30563514804	0.429769046811	-0.0	-0.0	0.00960245564	0.382637509376	0.0002791429125779106	18.5146535652	17.0326629823
3.6973044631	5.3121625913	0.426826100603	-0.0	-0.0	0.01020852716	0.382263230144	0.00028807718110702106	19.5025119776	18.0913077938
3.70967741935	5.32117945466	0.424369452311	-0.0	-0.0	0.0108068733867	0.381893499076	0.00029693960913298084	20.4950435613	19.1442498245
3.72072470172	5.32594936709	0.422156033533	-0.0	-0.0	0.0114085767867	0.381521470379	0.000305941251545494	21.5114711999	20.2193664478
3.73486522316	5.33070369202	0.419778020507	-0.0	-0.0	0.0121410528933	0.381068283679	0.0003167921942152793	22.7726489632	21.5484461987
3.75121520106	5.33322854448	0.418070284022	-0.0	-0.0	0.0127213886267	0.380708991243	0.00032491075261480097	23.7902130726	22.6195622122
3.75695978789	5.3409805154	0.416649830241	-0.0	-0.0	0.0132863232	0.380359033499	0.00033365678660931056	24.7951511185	23.6692166468
3.7733097658	5.34785333751	0.415197183386	-0.0	-0.0	0.0138520024667	0.380008416292	0.00034147801382853834	25.8183254001	24.7465186
3.78214759169	5.3558685446	0.413907346681	-0.0	-0.0	0.01442276032	0.379654455805	0.0003500029898375644	26.8654923104	25.843431057
3.79893946089	5.36309709647	0.412542256818	-0.0	-0.0	0.0150851648267	0.379243403252	0.00035926049679251275	28.1009958031	27.1354243362
3.80424215643	5.36533665835	0.411528277426	-0.0	-0.0	0.0156255701333	0.378907845758	0.00036757099362824344	29.1233722867	28.2025497417
3.81661511268	5.37056627256	0.410622375658	-0.0	-0.0	0.0161585611733	0.378576718794	0.00037506079662881774	30.1449446574	29.265845552
3.8236853734	5.3766314481	0.409835615403	-0.0	-0.0	0.01669558644	0.378242909167	0.0003831108302494294	31.1864662004	30.3436268948
3.83031374282	5.37771570453	0.409454656504	-0.0	-0.0	0.0169151308667	0.37810639698	0.0003860267497049543	31.6171081799	30.7953825024
3.82942996023	5.37919254658	0.409738489402	-0.0	-0.0	0.0169067821467	0.378111582871	0.0003859481127844135	31.5968789765	30.7512901765
3.82545293858	5.37849596022	0.409932127629	-0.0	-0.0	0.0168967420667	0.378117819969	0.0003861659323728105	31.574708352	30.7130945468
3.82589482987	5.37651444548	0.410268568337	-0.0	-0.0	0.01688252576	0.378126661421	0.00038585653785615313	31.5426975402	30.6531294597
3.82412726469	5.3766314481	0.410510470657	-0.0	-0.0	0.0168722147467	0.37813307595	0.0003858422254236958	31.5194338671	30.6098230074
3.82501104728	5.37620379	0.410914691531	-0.0	-0.0	0.0168547711067	0.378143917642	0.000385428603447932	31.4802687851	30.5372676833
3.82722050376	5.37837837838	0.411314435586	-0.0	-0.0	0.01683766904	0.378154553554	0.0003848880454555612	31.441815698	30.4659000741
3.82501104728	5.37849596022	0.411890716219	-0.0	-0.0	0.0168131410133	0.378169812001	0.00038465283190626043	31.3866643341	30.3634882231
3.82191780822	5.37624378109	0.413898512245	-0.0	-0.0	0.01672814476	0.378222657072	0.0003833772266009709	31.1959483223	30.0098831741
3.80998674326	5.36873248209	0.422605961841	-0.0	-0.0	0.01636665716	0.378447386577	0.00037781547105739664	30.3903612812	28.5287774202
3.79054352629	5.35832552327	0.431319472889	-0.0	-0.0	0.01601647492	0.378665008228	0.0003731601677964269	29.6184575467	27.1283494121
3.78479893946	5.35553470919	0.439438818338	-0.0	-0.0	0.0157008088667	0.378861111639	0.0003678157225025157	28.9309673038	25.8945716877
3.77861246133	5.35012515645	0.447759965122	-0.0	-0.0	0.0153861453067	0.379056530666	0.00036253814986928807	28.2534061327	24.6940088667
3.77154220062	5.34325086126	0.456561211467	-0.0	-0.0	0.0150615938533	0.379258026071	0.0003571431400473811	27.5621538914	23.4877967147
3.76005302696	5.33856291183	0.4659094917	-0.0	-0.0	0.0147288175867	0.379464553255	0.0003519828813908755	26.8618669215	22.2795224831
3.74502872293	5.3342776204	0.475897398229	-0.0	-0.0	0.01438135024	0.379680131894	0.00034689581935572005	26.1417236777	21.0589946533
3.73442333186	5.32597730139	0.486720274268	-0.0	-0.0	0.0140122525067	0.379909054655	0.0003410102086810463	25.3875541984	19.8094392034
3.72602739726	5.31421367791	0.498329103642	-0.0	-0.0	0.0136243910667	0.380149517386	0.0003345426880987428	24.6061079676	18.5472428806
3.71232876712	5.30616113744	0.511014251115	-0.0	-0.0	0.0132094509467	0.380406662465	0.0003280310001611715	23.7837190756	17.254800816
3.69200176757	5.29717729147	0.524780809585	-0.0	-0.0	0.01277572772	0.380675333778	0.0003217212006957014	22.937967958	15.955454758
3.68360583297	5.28585025381	0.53972641692	-0.0	-0.0	0.01231776044	0.38095890411	0.00031398015698455643	22.0641848513	14.6512985349
3.66637207247	5.27935093859	0.556420832161	-0.0	-0.0	0.01182521716	0.381263733565	0.0003063357117931956	21.1428194224	13.3164463815
3.65046398586	5.26834716018	0.57456682216	-0.0	-0.0	0.0113024593733	0.381587098238	0.000297967038800901	20.1849723736	11.9871888343
3.63367211666	5.2543943752	0.589936892871	-0.0	-0.0	0.0108728496533	0.381852717372	0.00029142043579776373	19.4165681834	10.9575402913
3.63278833407	5.25511508951	0.589269569087	-0.0	-0.0	0.0108816798667	0.381847258975	0.0002916582839147061	19.4325379852	10.9911287255
3.63411400795	5.2557544757	0.589045496734	-0.0	-0.0	0.0108864721867	0.381844298302	0.0002916375940691776	19.4407895099	11.0040581685
3.63367211666	5.25543478261	0.588477022897	-0.0	-0.0	0.0108968437467	0.38183788531	0.00029186051222119836	19.4588217179	11.0352612997
3.63367211666	5.2560741688	0.587647405574	-0.0	-0.0	0.0109103873067	0.381829513138	0.0002921101349647113	19.4828443469	11.0796036087
3.63455589925	5.25679565078	0.586615729387	-0.0	-0.0	0.0109278105333	0.381818742519	0.00029235958993469735	19.5136434898	11.1354452124
3.63764913831	5.26095299009	0.584407107679	-0.0	-0.0	0.0109653968133	0.381795506949	0.0002928005687599757	19.5801276342	11.2559598022
3.64913831198	5.27275630789	0.564711492179	-0.0	-0.0	0.01131748792	0.381577804321	0.00029833893857940836	20.2091347437	12.3932222553
3.65885992046	5.28279604213	0.54524573078	-0.0	-0.0	0.0117002902933	0.381341031014	0.00030457729812276686	20.905122495	13.6427637395
3.66681396376	5.28794642857	0.528347101699	-0.0	-0.0	0.01206754608	0.381113777705	0.0003106418775611669	21.5834950258	14.8489522179
3.68360583297	5.29793322734	0.51320805967	-0.0	-0.0	0.0124285490533	0.380890317607	0.0003158251757008108	22.2603204005	16.0423288041
3.69376933274	5.30918334922	0.499330443459	-0.0	-0.0	0.01279275704	0.380664798129	0.0003216134806038991	22.9526916691	17.2491202003
3.70790985418	5.32444444444	0.486465878965	-0.0	-0.0	0.0131643214933	0.380434626143	0.0003271669548637295	23.6688312801	18.48226998
3.71498011489	5.33354490638	0.474769734606	-0.0	-0.0	0.0135363507067	0.380204086843	0.00033334452231929785	24.3957760631	19.7175796722
3.7229341582	5.34020291693	0.464655776141	-0.0	-0.0	0.01388941736	0.379985218939	0.00033908020909371393	25.0944217558	20.8895557415
3.73221387539	5.3499207607	0.455480915321	-0.0	-0.0	0.0142436939733	0.379765523288	0.0003446894705676493	25.8029840472	22.0572965353
3.74149359258	5.35549224438	0.447331937333	-0.0	-0.0	0.0145923324	0.379549248017	0.00035015738803161484	26.5070337957	23.1960790683
3.75475033142	5.35572374645	0.439688975008	-0.0	-0.0	0.0149523432267	0.379325838817	0.0003554280000621389	27.2403583356	24.3640292258
3.75872735307	5.35622047244	0.432931302517	-0.0	-0.0	0.01531051036	0.37910349961	0.00036149755612330394	27.9749073019	25.5062096262
3.76977463544	5.36257861635	0.427254221745	-0.0	-0.0	0.0156541339733	0.378890104256	0.0003665744314645568	28.6831931219	26.5755238135
3.77949624392	5.37409619616	0.42224911525	-0.0	-0.0	0.0160203404533	0.378662606432	0.0003721065373260281	29.4378748691	27.6624145844
3.78524083076	5.37645211931	0.418407460422	-0.0	-0.0	0.0163805580933	0.378438756449	0.0003778504152415114	30.1782394286	28.6660981083
3.79628811312	5.38350580119	0.415771874114	-0.0	-0.0	0.0167494498533	0.378209418306	0.00038309193323703307	30.9291981813	29.5975034821
3.80335837384	5.38634940513	0.413743281865	-0.0	-0.0	0.0171536889067	0.377958017097	0.00038923313202119606	31.7488500551	30.555042659
3.80291648255	5.38497652582	0.41350837672	-0.0	-0.0	0.0172135081733	0.377920811515	0.0003902852786172723	31.8699667083	30.6917850755
3.80291648255	5.38497652582	0.413681004848	-0.0	-0.0	0.0172105263333	0.377922659189	0.0003902214401124	31.8623042664	30.6695785316
3.80556783031	5.38791484033	0.413853499669	-0.0	-0.0	0.0172006025333	0.37792883253	0.0003897689502683516	31.8404057189	30.6336995831
3.80114891737	5.38509705698	0.414127770761	-0.0	-0.0	0.01718904456	0.37793602237	0.00039000785620400905	31.8145267578	30.5852994131
3.80159080866	5.38541014402	0.414313433095	-0.0	-0.0	0.0171828699867	0.377939863338	0.0003898459531878068	31.8004813342	30.555902491
3.80159080866	5.38509705698	0.414610775193	-0.0	-0.0	0.01716859528	0.377948736603	0.0003895843053495738	31.7688071923	30.5000519124
3.79761378701	5.38345864662	0.415060761707	-0.0	-0.0	0.0171501267867	0.377960231244	0.0003896489692514217	31.727376521	30.4218936576
3.79717189571	5.38345864662	0.417151736484	-0.0	-0.0	0.01706294408	0.378014459991	0.0003880793539366299	31.532671013	30.0584327754
3.790101635	5.37880213233	0.424987962458	-0.0	-0.0	0.01674356016	0.378213076904	0.0003828767526691147	30.8241715963	28.7424330389
3.77640300486	5.37665198238	0.433611380779	-0.0	-0.0	0.0164037507733	0.378424333588	0.000377943286952849	30.0789561626	27.3717396756
3.76800707026	5.37007874016	0.441830591621	-0.0	-0.0	0.0160906825333	0.37861889873	0.0003729856503916722	29.400731217	26.1362110585
3.76137870084	5.36263390044	0.45026485892	-0.0	-0.0	0.0157808553067	0.378811388606	0.0003679096010669577	28.7369802157	24.9368284928
3.75342465753	5.35890151515	0.458819152676	-0.0	-0.0	0.0154743623067	0.379001750479	0.0003630242606411041	28.0877813654	23.7801403054
3.74458683164	5.35249526216	0.468001239968	-0.0	-0.0	0.0151550994533	0.379199975941	0.0003579781983256894	27.4192982529	22.6038439867
3.73574900574	5.34894020879	0.477555741851	-0.0	-0.0	0.0148316887067	0.379400721442	0.0003528330578870844	26.75034198	21.4446531885
3.72691117985	5.34410646388	0.487737295468	-0.0	-0.0	0.0144959934	0.379609017981	0.0003474545056824434	26.0639454716	20.2760196349
3.71718957137	5.33523628291	0.498136342319	-0.0	-0.0	0.0141610572533	0.379816768417	0.0003421548783383809	25.3876473483	19.1473905187
3.70437472382	5.32739987285	0.509762174353	-0.0	-0.0	0.0137938848667	0.380044447668	0.00033657595185359777	24.6584231488	17.9574340207
3.69421122404	5.31954169319	0.522336944334	-0.0	-0.0	0.0134071160933	0.380284180753	0.0003303860852923412	23.9017424723	16.7512962458
3.67344233319	5.29563555272	0.536157780196	-0.0	-0.0	0.0129895113467	0.380542922991	0.00032456765190214175	23.0987116852	15.5104143994
3.6557666814	5.28329607154	0.550321543308	-0.0	-0.0	0.0125746587867	0.380799848007	0.0003185062717466715	22.3146237378	14.330476645
3.64516129032	5.27584	0.566336888268	-0.0	-0.0	0.0121117381733	0.381086427223	0.0003109254431755193	21.4556255515	13.0885184267
3.62792752983	5.25985261134	0.584477999893	-0.0	-0.0	0.0115982158533	0.381404168493	0.0003029363226816375	20.5206124339	11.7938297358
3.61201944322	5.2431045542	0.603520450781	-0.0	-0.0	0.0110636225333	0.381734780385	0.00029443572413251416	19.5667925089	10.5451145941
3.58638974812	5.22777061856	0.627270161983	-0.0	-0.0	0.0104102220533	0.382138623226	0.0002845030125736326	18.4319696197	9.14174607256
3.5634114008	5.21338506305	0.656046770671	-0.0	-0.0	0.00965482125333	0.382605179519	0.0002724739924403236	17.1622641792	7.65931319145
3.54396818383	5.190352865	0.685242101299	-0.0	-0.0	0.00892951114667	0.383052820308	0.0002607313157666619	15.9869239992	6.36833259528
