# C		CN		K0		e_x		e_y		e_z		n		overlap		p		q
3.46398585948	5.24573150318	0.736294004278	-0.0	-0.0	1.87240000048e-07	0.388476414392	0.000129433038943	5.58479648856	1.78688602447
3.48652231551	5.24792013311	0.651458316457	-0.0	-0.0	0.000531443826667	0.388151452148	0.000138103621828	6.16328344136	2.7984007186
3.49624392399	5.2426251243	0.576104982986	-0.0	-0.0	0.00134984762667	0.387650508012	0.000151969265456	7.09144415872	4.19015043584
3.52054794521	5.24810543657	0.534996223937	-0.0	-0.0	0.00212068413333	0.387178304696	0.00016399456692	8.00045323723	5.39167324405
3.53910737958	5.25895497864	0.508937972285	-0.0	-0.0	0.00286652962667	0.386721063902	0.00017568876498	8.91271421428	6.50688491473
3.55678303137	5.26243455497	0.490602897287	-0.0	-0.0	0.00361248325333	0.386263415585	0.000187304467991	9.85695986041	7.60310737259
3.56915598763	5.2610821382	0.47729251795	-0.0	-0.0	0.00433858268	0.385817619976	0.000198758532136	10.8057459184	8.66922257709
3.58418029165	5.26950585176	0.467043081713	-0.0	-0.0	0.00503626472	0.385388966446	0.000209531382953	11.7473288939	9.71128431156
3.5965532479	5.27187297472	0.45884063984	-0.0	-0.0	0.00572674384	0.384964443815	0.000220266869994	12.7059381798	10.7566425899
3.6049491825	5.27979274611	0.451753739226	-0.0	-0.0	0.00641326198667	0.384542065777	0.000231131271699	13.6873360055	11.8266371999
3.62262483429	5.2807865893	0.446230711219	-0.0	-0.0	0.00707321445333	0.384135758738	0.00024087982743	14.654196604	12.8642686211
3.6301369863	5.28355326682	0.441604187556	-0.0	-0.0	0.00772982676	0.383731241907	0.000251190335423	15.6388075978	13.9113304554
3.65134776845	5.29294871795	0.437514394968	-0.0	-0.0	0.00836371930667	0.383340469894	0.000260139570727	16.6130446973	14.9511280277
3.66593018118	5.30284617845	0.434004994422	-0.0	-0.0	0.00898968749333	0.382954339806	0.000269370103369	17.5960836366	15.994500322
3.67300044189	5.30226619853	0.430933419939	-0.0	-0.0	0.00960245564	0.382576118011	0.000278901783033	18.5787798138	17.0354224006
3.68979231109	5.3112667091	0.428266576408	-0.0	-0.0	0.01020852716	0.382201801561	0.000287571269424	19.5693884391	18.0796234631
3.70835174547	5.32001268633	0.425884279861	-0.0	-0.0	0.0108068733867	0.381832035254	0.000295941410546	20.5659493327	19.1285807552
3.71895713654	5.32446976891	0.423733123712	-0.0	-0.0	0.0114085767867	0.381459968034	0.000304946359006	21.5855834666	20.1991080073
3.73398144057	5.33333333333	0.421505717081	-0.0	-0.0	0.0121410528933	0.381006736269	0.000315696648286	22.8500281174	21.5168669908
3.74635439682	5.33994959042	0.419790592766	-0.0	-0.0	0.0127213886267	0.380647408104	0.000324164280777	23.8723841783	22.5882640825
3.75961113566	5.34611757309	0.418321999225	-0.0	-0.0	0.0132863232	0.38029741556	0.000332278927715	24.8827331138	23.6416068607
3.76623950508	5.34819466248	0.416955299596	-0.0	-0.0	0.0138520024667	0.379946763487	0.000340972667406	25.9099198152	24.7121775338
3.77463543968	5.35644807029	0.415708040436	-0.0	-0.0	0.01442276032	0.379592765216	0.000349554601176	26.9610939572	25.8048685683
3.78568272205	5.36130244208	0.414392609085	-0.0	-0.0	0.0150851648267	0.379181667897	0.000359372116024	28.1999311234	27.0902584816
3.79540433053	5.36898061288	0.413392979455	-0.0	-0.0	0.0156255701333	0.378846081337	0.000367285047115	29.2253894213	28.1540678519
3.80203269996	5.37070580887	0.412491952649	-0.0	-0.0	0.0161585611733	0.378514923619	0.000375366474536	30.2503159149	29.2150040062
3.80777728679	5.37839525445	0.411732022084	-0.0	-0.0	0.01669558644	0.378181080797	0.000383570563249	31.2944162413	30.2876873627
3.81573133009	5.37998753117	0.411347873742	-0.0	-0.0	0.0169151308667	0.378044558199	0.000386367846596	31.7266184998	30.7389888817
3.81263809103	5.37885874649	0.411634259744	-0.0	-0.0	0.0169067821467	0.378049734568	0.000386512136124	31.7062814579	30.6946939982
3.81219619973	5.38065522621	0.411827210164	-0.0	-0.0	0.0168967420667	0.378055985842	0.000386369752365	31.6837776197	30.6563606582
3.81131241715	5.37909516381	0.412168847041	-0.0	-0.0	0.01688252576	0.378064822014	0.000386192862885	31.6515836051	30.5959586494
3.80910296067	5.37858926342	0.412402956088	-0.0	-0.0	0.0168722147467	0.378071231122	0.000386222838688	31.6282937752	30.5534278505
3.80733539549	5.37870746175	0.412822419974	-0.0	-0.0	0.0168547711067	0.378082084856	0.000386071612712	31.5885996584	30.4792867123
3.80910296067	5.37890137328	0.413227650413	-0.0	-0.0	0.01683766904	0.378092721408	0.000385570471616	31.5496837273	30.4072298529
3.80866106938	5.37964408367	0.41380904666	-0.0	-0.0	0.0168131410133	0.378107971532	0.0003851518124	31.494114288	30.3043041868
3.8068935042	5.37894407998	0.415823355869	-0.0	-0.0	0.01672814476	0.378160830639	0.000383735688384	31.3021670002	29.9500904105
3.79628811312	5.37242026266	0.424584632498	-0.0	-0.0	0.01636665716	0.378385571817	0.000378004276978	30.4914578003	28.4645441517
3.78568272205	5.36454744754	0.433351996682	-0.0	-0.0	0.01601647492	0.378603221832	0.000372473578783	29.7157598927	27.0611346043
3.77640300486	5.35369674185	0.441490895841	-0.0	-0.0	0.0157008088667	0.378799344744	0.000367436596741	29.0240132762	25.8263394669
3.76535572249	5.34808537351	0.449776143368	-0.0	-0.0	0.0153861453067	0.378994783204	0.00036258273999	28.3426100599	24.6291407555
3.76270437472	5.34306340239	0.4585731169	-0.0	-0.0	0.0150615938533	0.379196298646	0.00035675049631	27.6486417968	23.4250017335
3.74988952718	5.33721296005	0.467856109053	-0.0	-0.0	0.0147288175867	0.379402853014	0.000351715364326	26.9454093157	22.2225723777
3.74060980999	5.33028967254	0.477810694729	-0.0	-0.0	0.01438135024	0.379618452799	0.000346066948797	26.2211236504	21.0046644247
3.7313300928	5.32481866919	0.488560031008	-0.0	-0.0	0.0140122525067	0.379847386104	0.000339997384574	25.4621071674	19.7595576773
3.72514361467	5.31776585674	0.500010854165	-0.0	-0.0	0.0136243910667	0.380087878612	0.00033329999276	24.6760053758	18.5064014041
3.70349094123	5.30683977201	0.512711494226	-0.0	-0.0	0.0132094509467	0.380345047187	0.00032747122211	23.8494437666	17.2135300371
3.68714096332	5.30324221233	0.526383441551	-0.0	-0.0	0.01277572772	0.380613746675	0.000320809353347	23.0004765434	15.9200832294
3.6637207247	5.28161834979	0.54126253099	-0.0	-0.0	0.01231776044	0.380897343526	0.000314304609135	22.1214755614	14.6187192103
3.64250994255	5.26477163845	0.557767186856	-0.0	-0.0	0.01182521716	0.381202202583	0.000306938128231	21.1951224214	13.2919304879
3.61997348652	5.25168323181	0.576005119187	-0.0	-0.0	0.0113024593733	0.38152560242	0.000299066114621	20.2325609053	11.9588217053
3.60229783473	5.24083601286	0.591588781066	-0.0	-0.0	0.0108728496533	0.381791247966	0.000292526838788	19.458940984	10.9206643715
3.60450729121	5.24308681672	0.590912450561	-0.0	-0.0	0.0108816798667	0.381785789027	0.000292515759404	19.4749819349	10.9545536367
3.60760053027	5.24533762058	0.590688166152	-0.0	-0.0	0.0108864721867	0.38178282634	0.000292350963074	19.4832795443	10.9674842826
3.60406539991	5.24477323898	0.590106339311	-0.0	-0.0	0.0108968437467	0.38177641443	0.000292825111141	19.5013794423	10.9991450189
3.60848431286	5.24790996785	0.589272173471	-0.0	-0.0	0.0109103873067	0.381768041425	0.000292717635081	19.5255001837	11.0436121215
3.60936809545	5.24951768489	0.588264297977	-0.0	-0.0	0.0109278105333	0.381757269735	0.000292965815007	19.556244273	11.0984123705
3.61246133451	5.25136612022	0.586043917447	-0.0	-0.0	0.0109653968133	0.381734036828	0.000293407359026	19.6229829755	11.2192329841
3.61953159523	5.25883108542	0.566305936094	-0.0	-0.0	0.01131748792	0.381516307578	0.000299306532566	20.2536957712	12.3565489004
3.63985859479	5.271446863	0.546839087745	-0.0	-0.0	0.0117002902933	0.381279505232	0.000304660467609	20.9509448786	13.6040238728
3.65267344233	5.28301886792	0.529894113797	-0.0	-0.0	0.01206754608	0.381052234819	0.000310324061963	21.6308865893	14.8104649398
3.66504639859	5.29488817891	0.514824717615	-0.0	-0.0	0.0124285490533	0.380828752499	0.000315886932422	22.3091084997	15.9985677746
3.67697746354	5.30219955371	0.500994312219	-0.0	-0.0	0.01279275704	0.380603210816	0.000321538702586	23.003187019	17.2009785962
3.6889085285	5.31053133948	0.488164446432	-0.0	-0.0	0.0131643214933	0.380373015721	0.000327301123925	23.7211236029	18.4301021066
3.70304904993	5.33110474371	0.476515985244	-0.0	-0.0	0.0135363507067	0.380142453496	0.000332852852368	24.4496219338	19.6601793149
3.71144498453	5.33725365544	0.466459084552	-0.0	-0.0	0.01388941736	0.379923563827	0.000338560413863	25.1500906369	20.8264414859
3.71630578878	5.3453100159	0.457306872192	-0.0	-0.0	0.0142436939733	0.379703852989	0.00034458800639	25.8607941941	21.9905586649
3.72823685373	5.34812935954	0.449177836225	-0.0	-0.0	0.0145923324	0.379487558466	0.000349841099091	26.5674165027	23.1262066265
3.73663278833	5.35721077655	0.441619257586	-0.0	-0.0	0.0149523432267	0.379264119745	0.000355594244273	27.3033922991	24.286390183
3.75077330977	5.36685641999	0.434914937503	-0.0	-0.0	0.01531051036	0.379041752582	0.000360712814719	28.0398279571	25.4219190933
3.75916924437	5.3708149084	0.42927514146	-0.0	-0.0	0.0156541339733	0.378828343052	0.000366076285775	28.7506696045	26.4863243041
3.76403004861	5.3780795957	0.424265952845	-0.0	-0.0	0.0160203404533	0.378600819797	0.000372122875659	29.5086790898	27.5718550266
3.7733097658	5.38335435057	0.420506887056	-0.0	-0.0	0.0163805580933	0.378376945986	0.000377537085409	30.2515780133	28.566729963
3.78303137428	5.38885390428	0.417842643244	-0.0	-0.0	0.0167494498533	0.378147586606	0.000382941684237	31.0060281173	29.4991535398
3.79319487406	5.39409176618	0.415838524553	-0.0	-0.0	0.0171536889067	0.37789615876	0.000388803861452	31.8280879716	30.4519994492
3.79717189571	5.39786297926	0.415592896017	-0.0	-0.0	0.0172135081733	0.377858943851	0.000389411061993	31.9495692291	30.5892858735
3.7980556783	5.39849151477	0.415767915935	-0.0	-0.0	0.0172105263333	0.377860798974	0.000389256013246	31.9418281685	30.5668726459
3.79673000442	5.39893115373	0.415958456561	-0.0	-0.0	0.0172006025333	0.37786696508	0.000389208881208	31.9196619235	30.5293463076
3.79496243924	5.39704495442	0.416216457582	-0.0	-0.0	0.01718904456	0.377874156668	0.000389176710918	31.8939250984	30.4826688413
3.79540433053	5.39767368752	0.416370175002	-0.0	-0.0	0.0171828699867	0.377877999284	0.000389015605955	31.8799444092	30.4561740725
3.79319487406	5.3965408805	0.416714702224	-0.0	-0.0	0.01716859528	0.377886885136	0.00038897530223	31.8477358745	30.3960153436
3.79319487406	5.39559748428	0.417149731491	-0.0	-0.0	0.0171501267867	0.377898374764	0.000388632015997	31.8062773789	30.319417878
3.78921785241	5.39182389937	0.419259434468	-0.0	-0.0	0.01706294408	0.377952608904	0.000387414039123	31.6105513104	29.9548670752
3.78038002651	5.38507556675	0.427142626151	-0.0	-0.0	0.01674356016	0.378151247484	0.000382358335541	30.8986442981	28.637205963
3.76358815731	5.38286436927	0.435861741764	-0.0	-0.0	0.0164037507733	0.378362523259	0.000377710961699	30.1497460961	27.2614390939
3.75695978789	5.38069620253	0.444143187774	-0.0	-0.0	0.0160906825333	0.378557107749	0.000372552248913	29.4684447192	26.0239695975
3.75077330977	5.37472283814	0.452573832325	-0.0	-0.0	0.0157808553067	0.378749617853	0.000367407430918	28.8020515488	24.8279915406
3.74060980999	5.36418383518	0.461147101314	-0.0	-0.0	0.0154743623067	0.378939995311	0.000362712282728	28.1503269705	23.6730963444
3.73619089704	5.35657686212	0.470329448025	-0.0	-0.0	0.0151550994533	0.37913824731	0.000357214589889	27.4792731827	22.500031032
3.72425983208	5.34612944162	0.479908288762	-0.0	-0.0	0.0148316887067	0.379339008207	0.000352354129626	26.8075185242	21.3423567438
3.71365444101	5.34075015893	0.490085889624	-0.0	-0.0	0.0144959934	0.379547326221	0.000347114941447	26.1188865683	20.1776264283
3.70260715864	5.33121221763	0.50041970824	-0.0	-0.0	0.0141610572533	0.379755103451	0.000341929062862	25.4408047703	19.0565887973
3.68846663721	5.32280701754	0.511972191551	-0.0	-0.0	0.0137938848667	0.379982798446	0.000336435369655	24.7085173657	17.87367827
3.66504639859	5.30454254639	0.524510628189	-0.0	-0.0	0.0134071160933	0.38022255537	0.000331419931653	23.9491063008	16.672660874
3.65709235528	5.29408	0.538338112963	-0.0	-0.0	0.0129895113467	0.380481323338	0.000324456665097	23.1429355226	15.4345840987
3.6389748122	5.28232274623	0.552513405072	-0.0	-0.0	0.0125746587867	0.380738278944	0.000318437665815	22.3565744231	14.2576816332
3.62306672559	5.26598136845	0.568559687025	-0.0	-0.0	0.0121117381733	0.381024881617	0.000311294533949	21.4943039654	13.0177696332
3.60318161732	5.24919510625	0.586710390428	-0.0	-0.0	0.0115982158533	0.381342657556	0.000303525178879	20.5556217639	11.7263416751
3.5885992046	5.24144609425	0.605842886268	-0.0	-0.0	0.0110636225333	0.381673299252	0.000294876527209	19.5988333646	10.4784590389
3.56738842245	5.22563936549	0.629955006224	-0.0	-0.0	0.0104102220533	0.382077175944	0.00028454313221	18.4585516405	9.06738930659
3.54750331418	5.2038897893	0.658804193	-0.0	-0.0	0.00965482125333	0.382543785384	0.00027219900348	17.182695012	7.58885348337
3.51568714096	5.17767653759	0.687995020377	-0.0	-0.0	0.00892951114667	0.382991470242	0.000261345904796	16.0023006045	6.30406363881
