# C		CN		K0		e_x		e_y		e_z		n		overlap		p		q
3.44410075122	5.23731092437	0.735434267779	-0.0	-0.0	1.87240000048e-07	0.38851345167	0.000130187783217	5.58650533376	1.79450810869
3.46486964207	5.24397590361	0.650708674186	-0.0	-0.0	0.000531443826667	0.388188509107	0.000138892802566	6.16190969994	2.80562099285
3.48475475033	5.24708624709	0.57424309135	-0.0	-0.0	0.00134984762667	0.387687595311	0.000152332804105	7.08621442954	4.21274026407
3.50596553248	5.24718729318	0.532956566338	-0.0	-0.0	0.00212068413333	0.387215420595	0.000164499281262	7.99133812692	5.41983388262
3.52143172779	5.24884640738	0.506550985571	-0.0	-0.0	0.00286652962667	0.386758207494	0.000176327432033	8.89925760035	6.54412437371
3.54882898807	5.25753604194	0.487894546598	-0.0	-0.0	0.00361248325333	0.386300586894	0.000187439061414	9.83930647293	7.65075966838
3.56783031374	5.25610948192	0.474472154318	-0.0	-0.0	0.00433858268	0.385854818285	0.00019852696652	10.7846210725	8.72413642651
3.57666813964	5.26488773186	0.464163292985	-0.0	-0.0	0.00503626472	0.385426193088	0.00020967253331	11.7221602173	9.77193973623
3.59213433495	5.26921829387	0.455641480635	-0.0	-0.0	0.00572674384	0.385001693797	0.000220273853284	12.6791933078	10.833602929
3.60892620415	5.2742248062	0.448466099166	-0.0	-0.0	0.00641326198667	0.38457934134	0.000230692610141	13.6596150934	11.9146179336
3.61643835616	5.27912229752	0.442770742539	-0.0	-0.0	0.00707321445333	0.38417305891	0.000241172324203	14.6264260693	12.9675309757
3.63323022536	5.27988431877	0.437760425706	-0.0	-0.0	0.00772982676	0.383768566579	0.000250958389252	15.6127576135	14.0410758764
3.65178965974	5.28690361832	0.43369375366	-0.0	-0.0	0.00836371930667	0.383377818233	0.000260160956876	16.5858219509	15.0895106687
3.66681396376	5.29396744335	0.429997082927	-0.0	-0.0	0.00898968749333	0.382991711531	0.000269432026059	17.5689676223	16.1522487197
3.67520989837	5.29891650733	0.426915440892	-0.0	-0.0	0.00960245564	0.382613512644	0.000278933001708	18.5500483093	17.2034240468
3.68448961555	5.3012086514	0.424108377301	-0.0	-0.0	0.01020852716	0.382239218864	0.000288258567708	19.5414761223	18.26696847
3.69686257181	5.30647208122	0.421544045488	-0.0	-0.0	0.0108068733867	0.381869479852	0.000297200121078	20.5402686105	19.3397820916
3.71232876712	5.31465653688	0.419398431934	-0.0	-0.0	0.0114085767867	0.381497430267	0.00030587578253	21.5608293661	20.4235469149
3.72558550597	5.32322274882	0.416927049119	-0.0	-0.0	0.0121410528933	0.381044225952	0.000316868716741	22.8296825875	21.7760568959
3.74370304905	5.3281938326	0.415225360924	-0.0	-0.0	0.0127213886267	0.38068491955	0.000324867113829	23.8523139987	22.8603176418
3.75916924437	5.33417006589	0.413703316272	-0.0	-0.0	0.0132863232	0.380334948203	0.000332815206117	24.8643677341	23.9321058913
3.76889085285	5.3358372457	0.412327459237	-0.0	-0.0	0.0138520024667	0.379984317873	0.000341260533407	25.8937829669	25.0190845492
3.77772867875	5.34438536128	0.411069176283	-0.0	-0.0	0.01442276032	0.379630337539	0.000349849797652	26.9477976655	26.1292815458
3.79584622183	5.35224438903	0.409695369284	-0.0	-0.0	0.0150851648267	0.379219273212	0.000359074601592	28.1914382132	27.440290045
3.80777728679	5.35843186061	0.408701134222	-0.0	-0.0	0.0156255701333	0.378883701881	0.000366831464796	29.2208148083	28.5213157592
3.81926646045	5.35949131514	0.407779505357	-0.0	-0.0	0.0161585611733	0.378552566751	0.000374478048513	30.2493922442	29.6013127612
3.82235969951	5.3611283323	0.406981992913	-0.0	-0.0	0.01669558644	0.378218742527	0.000382973177945	31.2966841145	30.6943755008
3.82677861246	5.36701797892	0.406670610709	-0.0	-0.0	0.0169151308667	0.378082218022	0.000386129023755	31.7282185349	31.1446367141
3.82545293858	5.36546807192	0.406951196272	-0.0	-0.0	0.0169067821467	0.378087410218	0.000386094307151	31.7079048658	31.1003532385
3.82545293858	5.36515809051	0.407144400504	-0.0	-0.0	0.0168967420667	0.378093648326	0.000385909396497	31.6855269756	31.0616624212
3.82456915599	5.36484810911	0.407476121168	-0.0	-0.0	0.01688252576	0.378102490392	0.000385730748383	31.653265916	31.0013378767
3.82589482987	5.36546807192	0.407707587375	-0.0	-0.0	0.0168722147467	0.378108907747	0.000385402644456	31.6298948965	30.9584501989
3.8236853734	5.36496124031	0.408112779244	-0.0	-0.0	0.0168547711067	0.378119755697	0.000385297219489	31.5903922022	30.8848469108
3.82280159081	5.3677839851	0.408508525297	-0.0	-0.0	0.01683766904	0.378130391044	0.000385065337992	31.5516785647	30.8129451138
3.82059213433	5.36727724309	0.409078950835	-0.0	-0.0	0.0168131410133	0.378145643516	0.00038482756618	31.4962258763	30.7098456451
3.81838267786	5.36448307979	0.411064866599	-0.0	-0.0	0.01672814476	0.378198495108	0.000383453792569	31.3041987969	30.353726453
3.80424215643	5.356565028	0.419712904058	-0.0	-0.0	0.01636665716	0.378423224555	0.000378074959538	30.4936491426	28.8596653818
3.790101635	5.35070202808	0.428411064146	-0.0	-0.0	0.01601647492	0.378640848581	0.000372882278656	29.7172026015	27.4437017193
3.78391515687	5.34864104967	0.436475280569	-0.0	-0.0	0.0157008088667	0.378836960841	0.000367556593037	29.025714479	26.1993689755
3.77596111357	5.34469815452	0.444733766299	-0.0	-0.0	0.0153861453067	0.379032394742	0.000362425825103	28.344145222	24.988860343
3.77021652673	5.34063869756	0.453486522334	-0.0	-0.0	0.0150615938533	0.37923389798	0.00035687341522	27.6485844877	23.7711656751
3.76403004861	5.33960489182	0.462740231677	-0.0	-0.0	0.0147288175867	0.379440439838	0.000351202411655	26.9442697753	22.5544830176
3.75077330977	5.33647798742	0.472676994501	-0.0	-0.0	0.01438135024	0.379656019664	0.000345923457869	26.2197734912	21.3220162074
3.73442333186	5.32514177694	0.483520356422	-0.0	-0.0	0.0140122525067	0.379884951868	0.000340519698509	25.4607965046	20.0554818485
3.72602739726	5.31661936298	0.495177716442	-0.0	-0.0	0.0136243910667	0.380125423946	0.000334014725686	24.6749175764	18.7752117512
3.70879363677	5.30414163769	0.507905542133	-0.0	-0.0	0.0132094509467	0.380382581421	0.00032776806471	23.8482913955	17.4653450171
3.68979231109	5.29904761905	0.521718047858	-0.0	-0.0	0.01277572772	0.380651265615	0.000321325615324	22.9993318421	16.14951212
3.6725585506	5.28794145721	0.536646883166	-0.0	-0.0	0.01231776044	0.380934842131	0.000314291783143	22.1211870339	14.8313583825
3.66195315952	5.28020401658	0.553173809801	-0.0	-0.0	0.01182521716	0.381239683435	0.000306031746112	21.1943078033	13.4880468754
3.64604507291	5.27261105785	0.571382043424	-0.0	-0.0	0.0113024593733	0.381563060677	0.000297605215846	20.2306824558	12.1402544884
3.62704374724	5.25648414986	0.586921482025	-0.0	-0.0	0.0108728496533	0.381828690135	0.00029119064604	19.4575759679	11.0921167404
3.62836942112	5.25608194622	0.586251714995	-0.0	-0.0	0.0108816798667	0.381823231526	0.000291252019313	19.4736146591	11.1261154622
3.62836942112	5.25953220122	0.586065162263	-0.0	-0.0	0.0108864721867	0.381820269018	0.000291333222851	19.4816785552	11.1376541645
3.62969509501	5.26049343159	0.585398815558	-0.0	-0.0	0.0108968437467	0.381813863089	0.000291420052473	19.5002383979	11.1730662787
3.62792752983	5.25889138097	0.584641632791	-0.0	-0.0	0.0109103873067	0.381805484999	0.000291809300702	19.5240618872	11.214970302
3.62836942112	5.25921179109	0.583607382773	-0.0	-0.0	0.0109278105333	0.381794713962	0.00029209472639	19.5549844856	11.2714502954
3.63234644278	5.26401794297	0.581388542414	-0.0	-0.0	0.0109653968133	0.381771477488	0.000292468154478	19.6218123193	11.3935673442
3.64295183385	5.27656850192	0.561701689471	-0.0	-0.0	0.01131748792	0.381553766399	0.000298095346817	20.2535052675	12.5417674697
3.65046398586	5.28182981446	0.542247126796	-0.0	-0.0	0.0117002902933	0.381316978394	0.00030451831749	20.9517632525	13.8029593667
3.65444100751	5.28717620723	0.525344096088	-0.0	-0.0	0.01206754608	0.381089721746	0.000310925097569	21.632177652	15.0210659175
3.66769774635	5.30022357074	0.510261136124	-0.0	-0.0	0.0124285490533	0.380866252962	0.000316416290197	22.3108637755	16.2232763691
3.67653557225	5.31098339719	0.4963944634	-0.0	-0.0	0.01279275704	0.380640718438	0.000322334620135	23.0056711509	17.4415612346
3.68316394167	5.31483253589	0.483541692683	-0.0	-0.0	0.0131643214933	0.380410543785	0.000328569120785	23.7242507388	18.6864265187
3.70039770217	5.32749840866	0.471840520322	-0.0	-0.0	0.0135363507067	0.380179995525	0.000333843751088	24.4532663996	19.9341726157
3.70835174547	5.33280356008	0.461807238994	-0.0	-0.0	0.01388941736	0.379961125501	0.000339600910988	25.1543883347	21.1132373938
3.71851524525	5.34137821531	0.452726818734	-0.0	-0.0	0.0142436939733	0.379741414923	0.000345168703382	25.8660521228	22.2872858521
3.72823685373	5.35025380711	0.444592179361	-0.0	-0.0	0.0145923324	0.379525131245	0.000350637733585	26.5734638586	23.4372726733
3.73795846222	5.35445042762	0.437039177998	-0.0	-0.0	0.0149523432267	0.379301713361	0.000356278369314	27.310449213	24.6116383913
3.74502872293	5.35240202276	0.430337260342	-0.0	-0.0	0.01531051036	0.379079359817	0.000362096023293	28.0491760289	25.7625451697
3.75430844012	5.35910381824	0.424655266493	-0.0	-0.0	0.0156541339733	0.378865960416	0.000367396565056	28.7615851195	26.8443177563
3.76535572249	5.36303526448	0.419553149074	-0.0	-0.0	0.0160203404533	0.378638460821	0.000372866724467	29.5225050972	27.9531071136
3.7728678745	5.3679245283	0.415729533113	-0.0	-0.0	0.0163805580933	0.378414590391	0.000378473441018	30.2668059764	28.9670697835
3.78082191781	5.37523570082	0.413090204025	-0.0	-0.0	0.0167494498533	0.378185255412	0.000384068354223	31.0205920113	29.9088018601
3.7896597437	5.37672521957	0.41109742484	-0.0	-0.0	0.0171536889067	0.377933836837	0.000390076818863	31.842387546	30.8727642848
3.79098541759	5.37923462986	0.410856520534	-0.0	-0.0	0.0172135081733	0.377896624182	0.000390955906435	31.9639545214	31.0115066858
3.79142730888	5.37954830615	0.411025849278	-0.0	-0.0	0.0172105263333	0.377898479192	0.000390845848759	31.9562294454	30.9893398405
3.78833406982	5.37735257215	0.411212735562	-0.0	-0.0	0.0172006025333	0.377904652497	0.000390981088388	31.9340106503	30.9516176182
3.78789217852	5.37778475055	0.411470107085	-0.0	-0.0	0.01718904456	0.377911841393	0.00039081281312	31.9082358059	30.9043880692
3.78833406982	5.37841229997	0.411622052333	-0.0	-0.0	0.0171828699867	0.377915684009	0.000390651744952	31.8942684665	30.8777373935
3.79098541759	5.37923462986	0.411955861149	-0.0	-0.0	0.01716859528	0.377924564017	0.000390111825665	31.8620758335	30.8177858333
3.78789217852	5.37809852526	0.412395589391	-0.0	-0.0	0.0171501267867	0.377936047743	0.000390085247772	31.8205072396	30.7397426389
3.78612461335	5.37896389325	0.414485657896	-0.0	-0.0	0.01706294408	0.377990278057	0.000388636190143	31.6244563614	30.3721101599
3.77640300486	5.37295597484	0.422309091002	-0.0	-0.0	0.01674356016	0.378188911742	0.000383659758401	30.9114445201	29.0422061174
3.77154220062	5.36929852155	0.430959645	-0.0	-0.0	0.0164037507733	0.378400172339	0.000377808699453	30.161631896	27.6540220841
3.76137870084	5.35725527227	0.439176062397	-0.0	-0.0	0.0160906825333	0.378594745795	0.000372977287757	29.4792029154	26.405021356
3.74679628811	5.35258838384	0.447541237793	-0.0	-0.0	0.0157808553067	0.378787243472	0.000368636865499	28.8118145129	25.1978574882
3.74281926646	5.35071090047	0.456048395336	-0.0	-0.0	0.0154743623067	0.378977608254	0.000363315152337	28.1591912318	24.0321054844
3.73000441891	5.34526449161	0.465154502882	-0.0	-0.0	0.0151550994533	0.379175850159	0.000358615898637	27.4873649098	22.8484040209
3.72116659302	5.343383053	0.474691919689	-0.0	-0.0	0.0148316887067	0.379376595067	0.000353437492164	26.8150680131	21.6778834678
3.70658418029	5.33630289532	0.484916609669	-0.0	-0.0	0.0144959934	0.379584904294	0.000348580590039	26.1267151097	20.495294015
3.69686257181	5.33025183296	0.495410813751	-0.0	-0.0	0.0141610572533	0.37979266894	0.000343273763505	25.4491185579	19.3508295969
3.68669907203	5.31855867347	0.50708996913	-0.0	-0.0	0.0137938848667	0.380020350144	0.000337408012135	24.7165002517	18.1458627464
3.66769774635	5.30457015021	0.519614772332	-0.0	-0.0	0.0134071160933	0.380260092547	0.000331988276701	23.9569228756	16.9307352573
3.65930181175	5.29622520793	0.533309391033	-0.0	-0.0	0.0129895113467	0.380518844843	0.000325053870329	23.150806618	15.6839724855
3.64516129032	5.28420378084	0.547366609999	-0.0	-0.0	0.0125746587867	0.380775784886	0.000318661720253	22.3641665188	14.4974573506
3.63941670349	5.27217419148	0.56341325376	-0.0	-0.0	0.0121117381733	0.381062370201	0.000310657095132	21.5020764263	13.2415900655
3.6301369863	5.2641025641	0.5815050611	-0.0	-0.0	0.0115982158533	0.381380126894	0.000301999388896	20.5633124832	11.9356476138
3.60892620415	5.24477995503	0.600434269322	-0.0	-0.0	0.0110636225333	0.381710748564	0.000293883050689	19.6049547165	10.6777864084
3.58506407424	5.23017408124	0.624380969008	-0.0	-0.0	0.0104102220533	0.382114607103	0.000283725285777	18.4635041032	9.25208231612
3.55324790102	5.20965651329	0.652914221506	-0.0	-0.0	0.00965482125333	0.382581181975	0.00027228719687	17.1880456684	7.76171301428
3.52319929297	5.19081732335	0.681925616629	-0.0	-0.0	0.00892951114667	0.383028839719	0.000261329956365	16.0101132629	6.46285201726
