# C		CN		K0		e_x		e_y		e_z		n		overlap		p		q
3.47856827221	5.26630980261	0.736627266278	-0.0	-0.0	1.87240000048e-07	0.386360414269	0.000140996871291	5.58625720963	1.7846135283
3.50905877154	5.26992031873	0.6547432221	-0.0	-0.0	0.000531443826667	0.386034327587	0.000149303808013	6.11745047271	2.7435855852
3.53336279275	5.27293729373	0.574574048341	-0.0	-0.0	0.00134984762667	0.385531650079	0.000162723003779	6.97571695367	4.14254982442
3.54794520548	5.28176431863	0.528724120006	-0.0	-0.0	0.00212068413333	0.38505781284	0.000175417519483	7.81849586493	5.37267734952
3.56562085727	5.2823452342	0.498954309965	-0.0	-0.0	0.00286652962667	0.384598989897	0.000187296596522	8.6632983837	6.5178781552
3.57887759611	5.28674069236	0.477733492607	-0.0	-0.0	0.00361248325333	0.38413975802	0.000199244483274	9.53685485147	7.6413152139
3.58462218294	5.28054740958	0.462087712679	-0.0	-0.0	0.00433858268	0.383692419865	0.000211155683088	10.4136482578	8.7335530013
3.60185594344	5.28617780662	0.450279056579	-0.0	-0.0	0.00503626472	0.383262283104	0.000221830051556	11.2797377102	9.78771658593
3.61025187804	5.29057337221	0.440946947927	-0.0	-0.0	0.00572674384	0.382836294607	0.000232873460945	12.1609201402	10.8379110034
3.61953159523	5.29731478486	0.433416292488	-0.0	-0.0	0.00641326198667	0.38241245198	0.000243766735112	13.0606640516	11.8917349962
3.63190455148	5.29561573179	0.427022223267	-0.0	-0.0	0.00707321445333	0.382004739034	0.000254023598009	13.9498091042	12.9332346179
3.65399911622	5.30051314945	0.42167320825	-0.0	-0.0	0.00772982676	0.381598822489	0.000263484602219	14.855454242	13.9821366969
3.66593018118	5.30210997442	0.417127579575	-0.0	-0.0	0.00836371930667	0.381206698323	0.000273253283614	15.7500323513	15.0146931837
3.67653557225	5.30685805423	0.413134751965	-0.0	-0.0	0.00898968749333	0.380819232144	0.000282969857161	16.6526416443	16.0538025433
3.69288555015	5.31540420115	0.409700659756	-0.0	-0.0	0.00960245564	0.380439705853	0.000291994018126	17.5542780667	17.0862997352
3.69951391958	5.32463399109	0.406605411868	-0.0	-0.0	0.01020852716	0.380064092063	0.000301665975826	18.4650333807	18.1286986615
3.7140963323	5.32688649334	0.403851496937	-0.0	-0.0	0.0108068733867	0.379693042649	0.000310536807133	19.3814177828	19.1749472744
3.72823685373	5.33238456673	0.401404899775	-0.0	-0.0	0.0114085767867	0.379319689531	0.000319455773978	20.3191914134	20.2400193691
3.74900574459	5.33501100975	0.398626750036	-0.0	-0.0	0.0121410528933	0.378864889489	0.000329990797886	21.4839959142	21.5660736417
3.75475033142	5.33993710692	0.39662241919	-0.0	-0.0	0.0127213886267	0.378504317973	0.000339274345271	22.4248842414	22.6360708486
3.77242598321	5.35058011916	0.394769623572	-0.0	-0.0	0.0132863232	0.378153119217	0.000347207008899	23.3564768288	23.6978025808
3.78833406982	5.35959974984	0.393080172122	-0.0	-0.0	0.0138520024667	0.377801248979	0.000355293081177	24.3037419404	24.7745219338
3.80114891737	5.35899033967	0.391468737221	-0.0	-0.0	0.01442276032	0.377446022791	0.000363724401224	25.2748051926	25.8794983124
3.81219619973	5.36924034869	0.389760614647	-0.0	-0.0	0.0150851648267	0.377033503618	0.000373833540288	26.419908789	27.1800110643
3.81175430844	5.36756924992	0.388425987962	-0.0	-0.0	0.0156255701333	0.376696758237	0.00038299191031	27.369082876	28.2604629655
3.81573133009	5.37317149082	0.387161613984	-0.0	-0.0	0.0161585611733	0.376364454644	0.000391565954531	28.3174272622	29.3419025564
3.82898806894	5.38358719304	0.386152857811	-0.0	-0.0	0.01669558644	0.376029456656	0.000399218122794	29.2824038875	30.4263307132
3.832081308	5.38342129773	0.385644492288	-0.0	-0.0	0.0169151308667	0.375892454242	0.0004026018965	29.6822141475	30.8850197253
3.83119752541	5.38385093168	0.38589827497	-0.0	-0.0	0.0169067821467	0.375897659101	0.000402526372091	29.6639399737	30.8444161542
3.83296509059	5.38645542094	0.386067039286	-0.0	-0.0	0.0168967420667	0.375903928845	0.000402154974402	29.6436591155	30.8089883727
3.8316394167	5.38626476072	0.386369884168	-0.0	-0.0	0.01688252576	0.375912801123	0.000402025963404	29.6144735057	30.7529618259
3.83119752541	5.3859540087	0.386577803868	-0.0	-0.0	0.0168722147467	0.37591923264	0.000401879679269	29.5934401965	30.7135025216
3.83075563411	5.38533250466	0.386947863729	-0.0	-0.0	0.0168547711067	0.375930122207	0.000401596619582	29.5576094251	30.6450181721
3.82898806894	5.38514143612	0.387304683283	-0.0	-0.0	0.01683766904	0.375940789426	0.000401459722274	29.5225813796	30.5785842611
3.82766239505	5.38420889027	0.387819300952	-0.0	-0.0	0.0168131410133	0.375956094504	0.000401136172648	29.4723458388	30.4832322166
3.82456915599	5.38121890547	0.389612578621	-0.0	-0.0	0.01672814476	0.37600913375	0.000399855313326	29.2984987186	30.153747001
3.81263809103	5.36943666355	0.397445186655	-0.0	-0.0	0.01636665716	0.376234665086	0.000394256045662	28.5639172393	28.7672039638
3.80954485197	5.36539060068	0.405316263961	-0.0	-0.0	0.01601647492	0.376453052825	0.000387963370092	27.8602613072	27.4512536792
3.80114891737	5.36221945137	0.412590176491	-0.0	-0.0	0.0157008088667	0.376649859926	0.000382843681719	27.2322539539	26.2930073667
3.7980556783	5.36057392389	0.420071654305	-0.0	-0.0	0.0153861453067	0.376845974644	0.00037719664832	26.6130554054	25.1616248413
3.78877596111	5.3578125	0.428035542018	-0.0	-0.0	0.0150615938533	0.377048187372	0.000371970251366	25.9815314575	24.0193051098
3.77817057004	5.35736677116	0.436473567221	-0.0	-0.0	0.0147288175867	0.377255456462	0.000366720328359	25.3416514617	22.8741487461
3.76889085285	5.34974905897	0.445607989495	-0.0	-0.0	0.01438135024	0.377471799061	0.00036104737859	24.6810352117	21.7050335092
3.7560760053	5.34192331867	0.455541856593	-0.0	-0.0	0.0140122525067	0.37770152534	0.000355301031034	23.989022924	20.503056135
3.74988952718	5.33784208871	0.466243462087	-0.0	-0.0	0.0136243910667	0.377942852392	0.00034859801712	23.2736992859	19.2847190838
3.73177198409	5.32576474298	0.478087129542	-0.0	-0.0	0.0132094509467	0.378200915315	0.000342494754645	22.5205073603	18.0256067464
3.71674768007	5.31878557875	0.490883605918	-0.0	-0.0	0.01277572772	0.378470544042	0.000335736236585	21.7463544791	16.7599284781
3.70702607159	5.31568938193	0.504903043414	-0.0	-0.0	0.01231776044	0.378755120529	0.000328027064834	20.9428672282	15.4772391647
3.68581528944	5.29860228717	0.520521709148	-0.0	-0.0	0.01182521716	0.379061035176	0.000320682048961	20.0960774408	14.1628043447
3.66460450729	5.2772119669	0.537680152096	-0.0	-0.0	0.0113024593733	0.379385551026	0.000312766684571	19.2174187265	12.8429662331
3.64869642068	5.26602870813	0.552337695305	-0.0	-0.0	0.0108728496533	0.379652115762	0.000306107689525	18.5102609382	11.8113407546
3.64869642068	5.26675175495	0.551841217091	-0.0	-0.0	0.0108816798667	0.379646637934	0.000306271636138	18.5246258806	11.8392020396
3.64958020327	5.26738991704	0.551506473625	-0.0	-0.0	0.0108864721867	0.379643664995	0.000306289465617	18.5326450085	11.8569474198
3.65046398586	5.26898532227	0.551027551337	-0.0	-0.0	0.0108968437467	0.379637230898	0.000306405840896	18.5493411362	11.8857156985
3.65046398586	5.26866624123	0.550334019381	-0.0	-0.0	0.0109103873067	0.379628828921	0.000306655855656	18.5712459964	11.9260026642
3.65002209456	5.26866624123	0.549421206514	-0.0	-0.0	0.0109278105333	0.379618019959	0.00030701596029	18.5996231703	11.9788828099
3.65134776845	5.26994256541	0.547454811752	-0.0	-0.0	0.0109653968133	0.37959470167	0.000307602071358	18.6608862509	12.0934490728
3.66151126823	5.2825255102	0.529997376898	-0.0	-0.0	0.01131748792	0.379376224022	0.000313265562743	19.2397967172	13.1690941082
3.67653557225	5.29754698949	0.512649786496	-0.0	-0.0	0.0117002902933	0.37913860229	0.000319080731222	19.8796458124	14.3509875185
3.69200176757	5.31339484569	0.497415373081	-0.0	-0.0	0.01206754608	0.378910545474	0.000324546300916	20.5035718216	15.4972245354
3.70216526734	5.32147395172	0.48366667048	-0.0	-0.0	0.0124285490533	0.378686289858	0.000330352572059	21.1262746413	16.633987996
3.71542200619	5.32878883957	0.470994653129	-0.0	-0.0	0.01279275704	0.378459961251	0.00033592315464	21.7631432695	17.7850914789
3.72823685373	5.34029756252	0.459195573619	-0.0	-0.0	0.0131643214933	0.378228976135	0.000341647590424	22.4217009528	18.9623817954
3.73663278833	5.3446095479	0.44834762086	-0.0	-0.0	0.0135363507067	0.377997616116	0.00034777845262	23.0903045972	20.1473929801
3.74679628811	5.35238395958	0.438875921354	-0.0	-0.0	0.01388941736	0.377777969043	0.000353385073853	23.7328607315	21.27610152
3.75475033142	5.36205808081	0.430246927584	-0.0	-0.0	0.0142436939733	0.377557491277	0.000359197925367	24.3845060629	22.402353886
3.75828546178	5.36636162827	0.422498190058	-0.0	-0.0	0.0145923324	0.377340448955	0.000365310784924	25.0325670707	23.5063108198
3.76623950508	5.37488166614	0.415190407605	-0.0	-0.0	0.0149523432267	0.377116242444	0.000371180661826	25.7085992347	24.6418154865
3.76623950508	5.37922323966	0.408642807751	-0.0	-0.0	0.01531051036	0.376893105083	0.00037777004203	26.3865908354	25.7591324165
3.77640300486	5.37814861461	0.402966009945	-0.0	-0.0	0.0156541339733	0.376678954048	0.000383042855037	27.0419072592	26.8198430702
3.78038002651	5.3786163522	0.397783956723	-0.0	-0.0	0.0160203404533	0.376450648041	0.000389293043118	27.7419823868	27.913174557
3.78745028723	5.38529226901	0.393811018851	-0.0	-0.0	0.0163805580933	0.376225994105	0.000395042960043	28.4282243718	28.9203355145
3.79363676536	5.38932496075	0.390908538207	-0.0	-0.0	0.0167494498533	0.375995846567	0.000400915087675	29.1239205828	29.8669233712
3.8064516129	5.38897588475	0.388918652275	-0.0	-0.0	0.0171536889067	0.375743548728	0.000406570223458	29.8789283429	30.8101125232
3.80380026513	5.39078658728	0.388632294032	-0.0	-0.0	0.0172135081733	0.375706211063	0.000407890893599	29.9910836685	30.9502256643
3.80335837384	5.38941102757	0.388788545645	-0.0	-0.0	0.0172105263333	0.375708059018	0.000407873868318	29.9841172751	30.9296896608
3.80026513478	5.38996865204	0.388956071673	-0.0	-0.0	0.0172006025333	0.375714261907	0.000408019134116	29.9638290507	30.8944666575
3.79982324348	5.38996865204	0.389182865169	-0.0	-0.0	0.01718904456	0.37572147352	0.000407850252196	29.9403967534	30.8509780333
3.79938135219	5.38965517241	0.389314510393	-0.0	-0.0	0.0171828699867	0.375725331985	0.000407780780084	29.927724447	30.8267100837
3.7984975696	5.3922183872	0.38961859341	-0.0	-0.0	0.01716859528	0.375734243259	0.000407606012083	29.8984103522	30.7706593041
3.79540433053	5.39215070644	0.390008059156	-0.0	-0.0	0.0171501267867	0.375745768113	0.000407590129467	29.8606570999	30.6987560257
3.7980556783	5.39478643216	0.391859155236	-0.0	-0.0	0.01706294408	0.375800192096	0.000405663641342	29.6824625123	30.3598125123
3.79319487406	5.38913316583	0.398821413672	-0.0	-0.0	0.01674356016	0.37599952175	0.000400166052041	29.0338575315	29.1290346908
3.78745028723	5.38761395787	0.406542752916	-0.0	-0.0	0.0164037507733	0.376211516887	0.000394374128015	28.3511998806	27.8396550717
3.7817057004	5.383139352	0.41387854486	-0.0	-0.0	0.0160906825333	0.37640678474	0.000389083335817	27.7290085015	26.6762474684
3.76844896156	5.37779880164	0.421364281223	-0.0	-0.0	0.0157808553067	0.376599958821	0.000384620493816	27.1201374262	25.548006146
3.76270437472	5.37511840859	0.429016843772	-0.0	-0.0	0.0154743623067	0.37679099944	0.000379450500714	26.5243836623	24.453232041
3.75430844012	5.36745655608	0.437287705884	-0.0	-0.0	0.0151550994533	0.376989931026	0.000374307520225	25.9108451382	23.333845657
3.74944763588	5.36389503636	0.445874564926	-0.0	-0.0	0.0148316887067	0.377191390738	0.000368737373706	25.2971619123	22.2299045305
3.74458683164	5.35831752056	0.455067368293	-0.0	-0.0	0.0144959934	0.377400428633	0.000362941065926	24.6680669727	21.112282391
3.73442333186	5.34620253165	0.464526985023	-0.0	-0.0	0.0141610572533	0.377608925759	0.000357670585538	24.0485747838	20.0264425651
3.72116659302	5.33618504436	0.475166003939	-0.0	-0.0	0.0137938848667	0.377837408626	0.000352091791327	23.3789223361	18.873791514
3.71498011489	5.32974001268	0.486706430035	-0.0	-0.0	0.0134071160933	0.37807799516	0.000345479909681	22.6838358889	17.7005035381
3.6977463544	5.32304264799	0.499609156861	-0.0	-0.0	0.0129895113467	0.378337654868	0.000339320178113	21.9450687295	16.4781075217
3.68758285462	5.31506849315	0.512769398748	-0.0	-0.0	0.0125746587867	0.378595503245	0.00033257109457	21.2237799443	15.315739806
3.66858152894	5.29505582137	0.527865876235	-0.0	-0.0	0.0121117381733	0.378883097624	0.000325709505707	20.4331351602	14.0784618709
3.65665046399	5.2801531589	0.544987521395	-0.0	-0.0	0.0115982158533	0.379201973135	0.000317255619525	19.5724909788	12.7834937505
3.64604507291	5.27028753994	0.56305929026	-0.0	-0.0	0.0110636225333	0.37953375892	0.000308275103603	18.6939138721	11.5254135916
3.62836942112	5.24632587859	0.586107656141	-0.0	-0.0	0.0104102220533	0.37993903944	0.000297699296695	17.6485716067	10.0882384358
3.59964648696	5.23225184709	0.614359901893	-0.0	-0.0	0.00965482125333	0.380407252877	0.000286150903675	16.4787901488	8.55407966343
3.57931948741	5.21210170583	0.643195773737	-0.0	-0.0	0.00892951114667	0.380856486777	0.000274490360083	15.3942980124	7.2070996727
