# C		CN		K0		e_x		e_y		e_z		n		overlap		p		q
3.47989394609	5.24625124958	0.736622113565	-0.0	-0.0	1.87240000048e-07	0.387179366319	0.000129476698779	5.58627277036	1.78466085051
3.50596553248	5.25588332781	0.652154582807	-0.0	-0.0	0.000531443826667	0.386853714826	0.000137987987155	6.1642842035	2.79157594275
3.5209898365	5.26206212822	0.575456444441	-0.0	-0.0	0.00134984762667	0.386351708183	0.000151583370879	7.09291242968	4.1999612505
3.54043305347	5.26850937808	0.534611947915	-0.0	-0.0	0.00212068413333	0.385878503319	0.000163767442108	8.00012861688	5.39791408888
3.55678303137	5.27368076041	0.508423093111	-0.0	-0.0	0.00286652962667	0.385420292712	0.000175516877663	8.91103218895	6.51580324354
3.57313300928	5.27973856209	0.489689591861	-0.0	-0.0	0.00361248325333	0.384961673718	0.000187087357616	9.85315857335	7.62082790561
3.58550596553	5.28413163897	0.475973475424	-0.0	-0.0	0.00433858268	0.384514934652	0.000198418103463	10.8005581448	8.69866716251
3.59080866107	5.28408721119	0.465564527979	-0.0	-0.0	0.00503626472	0.384085369863	0.000209613943671	11.7396785179	9.74678612609
3.59611135661	5.2788055826	0.457329001691	-0.0	-0.0	0.00572674384	0.383659946815	0.000220672198605	12.695722167	10.7950352655
3.61422889969	5.2817447496	0.450555036991	-0.0	-0.0	0.00641326198667	0.383236672908	0.000230864896239	13.6733056676	11.8552771292
3.62704374724	5.29428848015	0.44505240045	-0.0	-0.0	0.00707321445333	0.382829504088	0.000240895558075	14.6373489814	12.8928750572
3.64206805126	5.30115830116	0.440368440345	-0.0	-0.0	0.00772982676	0.382424129272	0.000250688934945	15.6201192119	13.9437553965
3.64869642068	5.3105889926	0.436489203445	-0.0	-0.0	0.00836371930667	0.382032528428	0.000260632513849	16.589173546	14.9732293197
3.65399911622	5.31853281853	0.433259034348	-0.0	-0.0	0.00898968749333	0.381645579354	0.00027048622637	17.5640684165	15.9992189662
3.66637207247	5.32498394348	0.430328731117	-0.0	-0.0	0.00960245564	0.381266555346	0.000279619633109	18.5401440833	17.029121619
3.68272205038	5.33088	0.427634271693	-0.0	-0.0	0.01020852716	0.380891444967	0.000288312473276	19.525123305	18.0709872875
3.69642068051	5.33599234205	0.425396886126	-0.0	-0.0	0.0108068733867	0.380520892851	0.000297031513032	20.5141204999	19.1066303999
3.71144498453	5.34277530236	0.423279587907	-0.0	-0.0	0.0114085767867	0.380148038003	0.00030566912826	21.5277835971	20.1707788034
3.71984091913	5.34466327827	0.420933815053	-0.0	-0.0	0.0121410528933	0.379693844929	0.000316907085835	22.7852263312	21.4903946447
3.73000441891	5.34569074778	0.419246218295	-0.0	-0.0	0.0127213886267	0.379333755756	0.000325536968968	23.8017457905	22.5559054863
3.73795846222	5.34513274336	0.417756465639	-0.0	-0.0	0.0132863232	0.378983019742	0.000334120460523	24.8072816189	23.6073727646
3.75961113566	5.35358942065	0.416358490048	-0.0	-0.0	0.0138520024667	0.378631623933	0.000341452092427	25.829275873	24.6765393706
3.77021652673	5.35646984925	0.415012821544	-0.0	-0.0	0.01442276032	0.378276876267	0.0003498761922	26.8773929012	25.7749342971
3.77551922227	5.36064030132	0.413545728559	-0.0	-0.0	0.0150851648267	0.377864906663	0.000360319447481	28.1161077087	27.0738687949
3.78789217852	5.37084639498	0.41245934827	-0.0	-0.0	0.0156255701333	0.377528609333	0.000368024796377	29.1408165863	28.1460446455
3.80380026513	5.37761800563	0.411499856906	-0.0	-0.0	0.0161585611733	0.377196749813	0.000375235978818	30.1638219994	29.2124240532
3.81882456916	5.38783151326	0.410681279137	-0.0	-0.0	0.01669558644	0.376862197215	0.000382486563297	31.2042683302	30.2892898741
3.81661511268	5.38615096694	0.410351257337	-0.0	-0.0	0.0169151308667	0.376725374761	0.000386305854812	31.6347587876	30.7354918114
3.81440565621	5.38502340094	0.410641208862	-0.0	-0.0	0.0169067821467	0.376730578285	0.000386358192975	31.6143325021	30.690767019
3.81219619973	5.38495160787	0.41083777147	-0.0	-0.0	0.0168967420667	0.376736835928	0.000386396240163	31.591975053	30.6522176763
3.81175430844	5.38769134645	0.411174348973	-0.0	-0.0	0.01688252576	0.37674568735	0.000386174832308	31.5598135588	30.5922150673
3.81219619973	5.38725796377	0.411419819487	-0.0	-0.0	0.0168722147467	0.376752122716	0.00038593529073	31.5363897428	30.5485357636
3.80998674326	5.3871875	0.41182322956	-0.0	-0.0	0.0168547711067	0.376762994332	0.000385832485442	31.496922099	30.4759036376
3.80998674326	5.3871875	0.412229135705	-0.0	-0.0	0.01683766904	0.376773645959	0.000385512897711	31.458310662	30.40400332
3.81042863456	5.3875	0.412811289907	-0.0	-0.0	0.0168131410133	0.37678893453	0.000385007845555	31.4028282321	30.3009829196
3.81131241715	5.388125	0.414825392093	-0.0	-0.0	0.01672814476	0.376841907561	0.000383325522378	31.2109842194	29.9464940701
3.79673000442	5.37914840326	0.423562044899	-0.0	-0.0	0.01636665716	0.377067130774	0.000378005121876	30.4010990908	28.4621062919
3.78612461335	5.37264742785	0.432345156609	-0.0	-0.0	0.01601647492	0.377285232612	0.000372478366997	29.6257853197	27.0563220178
3.77728678745	5.36746231156	0.440492228194	-0.0	-0.0	0.0157008088667	0.377481771503	0.000367412596189	28.9344996524	25.8201135696
3.77375165709	5.36537857367	0.448860749531	-0.0	-0.0	0.0153861453067	0.377677617858	0.000361832450403	28.2527644872	24.6156363579
3.75740167919	5.35601764335	0.45774956232	-0.0	-0.0	0.0150615938533	0.377879565014	0.000357285845718	27.5579453564	23.4037819264
3.74458683164	5.35112093464	0.467141630801	-0.0	-0.0	0.0147288175867	0.378086554498	0.000352243908237	26.8545401491	22.1937501401
3.74502872293	5.3508051784	0.477196443984	-0.0	-0.0	0.01438135024	0.378302616895	0.000345664917896	26.1288464104	20.9685379568
3.73442333186	5.34134007585	0.488134932654	-0.0	-0.0	0.0140122525067	0.378532041647	0.000339701382332	25.3702308343	19.7130996265
3.71718957137	5.33153724247	0.499995284277	-0.0	-0.0	0.0136243910667	0.378773038365	0.000334004208069	24.5861543445	18.439876628
3.69465311533	5.32452229299	0.512795581213	-0.0	-0.0	0.0132094509467	0.379030756882	0.000328246652609	23.7610250944	17.1453301668
3.67697746354	5.30516581633	0.526547273519	-0.0	-0.0	0.01277572772	0.379300019943	0.000321708562859	22.9140378423	15.8522368687
3.6553247901	5.29554915146	0.541447657872	-0.0	-0.0	0.01231776044	0.379584222382	0.00031503339822	22.0364132357	14.5540423827
3.63985859479	5.286035313	0.557802493549	-0.0	-0.0	0.01182521716	0.379889728843	0.000307187974794	21.1131038258	13.2389958269
3.61908970393	5.26793181087	0.57580263506	-0.0	-0.0	0.0113024593733	0.3802138116	0.000299231707502	20.1545765196	11.9206599415
3.60273972603	5.25475653015	0.591210837435	-0.0	-0.0	0.0108728496533	0.380480020584	0.000292589992085	19.3815438205	10.8910644888
3.60185594344	5.25411157691	0.590532715115	-0.0	-0.0	0.0108816798667	0.380474550066	0.000292826181665	19.3973418953	10.9248124468
3.60185594344	5.25338491296	0.590315594217	-0.0	-0.0	0.0108864721867	0.380471581095	0.00029291168595	19.4055543683	10.9374107631
3.60406539991	5.25499677627	0.589752085693	-0.0	-0.0	0.0108968437467	0.380465156202	0.000292914233184	19.4233948027	10.9681926438
3.60318161732	5.25507900677	0.588932346282	-0.0	-0.0	0.0109103873067	0.380456764821	0.000293234121983	19.4472811528	11.0119075744
3.6049491825	5.25459233	0.587914361808	-0.0	-0.0	0.0109278105333	0.380445970285	0.00029340757721	19.4779542688	11.0669352717
3.60583296509	5.25523686755	0.585682564637	-0.0	-0.0	0.0109653968133	0.380422683116	0.000294024004564	19.5444178604	11.1877909998
3.62262483429	5.26670951157	0.565933078264	-0.0	-0.0	0.01131748792	0.380204497044	0.000299094799152	20.1726322136	12.3219823273
3.63499779054	5.28332797944	0.546369378108	-0.0	-0.0	0.0117002902933	0.379967192437	0.000305094500724	20.867569965	13.5700197349
3.65090587715	5.29285485421	0.529251101162	-0.0	-0.0	0.01206754608	0.379739439982	0.000310502859339	21.5460408314	14.7817791756
3.66283694211	5.30675632405	0.513934318934	-0.0	-0.0	0.0124285490533	0.379515485416	0.000316128182687	22.2235897133	15.9805088969
3.6721166593	5.31562099872	0.499883705638	-0.0	-0.0	0.01279275704	0.379289457079	0.000322017501195	22.9173158254	17.1939841645
3.68758285462	5.32907348243	0.486926914809	-0.0	-0.0	0.0131643214933	0.379058780252	0.000327471301294	23.6349297925	18.4306145141
3.69995581087	5.33822590938	0.475196059767	-0.0	-0.0	0.0135363507067	0.378827729002	0.000333184906955	24.3631691449	19.666640932
3.71144498453	5.34139357302	0.465095905133	-0.0	-0.0	0.01388941736	0.378608375067	0.000338611101194	25.0628654629	20.8366276769
3.72425983208	5.35303463616	0.455917153591	-0.0	-0.0	0.0142436939733	0.378388191546	0.000343910674663	25.7729199737	22.003900035
3.73177198409	5.35936507937	0.447684843356	-0.0	-0.0	0.0145923324	0.378171436	0.000349581963472	26.4796026735	23.1486543248
3.74502872293	5.36553690212	0.440062600926	-0.0	-0.0	0.0149523432267	0.377947530683	0.000354875733951	27.2155530524	24.3159433885
3.75209898365	5.36832121404	0.433322930963	-0.0	-0.0	0.01531051036	0.377724694321	0.000360677140329	27.953608563	25.4585017317
3.7560760053	5.37243123617	0.427744215649	-0.0	-0.0	0.0156541339733	0.377510826797	0.000366499153017	28.6649618207	26.5218956908
3.76579761379	5.37401450646	0.422762172769	-0.0	-0.0	0.0160203404533	0.377282825483	0.000372100999356	29.4229426785	27.6084716144
3.7817057004	5.3935666982	0.419027420048	-0.0	-0.0	0.0163805580933	0.37705847476	0.00037687045902	30.164333741	28.6030379732
3.78833406982	5.39874015748	0.416353538762	-0.0	-0.0	0.0167494498533	0.376828630978	0.000382596038357	30.9179022415	29.5384752754
3.79540433053	5.40384010072	0.414423440597	-0.0	-0.0	0.0171536889067	0.376576669851	0.000388760231399	31.7375815944	30.4860686123
3.79673000442	5.40635819956	0.414136339817	-0.0	-0.0	0.0172135081733	0.376539381051	0.000389642575158	31.8595288926	30.6278277032
3.79584622183	5.4054139125	0.414311979998	-0.0	-0.0	0.0172105263333	0.376541235066	0.000389668967457	31.8518063601	30.6053433761
3.79363676536	5.40384010072	0.414499970435	-0.0	-0.0	0.0172006025333	0.376547422116	0.000389711778839	31.8295628117	30.5678686219
3.79452054795	5.40415486308	0.414760994713	-0.0	-0.0	0.01718904456	0.376554627923	0.000389408484098	31.8037891204	30.5207885176
3.79628811312	5.40509915014	0.414906936682	-0.0	-0.0	0.0171828699867	0.37655847742	0.000389112340709	31.7898625184	30.4949508484
3.79540433053	5.40415486308	0.415249988617	-0.0	-0.0	0.01716859528	0.376567376801	0.000388937624328	31.7577464616	30.4348694388
3.79319487406	5.40289581366	0.415691993662	-0.0	-0.0	0.0171501267867	0.376578886965	0.000388820774463	31.7162400354	30.3574560745
3.79186920018	5.40377952756	0.417795849928	-0.0	-0.0	0.01706294408	0.376633237876	0.000387333124476	31.5204785506	29.9925415208
3.78479893946	5.39666036547	0.425660393607	-0.0	-0.0	0.01674356016	0.376832301256	0.000382112710795	30.8084929343	28.6733738869
3.78082191781	5.39325134027	0.434380297025	-0.0	-0.0	0.0164037507733	0.377044023515	0.000376187061473	30.0593207845	27.2942571904
3.77021652673	5.38573232323	0.442704498397	-0.0	-0.0	0.0160906825333	0.377239020721	0.000371419651567	29.3775692831	26.05056076
3.76049491825	5.38001896933	0.451198299518	-0.0	-0.0	0.0157808553067	0.377431936019	0.000366616780719	28.710648398	24.847267921
3.75033141847	5.37120253165	0.459880456148	-0.0	-0.0	0.0154743623067	0.3776227151	0.000361932840872	28.0587153628	23.6827311866
3.74591250552	5.36807095344	0.469182040958	-0.0	-0.0	0.0151550994533	0.377821392884	0.000356443417349	27.3874683634	22.5000455729
3.73663278833	5.3592263792	0.478869655302	-0.0	-0.0	0.0148316887067	0.378022579598	0.000351336948015	26.715988872	21.3345756727
3.71895713654	5.35103338633	0.489197337026	-0.0	-0.0	0.0144959934	0.378231331572	0.000346777900613	26.0283157616	20.1607897223
3.71674768007	5.34860050891	0.499694638772	-0.0	-0.0	0.0141610572533	0.378439557384	0.000340797082708	25.3516000422	19.0311234925
3.69200176757	5.33514376997	0.511471545964	-0.0	-0.0	0.0137938848667	0.378667735322	0.000336288751151	24.6207108915	17.8372558434
3.67344233319	5.32074263764	0.52417047378	-0.0	-0.0	0.0134071160933	0.378908000774	0.000330830392706	23.8628152486	16.6299932941
3.66460450729	5.3093179635	0.538223008993	-0.0	-0.0	0.0129895113467	0.379167316499	0.000323918952219	23.0576400592	15.3832378314
3.65444100751	5.29894264659	0.552515615291	-0.0	-0.0	0.0125746587867	0.379424818202	0.000317162968818	22.2713202282	14.2032116448
3.6385329209	5.27861494069	0.568568806629	-0.0	-0.0	0.0121117381733	0.379712028763	0.000309998839062	21.4095518621	12.9660557918
3.61069376933	5.26215780998	0.586640322866	-0.0	-0.0	0.0115982158533	0.38003047364	0.00030291912141	20.472848973	11.6818556196
3.59434379143	5.24677419355	0.605694109594	-0.0	-0.0	0.0110636225333	0.380361815208	0.000294434687055	19.5175486929	10.4403437838
3.57357490057	5.23639896373	0.629582335914	-0.0	-0.0	0.0104102220533	0.380766561339	0.000284092106072	18.3789903652	9.04038040819
3.5545735749	5.21739130435	0.658268626612	-0.0	-0.0	0.00965482125333	0.381234154142	0.000271663894979	17.1029445548	7.56898606772
3.52054794521	5.18788668186	0.687706488432	-0.0	-0.0	0.00892951114667	0.381682788544	0.000260969557758	15.9242790221	6.28065401275
