# f		u
25893.81032831267	0.00019798989869812544
73238.7554956326	0.0003959797973962509
134548.1852705679	0.0005939696960943763
207150.48262650135	0.0007919595947925018
289501.6004529664	0.0009899494934906272
380559.73680465005	0.0011879393921887527
479560.0783721376	0.001385929290886878
585910.0439650608	0.0015839191895850036
699132.8788644421	0.001781909088283129
818834.179378604	0.0019798989869812544
944680.5857680674	0.00217788888567938
1049588.2820152568	0.0023362808046378802
1185798.5554553503	0.0025342707033360057
1327439.0582769227	0.002732260602034131
1474309.0639960924	0.0029302505007322566
1626228.59365639	0.003128240399430382
1783035.069159564	0.0033262302981285075
1944580.6770979138	0.003524220196826633
2110730.260117275	0.0037222100955247583
2281359.6073458567	0.003920199994222884
2456354.051716893	0.004118189892921009
2635607.3067748384	0.004316179791619135
2819020.4928176585	0.00451416969031726
2968683.966667706	0.0046725616092757605
3159356.4193917755	0.004870551507973886
3353944.7987347622	0.005068541406672011
3552371.8295040075	0.005266531305370137
3754564.638877987	0.005464521204068262
3960454.3535834234	0.005662511102766388
4169975.7468657144	0.005860501001464513
4383066.927607203	0.006058490900162639
4599669.065335583	0.006256480798860764
4819726.14596425	0.0064544706975588895
5043184.75398461	0.006652460596257015
5224366.383953075	0.006810852515215515
5453820.694438068	0.007008842413913641
5686539.20867269	0.007206832312611766
5922476.767732525	0.007404822211309892
6161590.036771342	0.007602812110008017
6403837.385425778	0.0078008020087061425
6649178.7789186705	0.007998791907404268
6897575.678661042	0.008196781806102393
7148990.951313243	0.008394771704800519
7403388.785401533	0.008592761603498644
7660734.614701644	0.00879075150219677
7920995.047699167	0.008988741400894895
8131280.179615539	0.009147133319853396
8396706.256122055	0.009345123218551521
8664959.154297372	0.009543113117249646
8936009.393348698	0.009741103015947772
9209828.396077864	0.009939092914645897
9486388.443642803	0.010137082813344023
9765662.63342784	0.010335072712042148
10047624.839753382	0.010533062610740274
10332249.677183615	0.010731052509438399
10619512.466215381	0.010929042408136525
10909389.201153198	0.01112703230683465
11143156.90999267	0.01128542422579315
11437680.289788874	0.011483414124491276
11734753.734866673	0.011681404023189401
12034355.54056903	0.011879393921887527
12336464.547206238	0.012077383820585652
12641060.117624745	0.012275373719283778
12948122.116047714	0.012473363617981903
13257630.888096087	0.012671353516680028
13569567.24190677	0.012869343415378154
13883912.430271713	0.01306733331407628
14200648.133727971	0.013265323212774405
14519756.4445346	0.01346331311147253
14776739.589985045	0.01362170503043103
15100074.723003544	0.013819694929129156
15425734.385650737	0.014017684827827281
15753702.102546632	0.014215674726525407
16083961.743742572	0.014413664625223532
16416497.512816325	0.014611654523921658
16751293.935533816	0.014809644422619783
17088335.849043254	0.015007634321317909
17427608.391569942	0.015205624220016034
17769096.99258233	0.01540361411871416
18112787.363401994	0.015601604017412285
18458665.488232043	0.01579959391611041
18736933.921311516	0.01595798583506891
19086715.521966264	0.016155975733767036
19438647.012539282	0.01635396563246516
19792715.339057885	0.016551955531163287
20148907.682491705	0.016749945429861413
20507211.4517886	0.016947935328559538
20867614.277196284	0.017145925227257663
21230104.00385461	0.01734391512595579
21594668.68564463	0.017541905024653914
21961296.579281434	0.01773989492335204
22329976.138638306	0.017937884822050165
22626389.34896288	0.018096276741008666
22998733.41893566	0.01829426663970679
23373097.828709383	0.018492256538404916
23749471.73334165	0.018690246437103042
24127844.4606822	0.018888236335801167
24508205.506832495	0.019086226234499293
24890544.5317707	0.019284216133197418
25274851.355134204	0.019482206031895544
25661115.95215262	0.01968019593059367
26049328.449724328	0.019878185829291795
26439479.122630157	0.02007617572798992
26831558.389878098	0.020274165626688045
27146604.043084856	0.020432557545646546
27542131.082973875	0.02063054744434467
27939560.628123827	0.020828537343042797
28338883.614411935	0.021026527241740922
28740091.10604784	0.021224517140439048
29143174.29257358	0.021422507039137173
29548124.485960852	0.0216204969378353
29954933.117801536	0.021818486836533424
30363591.73658765	0.02201647673523155
30774092.005077105	0.022214466633929675
31186425.69774185	0.0224124565326278
31517607.259526208	0.0225708484515863
31933220.734541863	0.022768838350284426
32350645.175813712	0.02296682824898255
32769872.7604105	0.023164818147680677
33190895.765913554	0.023362808046378802
33613706.568282716	0.023560797945076928
34038297.639785044	0.023758787843775053
34464661.546984166	0.02395677774247318
34892790.948787846	0.024154767641171304
35322678.59455173	0.02435275753986943
35754317.32223709	0.024550747438567555
36187700.0566208	0.02474873733726568
36535657.228756376	0.02490712925622418
36972161.61611535	0.025105119154922306
37410390.64678129	0.02530310905362043
37850337.55996823	0.025501098952318557
38291995.67378169	0.025699088851016683
38735358.383696176	0.025897078749714808
39180419.161073565	0.026095068648412933
39627171.55172081	0.02629305854711106
40075609.174485855	0.026491048445809184
40525725.7198902	0.02668903834450731
40977514.948797196	0.026887028243205435
41340146.515455276	0.027045420162163936
41794931.0716246	0.02724341006086206
42251371.2050157	0.027441399959560187
42709460.932237536	0.027639389858258312
43169194.33430759	0.027837379756956437
43630565.555504546	0.028035369655654563
44093568.802249394	0.02823335955435269
44558198.342013985	0.028431349453050814
45024448.502256304	0.02862933935174894
45492313.66938152	0.028827329250447065
45961788.28772809	0.02902531914914519
46432866.858578056	0.029223309047843316
46810880.90168221	0.029381700966801816
47284832.90834623	0.02957969086549994
47760373.76590626	0.029777680764198067
48237498.18341008	0.029975670662896192
48716200.92241361	0.030173660561594318
49196476.79611816	0.030371650460292443
49678320.66852736	0.03056964035899057
50161727.453623146	0.030767630257688694
50646692.114560515	0.03096562015638682
51133209.662880145	0.031163610055084945
51621275.157738715	0.03136159995378307
52110883.70515608	0.031559589852481196
52503678.281643674	0.031717981771439696
52996052.13761449	0.03191597167013782
53489955.58610726	0.03211396156883595
53985383.904643506	0.03231195146753407
54482332.41421736	0.0325099413662322
54980796.47863259	0.03270793126493032
55480771.50385382	0.03290592116362845
55982252.93737132	0.033103911062326574
56485236.267579176	0.0333019009610247
56989717.02316643	0.033499890859722825
57495690.77252077	0.03369788075842095
57901541.77445856	0.03385627267737945
58410191.86941921	0.034054262576077576
58920322.75590407	0.0342522524747757
59431930.14793035	0.03445024237347383
59945009.7965172	0.03464823227217195
60459557.48915631	0.03484622217087008
60975569.04929315	0.035044212069568204
61493040.335818335	0.03524220196826633
62011967.24256915	0.035440191866964454
62532345.69784074	0.03563818176566258
63054171.66390688	0.035836171664360705
63577441.13654998	0.03603416156305883
63997093.3696749	0.03619255348201733
64522951.16872764	0.03639054338071546
65050241.43692431	0.03658853327941358
65578960.29325081	0.03678652317811171
66109103.88806789	0.03698451307680983
66640668.402690776	0.03718250297550796
67173650.04897644	0.037380492874206084
67708045.06891868	0.03757848277290421
68243849.73425063	0.037776472671602335
68781060.34605461	0.03797446257030046
69319673.23437898	0.038172452468998586
69751570.73618701	0.038330844387957086
70292698.5649934	0.03852883428665521
70835218.54537997	0.03872682418535334
71379127.11409359	0.03892481408405146
71924420.73510268	0.03912280398274959
72471095.8992524	0.03932079388144771
73019149.12392582	0.03951878378014584
73568576.95271118	0.039716773678843964
74119375.95507485	0.03991476357754209
74671542.72604	0.040112753476240215
75225073.8858709	0.04031074337493834
75779966.07976258	0.040508733273636466
76224857.54069948	0.040667125192594966
76782191.2202058	0.04086511509129309
77340876.67037411	0.04106310498999122
77900910.62839846	0.04126109488868934
78462289.85498603	0.04145908478738747
79025011.13407613	0.04165707468608559
79589071.27256382	0.04185506458478372
80154467.10002807	0.042053054483481844
80721195.46846451	0.04225104438217997
81289253.25202243	0.042449034280878095
81858637.34674624	0.04264702417957622
82315097.49452835	0.04280541609853472
82886861.19629964	0.043003405997232846
83459942.63249296	0.04320139589593097
84034338.7800684	0.0433993857946291
84610046.63669671	0.04359737569332722
85187063.22052401	0.04379536559202535
85765385.56994002	0.043993355490723474
86345010.74335001	0.0441913453894216
86925935.8189505	0.044389335288119725
87508157.89450815	0.04458732518681785
88091674.0871424	0.044785315085515975
88676481.53311121	0.0449833049842141
89145255.27994137	0.0451416969031726
89732379.82556744	0.04533968680187073
90320787.70608565	0.04553767670056885
90910476.12858522	0.04573566659926698
91501442.31831099	0.0459336564979651
92093683.51846756	0.04613164639666323
92687196.99002635	0.046329636295361354
93281980.01153566	0.04652762619405948
93878029.87893339	0.046725616092757605
94475343.90536259	0.04692360599145573
95073919.42099	0.047121595890153856
95673753.77282676	0.04731958578885198
96154525.84420383	0.04747797770781048
96756619.46877936	0.04767596760650861
97359964.5893169	0.04787395750520673
97964558.61525	0.04807194740390486
98570398.97203314	0.04826993730260298
99177483.10097726	0.04846792720130111
99785808.45908777	0.048665917099999234
100395372.51890466	0.04886390699869736
101006172.76834501	0.049061896897395485
101618206.71054775	0.04925988679609361
102231471.8637204	0.049457876694791736
102722968.79991972	0.049616268613750236
103338443.92624374	0.04981425851244836
103955143.39340748	0.05001224841114649
104573064.77552058	0.05021023830984461
105192205.66105573	0.05040822820854274
105812563.65270738	0.05060621810724086
106434136.3672526	0.05080420800593899
107056921.43541367	0.051002197904637114
107680916.50172272	0.05120018780333524
108306119.2243879	0.051398177702033365
108932527.27516176	0.05159616760073149
109560138.339211	0.051794157499429616
110063091.81292577	0.051952549418388116
110692862.5098188	0.05215053931708624
111323829.80873224	0.05234852921578437
111955991.44465116	0.05254651911448249
112589345.1653743	0.05274450901318062
113223888.73139374	0.052942498911878744
113859619.9157761	0.05314048881057687
114496536.50404526	0.053338478709274995
115134636.29406676	0.05353646860797312
115773917.09593342	0.053734458506671245
116414376.73185277	0.05393244840536937
116927591.74529539	0.05409084032432787
117570167.832717	0.054288830223026
118213916.71988036	0.05448682012172412
118858836.27402571	0.05468481002042225
119504924.37398653	0.05488279991912037
120152178.91008495	0.0550807898178185
120800597.78402835	0.055278779716516624
121450178.90880737	0.05547676961521475
122100920.20859513	0.055674759513912875
122752819.61864771	0.055872749412611
123405875.0852059	0.056070739311309126
124060084.56539811	0.05626872921000725
124584281.67345059	0.05642712112896575
125240563.2645346	0.05662511102766388
125897993.20632306	0.056823100926362
126556569.49645315	0.05702109082506013
127216290.14300014	0.05721908072375825
127877153.16438708	0.05741707062245638
128539156.5892954	0.057615060521154504
129202298.45657681	0.05781305041985263
129866576.81516607	0.058011040318550755
130531989.72399496	0.05820903021724888
131198535.25190711	0.058407020115947006
131732585.86851594	0.058565412034905506
132401165.27558136	0.05876340193360363
133070871.94651178	0.05896139183230176
133741703.98705776	0.05915938173099988
134413659.5124871	0.05935737162969801
135086736.6475056	0.059555361528396134
135760933.52617833	0.05975335142709426
136436248.29185215	0.059951341325792384
137112679.09707895	0.06014933122449051
137790224.10354003	0.060347321123188635
138468881.48197082	0.06054531102188676
139148649.41208717	0.060743300920584886
139693262.13585088	0.060901692839543387
140375024.50026977	0.06109968273824151
141057892.366733	0.06129767263693964
141741863.94842038	0.06149566253563776
142426937.46714786	0.06169365243433589
143113111.15329832	0.061891642333034014
143800383.24575293	0.06208963223173214
144488751.9918233	0.062287622130430265
145178215.64718443	0.06248561202912839
145868772.47580862	0.06268360192782652
146560420.7498996	0.06288159182652464
147253158.74982783	0.06307958172522277
147808132.60195655	0.06323797364418127
148502827.8007484	0.06343596354287939
149198607.95331857	0.06363395344157752
149895471.37049213	0.06383194334027564
150593416.3709593	0.06402993323897377
151292441.28121477	0.0642279231376719
151992544.43549722	0.06442591303637002
152693724.1757301	0.06462390293506814
153395978.85146248	0.06482189283376627
154099306.819811	0.0650198827324644
154803706.44540185	0.06521787263116252
155367996.64487725	0.06537626455012102
156074321.156116	0.06557425444881915
156781712.78501981	0.06577224434751727
157490169.92423704	0.0659702342462154
158199690.97365767	0.06616822414491352
158910274.3403588	0.06636621404361165
159621918.43855116	0.06656420394230977
160334621.68952596	0.0667621938410079
161048382.52160236	0.06696018373970603
161763199.37007558	0.06715817363840415
162479070.67716527	0.06735616353710228
163195994.89196473	0.0675541534358004
163770291.31950325	0.0677125453547589
164489106.8816432	0.06791053525345703
165208971.04509467	0.06810852515215515
165929882.28461534	0.06830651505085328
166651839.08159927	0.0685045049495514
167374839.92402878	0.06870249484824953
168098883.30642703	0.06890048474694765
168823967.72981113	0.06909847464564578
169550091.70164534	0.0692964645443439
170277253.73579505	0.06949445444304203
171005452.3524814	0.06969244434174016
171588756.59487498	0.06985083626069866
172318817.35119832	0.07004882615939678
173049910.5801058	0.07024681605809491
173782034.82556146	0.07044480595679303
174515188.63767207	0.07064279585549116
175249370.57264397	0.07084078575418928
175984579.19274074	0.07103877565288741
176720813.06624067	0.07123676555158553
177458070.76739502	0.07143475545028366
178196350.87638676	0.07163274534898179
178935651.9792893	0.07183073524767991
179675972.66802603	0.07202872514637804
180268962.37829855	0.07218711706533654
181011114.79170305	0.07238510696403466
181754282.87910807	0.07258309686273279
182498465.25430316	0.07278108676143091
183243660.53673828	0.07297907666012904
183989867.35148528	0.07317706655882716
184737084.3291999	0.07337505645752529
185485310.10608393	0.07357304635622341
186234543.32384813	0.07377103625492154
186984782.62967506	0.07396902615361967
187736026.67618245	0.07416701605231779
188337744.42468503	0.07432540797127629
189090793.62622434	0.07452339786997442
189844843.82438147	0.07472138776867254
190599893.6920998	0.07491937766737067
191355941.90758672	0.0751173675660688
192112987.1542789	0.07531535746476692
192871028.12080804	0.07551334736346504
193630063.50096658	0.07571133726216317
194390091.99367413	0.0759093271608613
195151112.30294394	0.07610731705955942
195913123.1378497	0.07630530695825755
196676123.21249276	0.07650329685695567
197287234.6638839	0.07666168877591417
198052012.14551333	0.0768596786746123
198817775.2928349	0.07705766857331042
199584522.83876082	0.07725565847200855
200352253.52107707	0.07745364837070667
201120966.08241263	0.0776516382694048
201890659.27020854	0.07784962816810292
202661331.8366871	0.07804761806680105
203432982.53882173	0.07824560796549918
204205610.13830683	0.0784435978641973
204979213.40152785	0.07864158776289543
205753791.09953204	0.07883957766159355
206374154.02808094	0.07899796958055205
207150482.62650138	0.07919595947925018
207927782.2431884	0.0793939493779483
208706051.66663846	0.07959193927664643
209485289.68987125	0.07978992917534455
210265495.11040175	0.07998791907404268
211046666.7302125	0.0801859089727408
211828803.3557258	0.08038389887143893
212611903.79777643	0.08058188877013706
213395966.87158468	0.08077987866883518
214180991.39672923	0.0809778685675333
214809702.47133005	0.0811362604864918
215596454.64802858	0.08133425038518993
216384164.99384493	0.08153224028388806
217172832.34467885	0.08173023018258618
217962455.5406627	0.08192822008128431
218753033.42613596	0.08212620997998243
219544564.84961954	0.08232419987868056
220337048.663791	0.08252218977737868
221130483.7254593	0.08272017967607681
221924868.8955403	0.08291816957477494
222720203.03903207	0.08311615947347306
223516485.02499062	0.08331414937217119
224154192.302915	0.08347254129112969
224952177.56819555	0.08367053118982781
225751107.5306834	0.08386852108852594
226550981.07463643	0.08406651098722406
227351797.08825648	0.08426450088592219
228153554.4636661	0.08446249078462031
228956252.09688577	0.08466048068331844
229759888.8878108	0.08485847058201657
230564463.740189	0.08505646048071469
231369975.56159794	0.08525445037941282
232176423.26342312	0.08545244027811094
232822254.52965117	0.08561083219706944
233630384.0849863	0.08580882209576757
234439446.49268636	0.08600681199446569
235249440.6784062	0.08620480189316382
236060365.57150406	0.08640279179186194
236872220.1050202	0.08660078169056007
237685003.2156561	0.0867987715892582
238498713.84375337	0.08699676148795632
239313350.9332731	0.08719475138665445
240128913.4317754	0.08739274128535257
240945400.29039866	0.0875907311840507
241762810.46383977	0.08778872108274882
242417402.68907714	0.08794711300170732
243236472.20630765	0.08814510290040545
244056462.13026693	0.08834309279910357
244877371.4289916	0.0885410826978017
245699199.07398152	0.08873907259649982
246521944.0401807	0.08893706249519795
247345605.30595803	0.08913505239389607
248170181.85308808	0.0893330422925942
248995672.66673246	0.08953103219129233
249822076.73542097	0.08972902208999045
250649393.05103302	0.08992701198868858
251477620.60877922	0.0901250018873867
252140858.07620966	0.0902833938063452
252970723.34829104	0.09048138370504333
253801497.0666628	0.09067937360374145
254633178.2390281	0.09087736350243958
255465765.8763349	0.0910753534011377
256299258.99275795	0.09127334329983583
257133656.60568148	0.09147133319853396
257968957.7356817	0.09166932309723208
258805161.4065097	0.0918673129959302
259642266.64507428	0.09206530289462833
260480272.48142478	0.09226329279332646
261151324.931099	0.09242168471228496
261990949.4091495	0.09261967461098308
262831471.7856899	0.09281766450968121
263672891.10255164	0.09301565440837933
264515206.40462708	0.09321364430707746
265358416.7398533	0.09341163420577558
266202521.15919566	0.09360962410447371
267047518.71663237	0.09380761400317184
267893408.46913794	0.09400560390186996
268740189.4766678	0.09420359380056809
269587860.80214256	0.09440158369926621
270436421.5114323	0.09459957359796434
271115909.8093492	0.09475796551692284
