# f		u
131428.78365651757	0.0001993793186549908
371736.736666493	0.0003987586373099816
682923.9926101994	0.0005981379559649724
1018744.8034635696	0.000780902331398714
1432836.502756305	0.0009802816500537048
1891499.1158586475	0.0011796609687086956
2347682.691662542	0.0013624253441424372
2881445.4353105873	0.001561804662797428
3450463.339287036	0.0017611839814524188
4052673.6297224024	0.0019605633001074096
4632369.409188783	0.0021433276755411512
5293553.278637019	0.002342706994196142
5983506.481075822	0.002542086312851133
6640249.40539548	0.0027248506882848744
7382230.839115327	0.0029242300069398652
8149958.427708557	0.003123609325594856
8942596.040919699	0.003322988644249847
9690413.349444414	0.0035057530196835884
10528728.191221774	0.0037051323383385792
11389913.161346026	0.00390451165699357
12198917.106028745	0.004087276032427312
13102319.288794035	0.0042866553510823024
14026982.84302866	0.004486034669737293
14972429.679586072	0.004685413988392284
15856964.360137872	0.004868178363826026
16841019.494098343	0.0050675576824810165
17844628.577571075	0.005266937001136007
18781461.533300336	0.005449701376569749
19821521.83036459	0.00564908069522474
20880101.946491618	0.0058484600138797305
21956883.370612282	0.006047839332534721
22959663.62938177	0.006230603707968463
24070497.52842838	0.006429983026623454
25198689.9595764	0.0066293623452784445
26247890.440785613	0.006812126720712186
27408627.967571158	0.007011506039367177
28585988.444508214	0.007210885358022168
29679640.489832144	0.007393649733455909
30888222.687207196	0.0075930290521109
32112778.491520297	0.007792408370765891
33353102.191094093	0.007991787689420882
34503748.035222	0.008174552064854623
35773746.421771474	0.008373931383509614
37058955.27351026	0.008573310702164605
38250273.283444054	0.008756075077598346
39564143.40338371	0.008955454396253337
40892721.78839539	0.009154833714908328
42235847.37480691	0.009354213033563319
43479691.916008726	0.00953697740899706
44850268.11234757	0.009736356727652051
46234950.34347614	0.009935736046307042
47516512.5691528	0.010118500421740784
48927837.32708584	0.010317879740395774
50352864.80274428	0.010517259059050765
51791464.47918328	0.010716638377705756
53121995.24316384	0.010899402753139498
54586256.70706755	0.011098782071794489
56063729.99875195	0.01129816139044948
57429586.67062632	0.011480925765883221
58932057.92847968	0.011680305084538212
60447407.90398583	0.011879684403193203
61975528.05894852	0.012079063721848193
63387432.67488864	0.012261828097281935
64939735.38439194	0.012461207415936926
66504506.72259882	0.012660586734591917
67949749.56286536	0.012843351110025658
69538145.54550353	0.013042730428680649
71138729.00740999	0.01324210974733564
72751407.84516415	0.01344148906599063
74240245.29008426	0.013624253441424372
75875856.93347234	0.013823632760079363
77523306.79555531	0.014023012078734354
79043796.54565097	0.014205776454168095
80713701.76305884	0.014405155772823086
82395203.77670312	0.014604535091478077
83946700.21415652	0.014787299466911819
85650208.76561907	0.01498667878556681
87365086.8836975	0.0151860581042218
89091259.68242985	0.015385437422876791
90683444.0753427	0.015568201798310533
92431060.98587857	0.015767581116965523
94189762.33264098	0.015966960435620514
95811583.28560129	0.016149724811054256
97591336.84822996	0.016349104129709247
99381975.9229056	0.016548483448364237
101183434.7331304	0.016747862767019228
102844221.62098917	0.01693062714245297
104666238.67355515	0.01713000646110796
106498890.21740551	0.01732938577976295
108188110.48384766	0.017512150155196693
110040974.20301193	0.017711529473851684
111904296.36947851	0.017910908792506675
113778018.6082387	0.018110288111161665
115504684.45417547	0.018293052486595407
117398180.50422937	0.018492431805250398
119301911.79234141	0.01869181112390539
121055943.41495344	0.01887457549933913
122979139.99084672	0.01907395481799412
124912414.56773497	0.019273334136649112
126855714.88110298	0.019472713455304103
128645836.8684534	0.019655477830737844
130608210.00994395	0.019854857149392835
132580460.97260956	0.020054236468047826
134396993.02393505	0.020237000843481567
136388039.50482643	0.020436380162136558
138388822.25109872	0.02063575948079155
140399294.1123815	0.02083513879944654
142250698.56816086	0.02101790317488028
144279611.90371984	0.021217282493535272
146318080.64921263	0.021416661812190263
148195033.07318816	0.021599426187624005
150251692.2664027	0.021798805506278995
152317778.55124462	0.021998184824933986
154219935.8363031	0.022180949200367728
156303971.52221745	0.02238032851902272
158397311.01596132	0.02257970783767771
160499913.14923364	0.0227790871563327
162435400.70216176	0.022961851531766442
164555643.12370366	0.023161230850421433
166685031.1620257	0.023360610169076423
168644970.95366204	0.023543374544510165
170791779.19084483	0.023742753863165156
172947620.34825316	0.023942133181820147
175112456.73555085	0.024141512500475137
177104760.35139653	0.02432427687590888
179286733.94567797	0.02452365619456387
181477595.47742808	0.02472303551321886
183493662.3423062	0.024905799888652602
185701459.07860437	0.025105179207307593
187918040.20987818	0.025304558525962584
190143371.0602076	0.025503937844617575
192190914.78331894	0.025686702220051316
194432920.48467502	0.025886081538706307
196683577.0654506	0.026085460857361298
198754250.19095856	0.02626822523279504
201021395.35877115	0.02646760455145003
203297095.84203422	0.02666698387010502
205581319.59780484	0.026866363188760012
207682651.76409495	0.027049127564193753
209983123.5262849	0.027248506882848744
212292027.11968702	0.027447886201503735
214415903.0007325	0.027630650576937477
216740882.13231277	0.027830029895592467
219074204.53512877	0.028029409214247458
221415840.4820882	0.02822878853290245
223569618.19263843	0.02841155290833619
225927106.4879067	0.02861093222699118
228292823.40531	0.028810311545646172
230468601.49674353	0.028993075921079914
232850010.46717635	0.029192455239734905
235239565.68810517	0.029391834558389895
237437123.91865715	0.029574598933823637
239842215.6637165	0.029773978252478628
242255373.71285087	0.02997335757113362
244676571.1929359	0.03017273688978861
246903041.90477344	0.03035550126522235
249339574.15004313	0.030554880583877342
251784068.9543649	0.030754259902532333
254031828.6606929	0.030937024277966074
256491512.98810348	0.031136403596621065
258959085.16645014	0.031335782915276056
261434520.06152827	0.03153516223393105
263710554.6269252	0.03171792660936479
266200990.34357423	0.03191730592801978
268699216.8188957	0.03211668524667477
270996081.0298734	0.03229944962210851
273509172.285435	0.0324988289407635
276029984.281776	0.03269820825941849
278558493.44383997	0.032897587578073484
280883035.30014014	0.033080351953507225
283426232.2482042	0.033279731272162216
285977058.81568086	0.03347911059081721
288321999.4753267	0.03366187496625095
290887386.0562144	0.03386125428490594
293460336.4578178	0.03406063360356093
296040828.5094421	0.03426001292221592
298412885.91361547	0.03444277729764966
301007771.52922344	0.034642156616304653
303610135.2272008	0.034841535934959644
306002186.26755244	0.035024300310393386
308618823.2206693	0.03522367962904838
311242876.2692947	0.03542305894770337
313874324.5129986	0.03562243826635836
316292964.1730639	0.0358052026417921
318938528.7602497	0.03600458196044709
321591428.57770264	0.03620396127910208
324029679.9289977	0.03638672565453582
326696582.54543954	0.036586104973190814
329370761.8627761	0.036785484291845805
331828468.41509914	0.036968248667279546
334516539.68348986	0.03716762798593454
337211830.50247175	0.03736700730458953
339914321.5854506	0.03756638662324452
342397913.9665943	0.03774915099867826
345114152.2062182	0.03794853031733325
347837535.3280698	0.03814790963598824
350340230.46679956	0.038330674011421983
353077255.8133917	0.038530053330076974
355821371.91902745	0.038729432648731965
358572560.5084027	0.038928811967386956
361100680.87170094	0.0391115763428207
363865374.48440707	0.03931095566147569
366637088.0743379	0.03951033498013068
369183977.2375984	0.03969309935556442
371969096.3268396	0.03989247867421941
374761184.03912973	0.0400918579928744
377560223.0250652	0.04029123731152939
380132100.5532224	0.040474001686963135
382944414.78885263	0.040673381005618126
385763630.42640597	0.040872760324273116
388353959.7212303	0.04105552469970686
391186356.0432694	0.04125490401836185
394025604.9537478	0.04145428333701684
396871689.9535366	0.04165366265567183
399486592.52570325	0.04183642703110557
402345734.34428024	0.04203580634976056
405211664.8020185	0.042235185668415554
407844717.6490297	0.042417950043849295
410723614.9206144	0.042617329362504286
413609254.35576576	0.04281670868115928
416501620.2383778	0.04301608799981427
419158851.2968641	0.04319885237524801
422064066.0065556	0.043398231693903
424975961.9453107	0.04359761101255799
427651056.09862494	0.04378037538799173
430575715.0646875	0.04397975470664672
433507010.941267	0.044179134025301714
436199849.6960168	0.044361898400735456
439143824.49632335	0.044561277719390446
442094392.7589959	0.04476065703804544
445051539.7828003	0.04496003635670043
447768024.67286664	0.04514280073213417
450737740.25320464	0.04534218005078916
453713992.2713306	0.04554155936944415
456447953.13167894	0.04572432374487789
459436693.36501056	0.045923703063532884
462431928.5192578	0.046123082382187874
465433644.54113734	0.046322461700842865
468190898.89686674	0.04650522607627661
471204997.63147336	0.0467046053949316
474225536.7602305	0.04690398471358659
477000010.2973711	0.04708674908902033
480032855.28740877	0.04728612840767532
483072100.9470475	0.04748550772633031
486117733.8247179	0.0476848870449853
488915163.53825563	0.047867651420419044
491973001.2922717	0.048067030739074035
495037187.50976187	0.048266410057729026
497851590.6128354	0.04844917443316277
500927908.09956354	0.04864855375181776
504010535.9921885	0.04884793307047275
507099461.3991091	0.04904731238912774
509936497.60231394	0.04923007676456148
513037457.49763346	0.04942945608321647
516144677.75329506	0.04962883540187146
518998451.78799736	0.049811599777305204
522117635.94727045	0.050010979095960195
525243043.9628693	0.050210358414615186
528374663.46535945	0.05040973773327018
531250760.7917442	0.05059250210870392
534394251.3372807	0.05079188142735891
537543917.7091357	0.0509912607460139
540436526.8518038	0.05117402512144764
543597996.5029229	0.05137340444010263
546765606.9270096	0.05157278375875762
549674634.1652937	0.051755548134191365
552853981.2522293	0.051954927452846356
556039434.6489643	0.052154306771501346
559230982.6724545	0.05235368609015634
562161912.3986979	0.05253645046559008
565365109.3776525	0.05273582978424507
568574367.2870762	0.05293520910290006
571521501.6375474	0.0531179734783338
574742344.4509193	0.05331735279698879
577969215.0512707	0.053516732115643784
581202102.1996709	0.053716111434298774
584170857.9095888	0.053898875809732516
587415245.5887834	0.05409825512838751
590665617.3914466	0.0542976344470425
593650372.3702574	0.05448039882247624
596912183.0566268	0.05467977814113123
600179945.960529	0.05487915745978622
603453650.2597054	0.05507853677844121
606459756.0242198	0.05526130115387495
609744817.9621482	0.055460680472529944
613035790.0644503	0.055660059791184935
616057697.3569913	0.055842824166618676
619359967.7086266	0.05604220348527367
622668117.4811093	0.05624158280392866
625982136.2437289	0.05644096212258365
629025133.6586473	0.05662372649801739
632350372.3652078	0.05682310581667238
635681449.9531989	0.05702248513532737
638740058.3105153	0.057205249510761114
642082298.5761814	0.057404628829416104
645430348.0732541	0.057604008148071095
648784196.7395161	0.057803387466726086
651863643.8757098	0.05798615184215983
655228579.6807296	0.05818553116081482
658599285.6027958	0.05838491047946981
661694159.8296273	0.05856767485490355
665075897.6237805	0.05876705417355854
668463376.9151362	0.05896643349221353
671573601.7132522	0.059149197867647274
674972058.4283456	0.059348577186302265
678376228.4424813	0.059547956504957256
681786102.1829383	0.059747335823612246
684916822.2078286	0.05993010019904599
688337601.507988	0.06012947951770098
691764056.8865011	0.06032885883635597
694909952.5758554	0.06051162321178971
698347260.9058064	0.0607110025304447
701790218.0643438	0.06091038184909969
705238814.798646	0.061109761167754684
708404974.8177569	0.061292525543188425
711864355.0410947	0.061491904861843416
715329348.1103191	0.06169128418049841
718510514.7327806	0.06187404855593215
721986240.4215031	0.06207342787458714
725467552.6027416	0.06227280719324213
728954442.3261456	0.06247218651189712
732155650.0134313	0.06265495088733086
735653205.1647122	0.06285433020598585
739156311.9966599	0.06305370952464084
742372362.7533538	0.06323647390007459
745886085.7886572	0.06343585321872958
749405334.999563	0.06363523253738457
752930101.7220638	0.06383461185603956
756165977.4993347	0.0640173762314733
759701295.3832678	0.06421675555012829
763242105.7396554	0.06441613486878328
766492666.2848103	0.06459889924421702
770043980.1363361	0.06479827856287201
773600761.7590033	0.064997657881527
777163002.7601995	0.065197037200182
780433179.121361	0.06537980157561574
784005860.6132361	0.06557918089427073
787583977.2241799	0.06577856021292572
790868685.0109134	0.06596132458835946
794457195.9239581	0.06616070390701445
798051118.017164	0.06636008322566944
801350293.2254678	0.06654284760110318
804954564.0398371	0.06674222691975817
808564222.4090159	0.06694160623841316
812179260.3038386	0.06714098555706816
815497763.9770709	0.0673237499325019
819123090.3171351	0.06752312925115689
822753772.9679134	0.06772250856981188
826086597.3616537	0.06790527294524562
829727524.2493278	0.06810465226390061
833373784.5307624	0.0683040315825556
837025370.41617	0.06850341090121059
840377329.2483892	0.06868617527664433
844039100.8918604	0.06888555459529933
847706175.6125815	0.06908493391395432
851072312.8383311	0.06926769828938806
854749530.4138294	0.06946707760804305
858432028.8233153	0.06966645692669804
862119800.5047154	0.06986583624535303
865504883.8707813	0.07004860062078677
869202741.6376586	0.07024797993944176
872905850.8045905	0.07044735925809675
876304974.3981605	0.0706301236335305
880018127.9893718	0.07082950295218549
883736511.3786932	0.07102888227084048
887460117.2208846	0.07122826158949547
890878004.1084665	0.07141102596492921
894611599.2334687	0.0716104052835842
898350395.5632194	0.07180978460223919
901782188.4743587	0.07199254897767293
905530933.6090139	0.07219192829632792
909284858.9575548	0.07239130761498291
913043957.3814057	0.0725906869336379
916494335.9340034	0.07277345130907165
920263329.5727866	0.07297283062772664
924037475.6334038	0.07317220994638163
927501629.7818776	0.07335497432181537
931285631.7078388	0.07355435364047036
935074765.6475757	0.07375373295912535
938552640.8282508	0.07393649733455909
942351591.7494776	0.07413587665321408
946155654.5170181	0.07433525597186907
949964822.2708523	0.07453463529052406
953461038.131287	0.0747173996659578
957279971.3678389	0.0749167789846128
961103989.7389525	0.07511615830326779
964613801.293763	0.07529892267870153
968447547.3196275	0.07549830199735652
972286358.8581275	0.07569768131601151
976130229.2338527	0.0758970606346665
979658215.4469922	0.07607982501010024
983511763.3646094	0.07627920432875523
987370350.7992212	0.07647858364741023
990911810.7421274	0.07666134802284397
994780038.8996147	0.07686072734149896
998653287.4735465	0.07706010666015395
1002531549.9649886	0.07725948597880894
1006091022.973242	0.07744225035424268
1009978877.399548	0.07764162967289767
1013871726.9313343	0.07784100899155266
1017444554.9293207	0.0780237733669864
1021346960.5418365	0.0782231526856414
1025254342.6579722	0.07842253200429639
1029166694.9476272	0.07862191132295138
1032757378.6529895	0.07880467569838512
1036679239.502846	0.07900405501704011
1040606052.200497	0.0792034343356951
1044209975.2405034	0.07938619871112884
1048146261.5676851	0.07958557802978383
1052087481.6181616	0.07978495734843882
1056033629.2234818	0.07998433666709381
1059655254.666091	0.08016710104252756
1063610829.59395	0.08036648036118255
1067571314.2166357	0.08056585967983754
1071206066.2924356	0.08074862405527128
1075175944.1914804	0.08094800337392627
1079150714.11814	0.08114738269258126
1082798545.5915449	0.081330147068015
1086782675.1146069	0.08152952638666999
1090771679.187432	0.08172890570532498
1094765551.8605998	0.08192828502397997
1098430873.678117	0.08211104939941372
1102434061.2850072	0.0823104287180687
1106442100.263404	0.0825098080367237
1110120392.77916	0.08269257241215744
1114137713.8440864	0.08289195173081243
1118159869.2333055	0.08309133104946742
1122186853.1432965	0.08329071036812241
1125882491.8429854	0.08347347474355615
1129918714.2721276	0.08367285406221114
1133959748.413749	0.08387223338086613
1137668251.7781565	0.08405499775629988
1141718492.3907385	0.08425437707495487
1145773528.081825	0.08445375639360986
1149833353.187927	0.08465313571226485
1153559062.0829668	0.08483590008769859
1157628051.1439052	0.08503527940635358
1161701813.2152748	0.08523465872500857
1165440283.3001437	0.08541742310044231
1169523178.0452864	0.0856168024190973
1173610829.5636947	0.0858161817377523
1177703232.3263702	0.08601556105640729
1181458770.6555345	0.08619832543184103
1185560264.5855052	0.08639770475049602
1189666493.742961	0.08659708406915101
1193434692.2444224	0.08677984844458475
1197549982.0251133	0.08697922776323974
1201669991.1774032	0.08717860708189473
1205794714.301545	0.08737798640054972
1209579846.9957051	0.08756075077598346
1213713590.2069128	0.08776013009463846
1217852031.745949	0.08795950941329345
1221649725.9564831	0.08814227378872719
1225797157.747036	0.08834165310738218
1229949272.3761203	0.08854103242603717
1233759486.690425	0.08872379680147091
1237920562.0295913	0.0889231761201259
1242086304.8701813	0.08912255543878089
1246256709.988347	0.08932193475743588
1250083672.5811105	0.08950469913286963
1254262999.1936939	0.08970407845152462
1258446972.9472313	0.0899034577701796
1262286360.2017765	0.09008622214561335
1266479226.5787573	0.09028560146426834
1270676725.1065478	0.09048498078292333
1274878850.6789668	0.09068436010157832
1278734859.5035815	0.09086712447701206
1282945839.3671257	0.09106650379566705
1287161431.4781692	0.09126588311432204
1291029771.6725185	0.09144864748975579
1295254189.8491902	0.09164802680841078
1299483205.617294	0.09184740612706577
1303716813.9839623	0.09204678544572076
1307601651.8729916	0.0922295498211545
1311844048.8236437	0.09242892913980949
1316091023.9027216	0.09262830845846448
1319988101.9398556	0.09281107283389822
1324243837.9991992	0.09301045215255321
1328504137.8527489	0.0932098314712082
1332768996.6168234	0.0934092107898632
1336682451.202228	0.09359197516529694
1340956034.2845924	0.09379135448395193
1345234162.1224637	0.09399073380260692
1349159767.6292963	0.09417349817804066
1353446592.7810197	0.09437287749669565
1357737948.6642697	0.09457225681535064
1362033830.5006266	0.09477163613400563
