# f
4.55615843
4.775159216
4.994160002
5.213160788
5.432161574
5.65116236
5.870163145999999
6.089163932
6.3081647180000004
6.527165504
6.74616629
6.965167076
7.184167862
7.403168647999999
7.622169434
7.84117022
8.060171006000001
8.279171792
8.498172578
8.717173364
8.93617415
9.155174936
9.374175722
9.593176507999999
9.812177294
10.03117808
10.250178865999999
10.469179652000001
10.688180438
10.907181224
11.12618201
11.345182796
11.564183582
11.783184368
12.002185154
12.22118594
12.440186726
12.659187512
12.878188298
13.097189084
13.31618987
13.535190656
13.754191442
13.973192228
14.192193014
14.4111938
14.630194586
14.849195372
15.068196158
15.287196944
15.50619773
15.725198516
15.944199302
16.163200088
16.382200874
16.60120166
16.820202446
17.039203232
17.258204018
17.477204804
17.696205589999998
17.915206376
18.134207162000003
18.353207947999998
18.572208734
18.791209520000002
19.010210305999998
19.229211092
19.448211878000002
19.667212664
19.88621345
20.105214236000002
20.324215022
20.543215808
20.762216594
20.98121738
21.200218166
21.419218952
21.638219738
21.857220524
22.07622131
22.295222096
22.514222882
22.733223668
22.952224454
23.171225240000002
23.390226026
23.609226812
23.828227598
24.047228384
24.26622917
24.485229956
24.704230742
24.923231528
25.142232314
25.3612331
25.580233886
25.799234672
26.018235458
26.237236244
