# f
2.97049155
3.2014646050000004
3.43243766
3.6634107150000004
3.89438377
4.125356825000001
4.3563298800000005
4.587302935
4.81827599
5.049249045
5.2802221000000005
5.511195155
5.742168210000001
5.973141265000001
6.20411432
6.435087375
6.66606043
6.897033485000001
7.12800654
7.358979595
7.589952650000001
7.8209257050000005
8.05189876
8.282871815
8.51384487
8.744817925
8.97579098
9.206764035
9.43773709
9.668710145
9.8996832
10.130656255000002
10.361629310000001
10.592602365000001
10.823575420000001
11.054548475
11.28552153
11.516494585
11.74746764
11.978440695
12.209413750000001
12.440386805000001
12.67135986
12.902332915
13.13330597
13.364279025
13.59525208
13.826225135000001
14.057198190000001
14.288171245000001
14.5191443
14.750117355
14.98109041
15.212063465
15.443036520000001
15.674009575000001
15.904982630000001
16.135955685
16.36692874
16.597901795
16.82887485
17.059847905
17.29082096
17.521794015
17.75276707
17.983740125
18.21471318
18.445686235
18.676659290000003
18.907632345000003
19.138605400000003
19.369578455000003
19.600551510000003
19.831524565000002
20.062497620000002
20.293470675000002
20.52444373
20.755416785
20.98638984
21.217362895
21.44833595
21.679309005
21.91028206
22.141255115
22.37222817
22.603201225
22.83417428
23.065147335
23.29612039
23.527093445
23.758066499999998
23.989039554999998
24.220012609999998
24.450985665000005
24.681958720000004
24.912931775000004
25.143904830000004
25.374877885000004
25.605850940000003
25.836823995000003
