# f
4.49762656
4.741577137999999
4.985527716
5.229478294
5.4734288719999995
5.717379449999999
5.961330028
6.205280606
6.449231183999999
6.693181762
6.93713234
7.1810829179999995
7.425033495999999
7.668984073999999
7.912934652
8.15688523
8.400835808
8.644786386
8.888736964
9.132687542
9.376638119999999
9.620588697999999
9.864539275999999
10.108489853999998
10.352440432
10.59639101
10.840341588
11.084292166000001
11.328242744
11.572193322
11.8161439
12.060094478
12.304045056
12.547995634
12.791946212
13.035896789999999
13.279847367999999
13.523797945999998
13.767748523999998
14.011699101999998
14.255649680000001
14.499600258000001
14.743550836
14.987501414
15.231451992
15.47540257
15.719353148
15.963303726
16.207254304
16.451204882
16.69515546
16.939106038
17.183056616
17.427007193999998
17.670957772
17.91490835
18.158858928
18.402809506
18.646760084
18.890710662
19.13466124
19.378611818
19.622562396
19.866512974
20.110463552
20.35441413
20.598364708000002
20.842315286
21.086265864
21.330216442
21.57416702
21.818117598
22.062068176
22.306018754
22.549969332
22.79391991
23.037870488
23.281821066
23.525771644
23.769722222000002
24.013672800000002
24.257623378
24.501573956
24.745524534
24.989475112
25.23342569
25.477376268
25.721326846
25.965277424
26.209228002
26.45317858
26.697129158
26.941079736
27.185030314000002
27.428980892000002
27.67293147
27.916882048
28.160832626
28.404783204
28.648733782
