# f
2.5136207
2.7666654420000003
3.019710184
3.272754926
3.5257996680000003
3.77884441
4.031889152
4.284933894
4.537978636
4.791023378
5.04406812
5.2971128620000005
5.550157604000001
5.803202346
6.056247088
6.309291829999999
6.5623365719999995
6.815381314
7.068426056
7.321470798
7.57451554
7.827560282
8.080605024
8.333649766
8.586694508
8.83973925
9.092783992
9.345828734
9.598873476
9.851918218
10.10496296
10.358007702
10.611052444
10.864097186
11.117141928
11.37018667
11.623231412
11.876276154000001
12.129320896
12.382365638
12.63541038
12.888455122
13.141499864
13.394544606
13.647589348
13.90063409
14.153678832
14.406723574
14.659768316000001
14.912813058
15.1658578
15.418902542
15.671947284
15.924992026
16.178036768
16.43108151
16.684126252
16.937170994
17.190215736
17.443260478
17.69630522
17.949349962
18.202394704
18.455439446
18.708484188
18.96152893
19.214573672
19.467618414
19.720663156
19.973707898
20.22675264
20.479797382
20.732842124
20.985886866
21.238931608
21.491976349999998
21.745021091999998
21.998065834
22.251110576
22.504155318
22.75720006
23.010244802
23.263289544
23.516334286
23.769379028
24.02242377
24.275468512
24.528513254
24.781557996
25.034602738
25.28764748
25.540692222
25.793736964
26.046781706
26.299826448
26.55287119
26.805915932
27.058960673999998
27.312005415999998
27.565050158
