# f
1.85461398
2.134741104
2.414868228
2.6949953520000003
2.975122476
3.2552496
3.535376724
3.815503848
4.095630972
4.375758096
4.65588522
4.936012344
5.216139468
5.4962665920000005
5.776393716
6.05652084
6.336647964
6.616775088
6.896902212
7.177029336
7.45715646
7.737283584
8.017410708
8.297537832
8.577664956
8.857792080000001
9.137919204000001
9.418046328
9.698173452
9.978300576
10.2584277
10.538554824
10.818681948
11.098809072
11.378936196
11.65906332
11.939190444
12.219317568
12.499444692
12.779571816
13.05969894
13.339826064
13.619953188
13.900080312
14.180207436
14.46033456
14.740461684
15.020588808
15.300715932
15.580843056
15.86097018
16.141097304000002
16.421224428000002
16.701351552000002
16.981478676000002
17.2616058
17.541732924
17.821860048
18.101987172
18.382114296
18.66224142
18.942368544
19.222495668
19.502622792
19.782749916
20.06287704
20.343004164
20.623131288
20.903258412
21.183385536
21.46351266
21.743639784
22.023766908
22.303894032
22.584021156
22.864148280000002
23.144275404000002
23.424402528
23.704529652
23.984656776
24.2647839
24.544911024
24.825038148
25.105165272
25.385292396
25.66541952
25.945546644
26.225673768
26.505800892
26.785928016
27.06605514
27.346182264
27.626309388
27.906436512
28.186563636
28.46669076
28.746817884
29.026945008000002
29.307072132000002
29.587199256
