# f
3.48609835
3.7300459499999996
3.97399355
4.21794115
4.46188875
4.70583635
4.94978395
5.19373155
5.437679149999999
5.6816267499999995
5.92557435
6.16952195
6.413469549999999
6.65741715
6.901364749999999
7.145312349999999
7.38925995
7.63320755
7.877155149999999
8.121102749999999
8.36505035
8.60899795
8.85294555
9.09689315
9.340840749999998
9.58478835
9.828735949999999
10.07268355
10.31663115
10.56057875
10.80452635
11.048473949999998
11.29242155
11.536369149999999
11.78031675
12.02426435
12.268211949999998
12.51215955
12.756107149999998
13.00005475
13.244002349999999
13.48794995
13.73189755
13.975845149999998
14.21979275
14.463740349999998
14.70768795
14.951635549999999
15.195583149999997
15.43953075
15.683478349999998
15.92742595
16.17137355
16.41532115
16.65926875
16.903216349999997
17.14716395
17.391111549999998
17.63505915
17.87900675
18.12295435
18.36690195
18.610849549999998
18.85479715
19.098744749999998
19.34269235
19.58663995
19.830587549999997
20.07453515
20.318482749999998
20.56243035
20.806377949999998
21.050325549999997
21.29427315
21.538220749999997
21.78216835
22.026115949999998
22.270063549999996
22.514011149999998
22.757958749999997
23.00190635
23.245853949999997
23.48980155
23.733749149999998
23.977696749999996
24.22164435
24.465591949999997
24.70953955
24.953487149999997
25.19743475
25.441382349999998
25.685329949999996
25.92927755
26.173225149999997
26.41717275
26.661120349999997
26.905067949999996
27.149015549999998
27.392963149999996
27.63691075
