# f
5.48850485
5.702625183
5.916745516
6.130865849
6.3449861819999995
6.559106515
6.773226848
6.9873471810000005
7.201467514
7.415587846999999
7.62970818
7.843828513
8.057948846
8.272069178999999
8.486189512
8.700309845
8.914430178
9.128550511
9.342670844
9.556791177000001
9.77091151
9.985031843
10.199152176
10.413272508999999
10.627392841999999
10.841513175
11.055633508
11.269753841
11.483874174
11.697994507
11.912114840000001
12.126235173
12.340355506
12.554475839
12.768596171999999
12.982716504999999
13.196836838
13.410957171
13.625077504
13.839197837
14.053318169999999
14.267438503
14.481558836
14.695679169
14.909799502
15.123919835
15.338040168
15.552160501
15.766280834
15.980401167
16.1945215
16.408641832999997
16.622762166
16.836882498999998
17.051002832
17.265123165
17.479243498000002
17.693363831
17.907484164
18.121604497
18.33572483
18.549845163
18.763965495999997
18.978085829
19.192206161999998
19.406326495000002
19.620446828
19.834567161
20.048687494
20.262807827
20.47692816
20.691048493
20.905168826
21.119289158999997
21.333409492
21.547529824999998
21.761650158000002
21.975770491
22.189890824000003
22.404011157
22.618131489999996
22.832251823
23.046372155999997
23.260492489
23.474612821999997
23.688733155
23.902853487999998
24.116973821000002
24.331094154
24.545214487000003
24.75933482
24.973455152999996
25.187575486
25.401695818999997
25.615816152
25.829936484999998
26.044056818
26.258177150999998
26.472297484000002
26.686417817
