# f
4.97941799
5.18240737
5.38539675
5.58838613
5.79137551
5.99436489
6.19735427
6.40034365
6.60333303
6.80632241
7.00931179
7.21230117
7.41529055
7.61827993
7.82126931
8.02425869
8.22724807
8.43023745
8.63322683
8.83621621
9.03920559
9.24219497
9.44518435
9.64817373
9.85116311
10.05415249
10.25714187
10.46013125
10.66312063
10.86611001
11.06909939
11.27208877
11.47507815
11.67806753
11.88105691
12.08404629
12.28703567
12.49002505
12.69301443
12.89600381
13.09899319
13.30198257
13.50497195
13.70796133
13.91095071
14.11394009
14.31692947
14.51991885
14.72290823
14.92589761
15.12888699
15.33187637
15.53486575
15.73785513
15.94084451
16.14383389
16.34682327
16.54981265
16.752802029999998
16.95579141
17.15878079
17.36177017
17.564759549999998
17.76774893
17.97073831
18.17372769
18.376717069999998
18.57970645
18.78269583
18.98568521
19.188674589999998
19.39166397
19.59465335
19.79764273
20.000632109999998
20.20362149
20.40661087
20.60960025
20.812589629999998
21.015579010000003
21.21856839
21.42155777
21.624547149999998
21.827536530000003
22.03052591
22.23351529
22.436504669999998
22.639494050000003
22.84248343
23.04547281
23.248462189999998
23.451451570000003
23.65444095
23.85743033
24.060419709999998
24.263409090000003
24.46639847
24.66938785
24.872377229999998
25.075366610000003
