# f
2.29605715
2.5513094800000005
2.8065618100000003
3.06181414
3.3170664700000003
3.5723188000000006
3.8275711300000004
4.08282346
4.33807579
4.593328120000001
4.84858045
5.10383278
5.3590851100000005
5.614337440000001
5.869589770000001
6.1248421
6.380094430000001
6.635346760000001
6.890599090000001
7.1458514200000005
7.401103750000001
7.656356080000001
7.91160841
8.16686074
8.422113070000002
8.677365400000001
8.93261773
9.187870060000002
9.443122390000001
9.69837472
9.953627050000001
10.20887938
10.46413171
10.719384040000001
10.974636370000002
11.2298887
11.485141030000001
11.740393360000002
11.99564569
12.250898020000001
12.506150350000002
12.76140268
13.016655010000001
13.271907340000002
13.52715967
13.782412
14.037664330000002
14.292916660000003
14.54816899
14.803421320000002
15.058673650000003
15.31392598
15.569178310000002
15.824430640000003
16.07968297
16.3349353
16.590187630000003
16.84543996
17.10069229
17.355944620000002
17.61119695
17.86644928
18.121701610000002
18.37695394
18.63220627
18.887458600000002
19.14271093
19.39796326
19.653215590000002
19.90846792
20.16372025
20.418972580000002
20.674224910000003
20.92947724
21.184729570000002
21.439981900000003
21.69523423
21.95048656
22.205738890000003
22.46099122
22.71624355
22.971495880000003
23.22674821
23.48200054
23.737252870000003
23.9925052
24.24775753
24.503009860000002
24.75826219
25.01351452
25.268766850000002
25.524019180000003
25.77927151
26.034523840000002
26.289776170000003
26.5450285
26.800280830000002
27.055533160000003
27.31078549
27.566037820000002
