# f
7.16443904
7.313205770000001
7.461972500000001
7.61073923
7.75950596
7.90827269
8.05703942
8.20580615
8.354572880000001
8.503339610000001
8.65210634
8.800873070000002
8.9496398
9.09840653
9.24717326
9.39593999
9.54470672
9.69347345
9.842240180000001
9.991006910000001
10.139773640000001
10.28854037
10.437307100000002
10.58607383
10.73484056
10.88360729
11.03237402
11.18114075
11.329907480000001
11.478674210000001
11.62744094
11.776207670000002
11.9249744
12.073741130000002
12.22250786
12.37127459
12.52004132
12.66880805
12.817574780000001
12.966341510000001
13.115108240000001
13.26387497
13.412641700000002
13.56140843
13.710175160000002
13.85894189
14.00770862
14.156475350000001
14.305242080000001
14.454008810000001
14.602775540000001
14.751542270000002
14.900309
15.049075730000002
15.19784246
15.346609190000002
15.49537592
15.644142650000003
15.792909380000001
15.94167611
16.09044284
16.23920957
16.387976300000002
16.53674303
16.685509760000002
16.83427649
16.983043220000003
17.13180995
17.280576680000003
17.42934341
17.57811014
17.72687687
17.8756436
18.024410330000002
18.17317706
18.321943790000002
18.47071052
18.619477250000003
18.76824398
18.917010710000003
19.06577744
19.21454417
19.363310900000002
19.51207763
19.660844360000002
19.80961109
19.958377820000003
20.10714455
20.255911280000003
20.40467801
20.553444740000003
20.70221147
20.8509782
20.999744930000002
21.14851166
21.297278390000002
21.44604512
21.594811850000003
21.74357858
21.892345310000003
