# f		u
84075.97799807157	0.00021105794112408205
220192.40212496583	0.0004010100881357559
393920.8559033715	0.0005909622351474297
598376.4790468086	0.0007809143821591036
856680.1711461749	0.0009919723232831856
1114176.4338403314	0.0011819244702948595
1393291.420418835	0.0013718766173065333
1692464.2641461135	0.0015618287643182072
2010430.5100241015	0.001751780911329881
2384494.6408596416	0.001962838852453963
2738874.833789299	0.002152790999465637
3109255.3912897385	0.0023427431464773107
3494972.7741288724	0.0025326952934889846
3940823.2461887803	0.0027437532346130666
4357065.896177065	0.0029337053816247405
4787011.832374468	0.0031236575286364143
5230237.45512644	0.003313609675648088
5686356.186969486	0.003503561822659762
6207845.926862726	0.003714619763783844
6690052.416428212	0.003904571910795518
7184135.628940395	0.004094524057807192
7689816.646275876	0.004284476204818866
8264970.980187031	0.004495534145942948
8794302.286487224	0.0046854862929546215
9334475.01737354	0.004875438439966295
9885275.794595543	0.005065390586977969
10446503.365345065	0.005255342733989643
11082087.477638151	0.005466400675113725
11664714.640570767	0.005656352822125399
12257208.719556414	0.005846304969137073
12859408.054370528	0.006036257116148747
13539714.113168908	0.006247315057272829
14161905.330392351	0.0064372672042845025
14793345.486943107	0.006627219351296176
15433901.042635119	0.00681717149830785
16083444.080192812	0.007007123645319524
16815550.3964984	0.007218181586443606
17483670.07533447	0.00740813373345528
18160411.24758346	0.007598085880466954
18845665.44519245	0.007788038027478628
19539328.194074497	0.007977990174490301
20319804.080750547	0.008189048115614384
21030891.75083586	0.008379000262626057
21750085.98665147	0.008568952409637731
22477296.422267318	0.008758904556649405
23294603.51435371	0.008969962497773487
24038453.3886848	0.009159914644785161
24790056.535001762	0.009349866791796835
25549333.783038054	0.009539818938808509
26316208.339458853	0.009729771085820182
27177111.02378622	0.009940829026944265
27959782.19303098	0.010130781173955938
28749825.732474774	0.010320733320967612
29547173.477294337	0.010510685467979286
30441601.487719517	0.010721743409103368
31254153.62332242	0.010911695556115042
32073809.40253695	0.011101647703126716
32900507.786013436	0.01129159985013839
33734189.28138545	0.011481551997150063
34668621.616068885	0.011692609938274146
35516856.46350116	0.01188256208528582
36371898.549161226	0.012072514232297493
37233694.10390364	0.012262466379309167
38199101.62411615	0.012473524320433249
39074983.512315884	0.012663476467444923
39957459.396716185	0.012853428614456597
40846480.36914881	0.01304338076146827
41741998.59385247	0.013233332908479944
42744582.1873459	0.013444390849604027
43653664.34963767	0.0136343429966157
44569101.38996489	0.013824295143627374
45490849.49575589	0.014014247290639048
46418865.74832229	0.014204199437650722
47457295.32607551	0.014415257378774804
48398407.24210109	0.014605209525786478
49345659.17768339	0.014795161672798152
50299011.588600226	0.014985113819809825
51365399.76921086	0.015196171760933908
52331504.46529504	0.015386123907945581
53303591.32907431	0.015576076054957255
54281623.77065074	0.01576602820196893
55265565.86343829	0.015955980348980603
56365723.03501325	0.016167038290104685
57362025.94923059	0.01635699043711636
58364130.77387373	0.016546942584128033
59372004.109925665	0.016736894731139706
60498589.00017593	0.01694795267226379
61518533.17020701	0.017137904819275462
62544145.5188915	0.017327856966287136
63575394.89170136	0.01751780911329881
64612250.6422478	0.017707761260310484
65770851.31182351	0.017918819201434566
66819444.316290595	0.01810877134844624
67873551.45776822	0.018298723495457914
68933144.04072738	0.018488675642469588
70116868.32759054	0.01869973358359367
71187949.03354529	0.018889685730605343
72264428.69113903	0.019079637877617017
73346280.35716064	0.01926959002462869
74433477.4877973	0.019459542171640365
75647711.8738345	0.019670600112764447
76746108.44726294	0.01986055225977612
77849770.35415927	0.020050504406787795
78958672.5935528	0.02024045655379947
80072790.5172597	0.020430408700811142
81316786.93345766	0.020641466641935224
82441836.3435465	0.020831418788946898
83572026.92276052	0.021021370935958572
84707335.38973577	0.021211323082970246
85974763.77791159	0.021422381024094328
87120801.62164243	0.021612333171106002
88271886.89565164	0.021802285318117676
89427997.56357871	0.02199223746512935
90589111.87519205	0.022182189612141023
91885081.25459652	0.022393247553265105
93056688.63988362	0.02258319970027678
94233233.76543853	0.022773151847288453
95414695.9947928	0.022963103994300127
96733173.99971353	0.02317416193542421
97924950.1605554	0.023364114082435883
99121580.84027046	0.023554066229447557
100323046.42423996	0.02374401837645923
101529327.5337002	0.023933970523470904
102875264.43496422	0.024145028464594986
104091649.04949372	0.02433498061160666
105312790.35798334	0.024524932758618334
106538669.90341526	0.024714884905630008
107906293.29623908	0.02492594284675409
109142116.1287517	0.025115894993765764
110382621.1216051	0.025305847140777438
111627790.66870388	0.02549579928778911
112877607.36108251	0.025685751434800785
114271721.99803063	0.025896809375924867
115531293.02651325	0.02608676152293654
116795458.26045944	0.026276713669948215
118064201.06396966	0.02646666581695989
119337504.98056589	0.026656617963971563
120757616.76828244	0.026867675905095645
122040496.44825758	0.02705762805210732
123327887.15636283	0.027247580199118993
124619773.14095013	0.027437532346130666
126060455.29693982	0.02764859028725475
127361780.31591496	0.027838542434266422
128667552.6415425	0.028028494581278096
129977757.17808898	0.02821844672828977
131292378.98250665	0.028408398875301444
132758232.63527359	0.028619456816425526
134082131.38323888	0.0288094089634372
135410401.8585123	0.028999361110448874
136743029.7195316	0.029189313257460547
138228820.58893266	0.02940037119858463
139570600.90664047	0.029590323345596303
140916694.87849385	0.029780275492607977
142267088.72511983	0.02997022763961965
143621768.79835725	0.030160179786631325
145131979.497056	0.030371237727755407
146495664.029672	0.03056118987476708
147863593.1447747	0.030751142021778755
149235753.71237615	0.03094109416879043
150765323.5615396	0.03115215210991451
152146374.6199556	0.031342104256926184
153531617.0481761	0.03153205640393786
154921038.2024076	0.03172200855094953
156314625.55259597	0.031911960697961206
157867927.12088984	0.03212301863908529
159270269.12772575	0.03231297078609696
160676739.05723068	0.032502922933108636
162087324.8295145	0.03269287508012031
163502014.47012186	0.03288282722713198
165078690.59305832	0.033093885168256065
166502005.09791386	0.03328383731526774
167929386.87505603	0.03347378946227941
169360824.3677932	0.03366374160929109
170956053.24057212	0.03387479955041517
172396015.28706196	0.03406475169742684
173839997.7152652	0.03425470384443852
175287989.36251512	0.03444465599145019
176739979.15861192	0.034634608138461864
178357976.9907221	0.034845666079585946
179818371.37813854	0.03503561822659762
181282730.05142033	0.035225570373609294
182751042.30743313	0.03541552252062097
184387124.37745738	0.03562658046174505
185863748.32393885	0.035816532608756724
187344293.100781	0.0360064847557684
188828748.35206842	0.03619643690278007
190317103.80351302	0.036386389049791745
191975393.99600798	0.03659744699091583
193471949.82431653	0.0367873991379275
194972374.39882946	0.036977351284939175
196476657.76983854	0.03716730343195085
198152597.48043734	0.03737836137307493
199664994.8677403	0.037568313520086605
201181220.58095518	0.03775826566709828
202701264.97821635	0.03794821781410995
204225118.49014425	0.038138169961121626
205922744.98954973	0.03834922790224571
207454608.8614318	0.03853918004925738
208990252.53037438	0.038729132196269056
210529666.71567082	0.03891908434328073
212072842.2046427	0.039109036490292404
213791881.92118415	0.039320094431416486
215342967.98756182	0.03951004657842816
216897787.1220633	0.03969999872543983
218456330.38314393	0.03988995087245151
220192402.12496585	0.04010100881357559
221758778.35427484	0.04029096096058726
223328851.29755834	0.04048091310759894
224902612.27136198	0.04067086525461061
226480052.65313685	0.040860817401622285
228237069.13128433	0.04107187534274637
229822249.10611367	0.04126182748975804
231411082.04504618	0.041451779636769714
233003559.56860092	0.04164173178378139
234777243.432005	0.04185278972490547
236377387.8183547	0.042042741871917144
237981151.08399433	0.04223269401892882
239588525.08130157	0.04242264616594049
241199501.7174388	0.042612598312952166
242993691.29930082	0.04282365625407625
244612247.17286372	0.04301360840108792
246234380.85128656	0.043203560548099595
247860084.46063873	0.04339351269511127
249670599.24818888	0.04360457063623535
251303813.7530127	0.043794522783247025
252940574.02056223	0.0439844749302587
254580872.38612008	0.04417442707727037
256224701.23446035	0.04436437922428205
258055309.22125804	0.04457543716540613
259706566.5226869	0.0447653893124178
261361330.92585403	0.044955341459429476
263019595.01351297	0.04514529360644115
264681351.41527995	0.045335245753452824
266531834.43471488	0.045546303694576906
268200939.5036984	0.04573625584158858
269873514.2510836	0.045926207988600254
271549551.494059	0.04611616013561193
273415867.368209	0.04632721807673601
275099190.93545175	0.046517170223747684
276785954.9338169	0.04670712237075936
278476152.36024183	0.04689707451777103
280169776.2542555	0.047087026664782705
282055590.86431676	0.04729808460590679
283756425.74349153	0.04748803675291846
285460665.70318043	0.047677988899930135
287168303.95355785	0.04786794104694181
289069657.2291298	0.04807899898806589
290784447.53284883	0.048268951135077565
292502615.26028043	0.04845890328208924
294224153.7853843	0.04864885542910091
295949056.52096593	0.048838807576112586
297869552.8312291	0.04904986551723667
299601536.32955694	0.04923981766424834
301336863.78920025	0.049429769811260016
303075528.7787475	0.04961972195827169
305011285.37787336	0.04983077989939577
306756975.30936193	0.050020732046407446
308505982.9967384	0.05021068419341912
310258302.15832865	0.05040063634043079
312013926.5480046	0.05059058848744247
313968489.26336664	0.05080164642856655
315731071.0028517	0.05099159857557822
317496938.7617273	0.0511815507225899
319266086.43653595	0.05137150286960157
321038507.95770454	0.051561455016613245
323011697.55946475	0.05177251295773733
324791010.75257486	0.051962465104749
326573579.12223744	0.052152417251760674
328359396.7349415	0.05234236939877235
330347442.1910449	0.05255342733989643
332140099.9766009	0.052743379486908104
333935988.75081974	0.05293333163391978
335735102.71124405	0.05312328378093145
337537436.0865661	0.053313235927943126
339543797.6018613	0.05352429386906721
341352908.70564395	0.05371424601607888
343165221.465343	0.053904198163090555
344980730.2348304	0.05409415031010223
347001703.77740973	0.05430520825122631
348823941.2706939	0.054495160398237985
350649357.39722055	0.05468511254524966
352477946.63158005	0.05487506469226133
354309703.4770778	0.05506501683927301
356348697.31051666	0.05527607478039709
358187123.4120107	0.05546602692740876
360028700.2047634	0.055655979074420436
361873422.3075574	0.05584593122143211
363926795.9660471	0.05605698916255619
365778140.61953443	0.056246941309567866
367632614.0161807	0.05643689345657954
369490210.8862584	0.056626845603591214
371350925.98657835	0.05681679775060289
373422038.04848796	0.05702785569172697
375289318.97909784	0.057217807838738644
377159701.99511325	0.05740775998575032
379033181.96014124	0.05759771213276199
380909753.76321894	0.057787664279773665
382998453.58939815	0.05799872222089775
384881535.9352284	0.05818867436790942
386767694.3786976	0.058378626514921095
388656923.91121733	0.05856857866193277
390759663.6694479	0.05877963660305685
392655360.273726	0.058969588750068525
394554112.5398459	0.0591595408970802
396455915.5582217	0.05934949304409187
398360764.4428568	0.059539445191103546
400480829.602359	0.05975050313222763
402392092.7088018	0.0599404552792393
404306386.6294402	0.060130407426250976
406223706.57329965	0.06032035957326265
408357605.3072074	0.06053141751438673
410281297.8906891	0.060721369661398406
412208001.7361786	0.06091132180841008
414137712.1446831	0.06110127395542175
416070424.43913954	0.06129122610243343
418221397.6131156	0.06150228404355751
420160431.96082735	0.06169223619056918
422102453.7820266	0.06188218833758086
424047458.48803824	0.06207214048459253
426212067.7184435	0.06228319842571661
428163354.6514056	0.06247315057272829
430117610.3273854	0.06266310271973996
432074830.24334705	0.06285305486675163
434035009.9166834	0.06304300701376331
436216453.22512347	0.06325406495488739
438182866.6455304	0.06344401710189906
440152226.0063988	0.06363396924891074
442124526.90750635	0.06382392139592241
444099764.96828973	0.06401387354293409
446297913.4380243	0.06422493148405817
448279337.8713108	0.06441488363106984
450263685.9599894	0.06460483577808152
452250953.4027984	0.06479478792509319
454462447.0652369	0.06500584586621727
456455863.5488646	0.06519579801322894
458452186.12534547	0.06538575016024062
460451410.5703549	0.06557570230725229
462453532.67793673	0.06576565445426397
464681506.19779235	0.06597671239538805
466689731.8627738	0.06616666454239972
468700842.22115767	0.0663566166894114
470714833.14112127	0.06654656883642307
472955974.2630728	0.06675762677754715
474976032.8794053	0.06694757892455883
476998959.31540877	0.0671375310715705
479024749.51124185	0.06732748321858217
481053399.42425627	0.06751743536559385
483310803.9768024	0.06772849330671793
485345477.87135637	0.0679184454537296
487382999.01460516	0.06810839760074128
489423363.4333263	0.06829834974775295
491693764.90367186	0.06850940768887703
493740118.8194687	0.06869935983588871
495789303.7551594	0.06888931198290038
497841315.8049816	0.06907926412991205
499896151.0792944	0.06926921627692373
502182607.86242956	0.06948027421804781
504243390.5758579	0.06967022636505948
506306984.51456726	0.06986017851207116
508373385.8540416	0.07005013065908283
510442590.7853318	0.0702400828060945
512744990.9254786	0.07045114074721859
514820102.11165035	0.07064109289423026
516898005.1379824	0.07083104504124194
518978696.25842655	0.07102099718825361
521293840.7306244	0.07123205512937769
523380405.5932427	0.07142200727638937
525469746.99132496	0.07161195942340104
527561861.2400114	0.07180191157041271
529656744.6690751	0.07199186371742439
531987636.2818874	0.07220292165854847
534088353.77086276	0.07239287380556014
536191829.1142571	0.07258282595257182
538298058.7009925	0.07277277809958349
540641539.708374	0.07298383604070757
542753572.0137818	0.07317378818771925
544868347.418129	0.07336374033473092
546985862.3679153	0.0735536924817426
549106113.3234149	0.07374364462875427
551465152.325819	0.07395470256987835
553591167.7305734	0.07414465471689002
555719908.2156856	0.0743346068639017
557851370.2971337	0.07452455901091337
560222849.2735654	0.07473561695203745
562360045.565799	0.07492556909904913
564499952.7000473	0.0751155212460608
566642567.2465461	0.07530547339307248
568787885.788517	0.07549542554008415
571174740.2704623	0.07570648348120823
573325756.0847521	0.0758964356282199
575479465.3466896	0.07608638777523158
577635864.6920286	0.07627633992224325
579794950.769098	0.07646629206925493
582197082.3433464	0.07667735001037901
584361829.4590424	0.07686730215739068
586529252.9586169	0.07705725430440236
588699349.5412816	0.07724720645141403
591113699.0644671	0.07745826439253811
593289428.0376505	0.07764821653954979
595467819.9023784	0.07783816868656146
597648871.4074717	0.07802812083357313
599832579.3136301	0.07821807298058481
602262033.0385655	0.07842913092170889
604451338.3178723	0.07861908306872056
606643289.9956077	0.07880903521573224
608837884.8805578	0.07899898736274391
611279419.8324482	0.07921004530386799
613479584.3934687	0.07939999745087967
615682382.3068216	0.07958994959789134
617887810.4281995	0.07977990174490301
620095865.6245321	0.07996985389191469
622552337.6276927	0.08018091183303877
624765928.6324863	0.08037086398005044
626982137.0360373	0.08056081612706212
629200959.7507739	0.08075076827407379
631669380.7484224	0.08096182621519787
633893712.4740936	0.08115177836220955
636120648.9745955	0.08134173050922122
638350187.2067645	0.0815316826562329
640582324.1380776	0.08172163480324457
643065520.4658343	0.08193269274436865
645303133.6286623	0.08212264489138033
647543336.1234989	0.082312597038392
649786124.9609234	0.08250254918540367
652031497.1618456	0.08269250133241535
654529381.4230746	0.08290355927353943
656780197.6543427	0.0830935114205511
659033588.0462455	0.08328346356756278
661289549.6615427	0.08347341571457445
663799185.7509534	0.08368447365569853
666060565.9038489	0.0838744258027102
668324508.2059554	0.08406437794972188
670591009.7609112	0.08425433009673355
672860067.6821558	0.08444428224374523
675384237.8589014	0.08465534018486931
677658683.1178862	0.08484529233188098
679935675.8248239	0.08503524447889266
682215213.1328691	0.08522519662590433
684751013.3220848	0.08543625456702841
687035913.2596923	0.08562620671404009
689323349.0022184	0.08581615886105176
691613317.7416309	0.08600611100806344
693905816.679206	0.08619606315507511
696456001.8448628	0.08640712109619919
698753833.1626133	0.08659707324321086
701054186.0303522	0.08678702539022254
703357057.6870865	0.08697697753723421
705918754.760764	0.0871880354783583
708226934.8346313	0.08737798762536997
710537625.1653891	0.08756793977238164
712850823.0289346	0.08775789191939332
715166525.7100145	0.08794784406640499
717742463.1464505	0.08815890200752907
720063444.8984503	0.08834885415454075
722386923.0766027	0.08853880630155242
724712895.0015364	0.0887287584485641
727041358.0024889	0.08891871059557577
729631457.5093387	0.08912976853669985
731965170.7163777	0.08931972068371152
734301366.7449502	0.0895096728307232
736640042.9592056	0.08969962497773487
739241477.7504507	0.08991068291885895
741585381.2938985	0.09010063506587063
743931756.8759778	0.0902905872128823
746280601.8949957	0.09048053935989397
748631913.7574562	0.09067049150690565
751247372.5607486	0.09088154944802973
753603883.7235403	0.0910715015950414
755962853.7130761	0.09126145374205308
758324279.9691118	0.09145140588906475
760950964.6226581	0.09166246383018883
763317567.9583424	0.09185241597720051
765686619.646175	0.09204236812421218
768058117.1584588	0.09223232027122386
770432057.97531	0.09242227241823553
773072632.5429903	0.09263333035935961
775451723.2070135	0.09282328250637129
777833249.3854905	0.09301323465338296
780217208.5902371	0.09320318680039463
782868902.6835842	0.09341424474151871
785257990.1402487	0.09360419688853039
787649502.9306607	0.09379414903554206
790043438.5976769	0.09398410118255374
792439794.6916072	0.09417405332956541
795105248.375823	0.09438511127068949
797506706.248568	0.09457506341770117
799910576.974223	0.09476501556471284
