!OMP_NUM_THREADS key E mu kr mu_r 
 4         0     1.50000e+11     4.33330e-01     8.00000e+03     4.42860e-01 
 4         1     1.25000e+11     3.66670e-01     6.00000e+03     3.85710e-01 
 4         2     1.75000e+11     4.77780e-01     4.00000e+03     3.28570e-01 
 4         3     1.12500e+11     4.11110e-01     2.00000e+03     2.71430e-01 
 4         4     1.62500e+11     3.44440e-01     9.60000e+03     2.14290e-01 
 4         5     1.37500e+11     4.55560e-01     7.60000e+03     1.57140e-01 
 4         6     1.87500e+11     3.88890e-01     5.60000e+03     4.91840e-01 
 4         7     1.06250e+11     3.22220e-01     3.60000e+03     4.34690e-01 
 4         8     1.56250e+11     4.92590e-01     1.60000e+03     3.77550e-01 
 4         9     1.31250e+11     4.25930e-01     9.20000e+03     3.20410e-01 
 4        10     1.81250e+11     3.59260e-01     7.20000e+03     2.63270e-01 
 4        11     1.18750e+11     4.70370e-01     5.20000e+03     2.06120e-01 
 4        12     1.68750e+11     4.03700e-01     3.20000e+03     1.48980e-01 
 4        13     1.43750e+11     3.37040e-01     1.20000e+03     4.83670e-01 
 4        14     1.93750e+11     4.48150e-01     8.80000e+03     4.26530e-01 
 4        15     1.03125e+11     3.81480e-01     6.80000e+03     3.69390e-01 
 4        16     1.53125e+11     3.14820e-01     4.80000e+03     3.12240e-01 
 4        17     1.28125e+11     4.85180e-01     2.80000e+03     2.55100e-01 
 4        18     1.78125e+11     4.18520e-01     8.00000e+02     1.97960e-01 
 4        19     1.15625e+11     3.51850e-01     8.40000e+03     1.40820e-01 
 4        20     1.65625e+11     4.62960e-01     6.40000e+03     4.75510e-01 
 4        21     1.40625e+11     3.96300e-01     4.40000e+03     4.18370e-01 
 4        22     1.90625e+11     3.29630e-01     2.40000e+03     3.61220e-01 
 4        23     1.09375e+11     4.40740e-01     4.00000e+02     3.04080e-01 
 4        24     1.59375e+11     3.74070e-01     9.92000e+03     2.46940e-01 
 4        25     1.34375e+11     3.07410e-01     7.92000e+03     1.89800e-01 
 4        26     1.84375e+11     4.97530e-01     5.92000e+03     1.32650e-01 
 4        27     1.21875e+11     4.30860e-01     3.92000e+03     4.67350e-01 
 4        28     1.71875e+11     3.64200e-01     1.92000e+03     4.10200e-01 
 4        29     1.46875e+11     4.75310e-01     9.52000e+03     3.53060e-01 
 4        30     1.96875e+11     4.08640e-01     7.52000e+03     2.95920e-01 
 4        31     1.01562e+11     3.41970e-01     5.52000e+03     2.38780e-01 
 4        32     1.51562e+11     4.53090e-01     3.52000e+03     1.81630e-01 
 4        33     1.26562e+11     3.86420e-01     1.52000e+03     1.24490e-01 
 4        34     1.76562e+11     3.19750e-01     9.12000e+03     4.59180e-01 
 4        35     1.14062e+11     4.90120e-01     7.12000e+03     4.02040e-01 
 4        36     1.64062e+11     4.23460e-01     5.12000e+03     3.44900e-01 
 4        37     1.39062e+11     3.56790e-01     3.12000e+03     2.87750e-01 
 4        38     1.89062e+11     4.67900e-01     1.12000e+03     2.30610e-01 
 4        39     1.07812e+11     4.01240e-01     8.72000e+03     1.73470e-01 
 4        40     1.57812e+11     3.34570e-01     6.72000e+03     1.16330e-01 
 4        41     1.32812e+11     4.45680e-01     4.72000e+03     4.51020e-01 
 4        42     1.82812e+11     3.79010e-01     2.72000e+03     3.93880e-01 
 4        43     1.20312e+11     3.12350e-01     7.20000e+02     3.36740e-01 
 4        44     1.70312e+11     4.82720e-01     8.32000e+03     2.79590e-01 
 4        45     1.45312e+11     4.16050e-01     6.32000e+03     2.22450e-01 
 4        46     1.95312e+11     3.49380e-01     4.32000e+03     1.65310e-01 
 4        47     1.04688e+11     4.60490e-01     2.32000e+03     1.08160e-01 
 4        48     1.54688e+11     3.93830e-01     3.20000e+02     4.98830e-01 
 4        49     1.29688e+11     3.27160e-01     9.84000e+03     4.41690e-01 
 4        50     1.79688e+11     4.38270e-01     7.84000e+03     3.84550e-01 
 4        51     1.17188e+11     3.71610e-01     5.84000e+03     3.27410e-01 
 4        52     1.67188e+11     3.04940e-01     3.84000e+03     2.70260e-01 
 4        53     1.42188e+11     4.95060e-01     1.84000e+03     2.13120e-01 
 4        54     1.92188e+11     4.28400e-01     9.44000e+03     1.55980e-01 
 4        55     1.10938e+11     3.61730e-01     7.44000e+03     4.90670e-01 
 4        56     1.60938e+11     4.72840e-01     5.44000e+03     4.33530e-01 
 4        57     1.35938e+11     4.06170e-01     3.44000e+03     3.76390e-01 
 4        58     1.85938e+11     3.39510e-01     1.44000e+03     3.19240e-01 
 4        59     1.23438e+11     4.50620e-01     9.04000e+03     2.62100e-01 
 4        60     1.73438e+11     3.83950e-01     7.04000e+03     2.04960e-01 
 4        61     1.48438e+11     3.17280e-01     5.04000e+03     1.47810e-01 
 4        62     1.98438e+11     4.87650e-01     3.04000e+03     4.82510e-01 
 4        63     1.00781e+11     4.20990e-01     1.04000e+03     4.25360e-01 
 4        64     1.50781e+11     3.54320e-01     8.64000e+03     3.68220e-01 
 4        65     1.25781e+11     4.65430e-01     6.64000e+03     3.11080e-01 
 4        66     1.75781e+11     3.98760e-01     4.64000e+03     2.53940e-01 
 4        67     1.13281e+11     3.32100e-01     2.64000e+03     1.96790e-01 
 4        68     1.63281e+11     4.43210e-01     6.40000e+02     1.39650e-01 
 4        69     1.38281e+11     3.76540e-01     8.24000e+03     4.74340e-01 
 4        70     1.88281e+11     3.09880e-01     6.24000e+03     4.17200e-01 
 4        71     1.07031e+11     4.80250e-01     4.24000e+03     3.60060e-01 
 4        72     1.57031e+11     4.13580e-01     2.24000e+03     3.02910e-01 
 4        73     1.32031e+11     3.46910e-01     2.40000e+02     2.45770e-01 
 4        74     1.82031e+11     4.58030e-01     9.76000e+03     1.88630e-01 
 4        75     1.19531e+11     3.91360e-01     7.76000e+03     1.31490e-01 
 4        76     1.69531e+11     3.24690e-01     5.76000e+03     4.66180e-01 
 4        77     1.44531e+11     4.35800e-01     3.76000e+03     4.09040e-01 
 4        78     1.94531e+11     3.69140e-01     1.76000e+03     3.51900e-01 
 4        79     1.03906e+11     3.02470e-01     9.36000e+03     2.94750e-01 
 4        80     1.53906e+11     4.99180e-01     7.36000e+03     2.37610e-01 
 4        81     1.28906e+11     4.32510e-01     5.36000e+03     1.80470e-01 
 4        82     1.78906e+11     3.65840e-01     3.36000e+03     1.23320e-01 
 4        83     1.16406e+11     4.76960e-01     1.36000e+03     4.58020e-01 
 4        84     1.66406e+11     4.10290e-01     8.96000e+03     4.00870e-01 
 4        85     1.41406e+11     3.43620e-01     6.96000e+03     3.43730e-01 
 4        86     1.91406e+11     4.54730e-01     4.96000e+03     2.86590e-01 
 4        87     1.10156e+11     3.88070e-01     2.96000e+03     2.29450e-01 
 4        88     1.60156e+11     3.21400e-01     9.60000e+02     1.72300e-01 
 4        89     1.35156e+11     4.91770e-01     8.56000e+03     1.15160e-01 
 4        90     1.85156e+11     4.25100e-01     6.56000e+03     4.49850e-01 
 4        91     1.22656e+11     3.58440e-01     4.56000e+03     3.92710e-01 
 4        92     1.72656e+11     4.69550e-01     2.56000e+03     3.35570e-01 
 4        93     1.47656e+11     4.02880e-01     5.60000e+02     2.78430e-01 
 4        94     1.97656e+11     3.36210e-01     8.16000e+03     2.21280e-01 
 4        95     1.02344e+11     4.47320e-01     6.16000e+03     1.64140e-01 
 4        96     1.52344e+11     3.80660e-01     4.16000e+03     1.07000e-01 
 4        97     1.27344e+11     3.13990e-01     2.16000e+03     4.97670e-01 
 4        98     1.77344e+11     4.84360e-01     1.60000e+02     4.40520e-01 
 4        99     1.14844e+11     4.17690e-01     9.68000e+03     3.83380e-01 
