!OMP_NUM_THREADS key E mu kr mu_r 
 4         0     1.29285e+11     3.33840e-01     8.78709e+03     3.51550e-01 
 4         1     1.32888e+11     3.35670e-01     7.60951e+03     4.01020e-01 
 4         2     1.33016e+11     3.23780e-01     9.70386e+03     4.41300e-01 
 4         3     1.30515e+11     3.46930e-01     7.30167e+03     3.80120e-01 
 4         4     1.30708e+11     3.51190e-01     7.16503e+03     3.63900e-01 
 4         5     1.23869e+11     3.82910e-01     4.26971e+03     3.32030e-01 
 4         6     1.28951e+11     3.44930e-01     7.63758e+03     4.04420e-01 
 4         7     1.29928e+11     3.48570e-01     6.68939e+03     3.62310e-01 
 4         8     1.28548e+11     3.60330e-01     6.54167e+03     3.91150e-01 
 4         9     1.28809e+11     3.47240e-01     7.92731e+03     3.87530e-01 
 4        10     1.29632e+11     3.44540e-01     7.80852e+03     4.21110e-01 
 4        11     1.34531e+11     3.30720e-01     8.17583e+03     4.49420e-01 
 4        12     1.32142e+11     3.37520e-01     6.28412e+03     3.67950e-01 
 4        13     1.25458e+11     3.28590e-01     1.02449e+04     4.76970e-01 
 4        14     1.26110e+11     3.45950e-01     7.60916e+03     4.28730e-01 
 4        15     1.47155e+11     2.98550e-01     6.36788e+03     2.33040e-01 
 4        16     1.37698e+11     3.42800e-01     4.90620e+03     1.49260e-01 
 4        17     1.47672e+11     3.11850e-01     5.17709e+03     1.26200e-01 
 4        18     1.45088e+11     3.07330e-01     6.50557e+03     1.57100e-01 
 4        19     1.51518e+11     3.19480e-01     4.62546e+03     1.96750e-01 
 4        20     1.45801e+11     3.43290e-01     4.39689e+03     1.78250e-01 
 4        21     1.44604e+11     3.42420e-01     3.78360e+03     1.86050e-01 
 4        22     1.48566e+11     3.00460e-01     5.77659e+03     2.05480e-01 
 4        23     1.34083e+11     3.63470e-01     4.96639e+03     2.47350e-01 
 4        24     1.55498e+11     3.14650e-01     4.54810e+03     1.85200e-01 
 4        25     1.42547e+11     3.43110e-01     4.42456e+03     1.58190e-01 
 4        26     1.21182e+11     4.31830e-01     3.27622e+03     3.37140e-01 
 4        27     1.21698e+11     4.76980e-01     7.99529e+02     4.74950e-01 
 4        28     1.18505e+11     4.78830e-01     1.22770e+03     4.79980e-01 
 4        29     1.18639e+11     3.92420e-01     5.98555e+03     2.61960e-01 
 4        30     1.19221e+11     4.92590e-01     4.69822e+02     4.39980e-01 
 4        31     1.10292e+11     4.75060e-01     3.15551e+03     4.77790e-01 
 4        32     1.21932e+11     3.43830e-01     8.34912e+03     1.70580e-01 
 4        33     1.19746e+11     4.24950e-01     3.57532e+03     3.00900e-01 
 4        34     1.18488e+11     3.99630e-01     6.17777e+03     2.64470e-01 
 4        35     1.24465e+11     4.13910e-01     3.52691e+03     2.85880e-01 
 4        36     1.18328e+11     3.71790e-01     6.57575e+03     1.39210e-01 
 4        37     1.18620e+11     4.40330e-01     2.83261e+03     3.40160e-01 
 4        38     1.22299e+11     4.22980e-01     2.78316e+03     3.14470e-01 
 4        39     1.17053e+11     4.34990e-01     3.95456e+03     3.99410e-01 
 4        40     1.24422e+11     4.23350e-01     3.29827e+03     3.81990e-01 
 4        41     1.17385e+11     5.24940e-01    -1.41417e+03     5.76610e-01 
 4        42     1.09483e+11     3.72270e-01     8.63757e+03     2.04000e-01 
 4        43     1.14587e+11     4.25410e-01     4.35192e+03     3.88320e-01 
 4        44     1.35148e+11     3.32030e-01     3.94905e+03     1.24510e-01 
 4        45     1.31907e+11     3.81730e-01     1.60495e+02     7.99000e-02 
 4        46     1.30295e+11     4.02910e-01    -9.11048e+01     1.09190e-01 
 4        47     1.27723e+11     3.91230e-01     2.75787e+03     2.76370e-01 
 4        48     1.30302e+11     3.79000e-01     2.31989e+03     1.27160e-01 
 4        49     1.35926e+11     3.24250e-01     5.58942e+03     2.13190e-01 
 4        50     1.19897e+11     3.92900e-01     3.11494e+03     1.29680e-01 
 4        51     1.27286e+11     3.79830e-01     1.86185e+03     1.24440e-01 
 4        52     1.16970e+11     3.66580e-01     5.53397e+03     3.50250e-01 
 4        53     1.07559e+11     3.75350e-01     4.70357e+03     3.38380e-01 
 4        54     1.12279e+11     3.85360e-01     4.37767e+03     3.15830e-01 
 4        55     1.26793e+11     3.70080e-01     4.78512e+03     3.38100e-01 
 4        56     1.14891e+11     3.72170e-01     4.80176e+03     3.82510e-01 
 4        57     1.36583e+11     3.66140e-01     3.15319e+03     3.42530e-01 
 4        58     1.45888e+11     3.20240e-01     4.72325e+03     2.96230e-01 
 4        59     1.51142e+11     3.22740e-01     5.04450e+03     2.86530e-01 
 4        60     1.56162e+11     2.95180e-01     4.99004e+03     2.67290e-01 
 4        61     1.44114e+11     3.31780e-01     4.81423e+03     3.65160e-01 
 4        62     1.46606e+11     3.19100e-01     5.62511e+03     3.47250e-01 
 4        63     1.47304e+11     3.13950e-01     6.39436e+03     2.60280e-01 
 4        64     1.67044e+11     2.74010e-01     5.96911e+03     2.96890e-01 
 4        65     1.48931e+11     3.28820e-01     4.92410e+03     3.64930e-01 
 4        66     1.57237e+11     3.00640e-01     5.20795e+03     3.42080e-01 
 4        67     1.30555e+11     3.18650e-01     8.42687e+03     9.40600e-02 
 4        68     1.18181e+11     3.80590e-01     5.84604e+03     2.91110e-01 
 4        69     1.15809e+11     3.82630e-01     4.32562e+03     3.75040e-01 
 4        70     1.17589e+11     3.83460e-01     5.12244e+03     3.39310e-01 
 4        71     1.26262e+11     3.48060e-01     5.32528e+03     2.90120e-01 
 4        72     1.23608e+11     3.65770e-01     4.29720e+03     3.63900e-01 
 4        73     1.23244e+11     3.62400e-01     4.03069e+03     3.89120e-01 
 4        74     1.24127e+11     3.66290e-01     5.24186e+03     3.53740e-01 
 4        75     1.27417e+11     3.67040e-01     2.85966e+03     4.22770e-01 
 4        76     1.17465e+11     3.63380e-01     5.58665e+03     3.90390e-01 
 4        77     1.27460e+11     3.67450e-01     3.80768e+03     3.67110e-01 
 4        78     1.29758e+11     3.70130e-01     3.97933e+03     3.81630e-01 
 4        79     1.12610e+11     3.69370e-01     5.21887e+03     3.71770e-01 
 4        80     1.20023e+11     3.70510e-01     6.24524e+03     3.83770e-01 
 4        81     1.02986e+11     4.27680e-01     5.30540e+03     1.16540e-01 
 4        82     1.18731e+11     4.09190e-01     2.56061e+03     1.32730e-01 
 4        83     1.33710e+11     3.36860e-01     5.84869e+03     3.65750e-01 
 4        84     1.18751e+11     3.98440e-01     6.90357e+03     2.28620e-01 
 4        85     1.25698e+11     3.97300e-01     4.80811e+03     3.16350e-01 
 4        86     1.03471e+11     4.13650e-01     9.39825e+03     2.23960e-01 
 4        87     1.23599e+11     3.93420e-01     7.24772e+03     1.16760e-01 
 4        88     1.24497e+11     3.91100e-01     6.40424e+03     2.75860e-01 
 4        89     1.13249e+11     3.89590e-01     8.12875e+03     1.58780e-01 
 4        90     1.22462e+11     3.76180e-01     7.82011e+03     2.17270e-01 
 4        91     1.13345e+11     3.88460e-01     8.43926e+03     1.13850e-01 
 4        92     1.36053e+11     3.66830e-01     3.02668e+03     3.53360e-01 
 4        93     1.37310e+11     3.60180e-01     2.46755e+03     3.83060e-01 
 4        94     1.33517e+11     3.33490e-01     6.43645e+03     3.49310e-01 
 4        95     1.35471e+11     3.52070e-01     4.17328e+03     2.15570e-01 
 4        96     1.48377e+11     3.81730e-01     1.54961e+03     2.45230e-01 
 4        97     1.37809e+11     4.29490e-01    -4.70779e+02     2.80440e-01 
 4        98     1.32882e+11     3.76900e-01     3.67392e+03     2.96700e-01 
 4        99     1.45260e+11     3.77410e-01     2.35673e+03     2.97440e-01 
