# f
7.05922391
7.33664473
7.61406555
7.89148637
8.16890719
8.44632801
8.72374883
9.00116965
9.278590470000001
9.55601129
9.83343211
10.11085293
10.38827375
10.66569457
10.943115389999999
11.22053621
11.49795703
11.77537785
12.052798670000001
12.330219490000001
12.60764031
12.88506113
13.16248195
13.43990277
13.71732359
13.99474441
14.27216523
14.54958605
14.82700687
15.10442769
15.381848510000001
15.65926933
15.93669015
16.21411097
16.49153179
16.76895261
17.046373430000003
17.32379425
17.601215070000002
17.878635889999998
18.15605671
18.43347753
18.71089835
18.98831917
19.26573999
19.54316081
19.82058163
20.098002450000003
20.37542327
20.652844090000002
20.93026491
21.20768573
21.48510655
21.76252737
22.03994819
22.31736901
22.59478983
22.87221065
23.14963147
23.427052290000002
23.704473110000002
23.981893930000002
24.25931475
24.53673557
24.81415639
25.09157721
25.36899803
25.64641885
25.92383967
26.20126049
26.478681310000002
26.756102130000002
27.033522950000002
27.31094377
27.58836459
27.86578541
28.14320623
28.42062705
28.69804787
28.97546869
29.252889510000003
29.530310330000002
29.807731150000002
30.085151970000002
30.36257279
30.63999361
30.91741443
31.19483525
31.47225607
31.74967689
32.02709771
32.30451853
32.58193935
32.85936017
33.136780990000005
33.41420181
33.69162263
33.96904345
34.246464270000004
34.52388509
