# f
2.4030067
2.7920283780000004
3.181050056
3.570071734
3.959093412
4.34811509
4.737136768
5.126158446
5.5151801240000005
5.904201801999999
6.29322348
6.682245158000001
7.0712668359999995
7.460288514
7.849310192000001
8.23833187
8.627353548
9.016375226
9.405396904
9.794418582
10.18344026
10.572461938
10.961483616
11.350505294
11.739526972
12.12854865
12.517570328
12.906592006
13.295613684000001
13.684635362
14.07365704
14.462678718
14.851700396
15.240722074
15.629743752
16.01876543
16.407787107999997
16.796808786
17.185830464
17.574852141999997
17.96387382
18.352895498
18.741917175999998
19.130938853999996
19.519960532
19.908982209999998
20.298003887999997
20.687025566
21.076047243999998
21.465068921999997
21.8540906
22.243112277999998
22.632133955999997
23.021155634
23.410177312
23.799198989999997
24.188220668
24.577242346
24.966264023999997
25.355285701999996
25.74430738
26.133329057999998
26.522350735999996
26.911372414
27.300394091999998
27.689415769999997
28.078437448
28.467459125999998
28.856480803999997
29.245502482
29.634524159999998
30.023545837999997
30.412567515999996
30.801589193999998
31.190610871999997
31.579632549999996
31.968654228
32.357675906
32.746697583999996
33.135719262
33.52474094
33.913762618
34.302784296
34.691805974
35.080827651999996
35.469849329999995
35.858871007999994
36.247892686
36.636914364
37.025936042
37.41495772
37.803979397999996
38.193001075999994
38.582022754
38.971044432
39.36006611
39.749087788
40.138109465999996
40.527131143999995
40.916152821999994
