# f
8.13733378
8.2108649235
8.284396067000001
8.3579272105
8.431458354
8.5049894975
8.578520641
8.652051784500001
8.725582928000001
8.7991140715
8.872645215
8.9461763585
9.019707502000001
9.093238645500001
9.166769789
9.2403009325
9.313832076
9.387363219500001
9.460894363000001
9.5344255065
9.60795665
9.6814877935
9.755018937000001
9.828550080500001
9.902081224
9.9756123675
10.049143511
10.1226746545
10.196205798000001
10.2697369415
10.343268085000002
10.4167992285
10.490330372
10.563861515500001
10.637392659
10.710923802500002
10.784454946
10.8579860895
10.931517233000001
11.005048376500001
11.078579520000002
11.1521106635
11.225641807
11.299172950500001
11.372704094000001
11.446235237500002
11.519766381
11.5932975245
11.666828668
11.740359811500001
11.813890955000002
11.8874220985
11.960953242
12.0344843855
12.108015529000001
12.181546672500001
12.255077816
12.328608959500002
12.402140103
12.475671246500001
12.549202390000001
12.6227335335
12.696264677000002
12.7697958205
12.843326964000001
12.916858107500001
12.990389251
13.063920394500002
13.137451538
13.2109826815
13.284513825000001
13.3580449685
13.431576112000002
13.5051072555
13.578638399
13.652169542500001
13.725700686000001
13.799231829500002
13.872762973
13.9462941165
14.019825260000001
14.093356403500001
14.166887547000002
14.2404186905
14.313949834
14.387480977500001
14.461012121000001
14.534543264500002
14.608074408
14.681605551500002
14.755136695000001
14.828667838500001
14.902198982000002
14.9757301255
15.049261269000002
15.1227924125
15.196323556000001
15.269854699500002
15.343385843
15.416916986500002
