# f
3.50179586
3.778900311
4.056004762
4.333109213
4.610213664
4.887318115
5.164422566
5.441527017
5.718631468
5.9957359189999995
6.27284037
6.549944821
6.827049272
7.104153723
7.381258173999999
7.6583626250000005
7.935467076
8.212571527
8.489675978
8.766780428999999
9.04388488
9.320989331
9.598093782
9.875198232999999
10.152302683999999
10.429407135
10.706511586
10.983616036999999
11.260720487999999
11.537824938999998
11.81492939
12.092033841
12.369138291999999
12.646242742999998
12.923347193999998
13.200451645
13.477556095999999
13.754660546999999
14.031764997999998
14.308869449
14.585973899999999
14.863078350999999
15.140182801999998
15.417287252999998
15.694391704
15.971496154999999
16.248600606
16.525705057
16.802809508
17.079913959
17.35701841
17.634122860999998
17.911227311999998
18.188331763
18.465436214
18.742540665
19.019645116
19.296749567
19.573854018
19.850958469
20.12806292
20.405167371
20.682271822
20.959376273
21.236480724
21.513585175
21.790689626
22.067794077
22.344898527999998
22.622002979
22.89910743
23.176211881
23.453316332
23.730420783
24.007525234
24.284629685
24.561734136
24.838838586999998
25.115943038
25.393047489
25.67015194
25.947256391
26.224360842
26.501465293
26.778569744
27.055674194999998
27.332778645999998
27.609883097
27.886987548
28.164091999
28.44119645
28.718300901
28.995405352
29.272509803
29.549614253999998
29.826718704999998
30.103823155999997
30.380927607
30.658032058
30.935136509
