# f
2.39015991
2.657187338
2.924214766
3.191242194
3.458269622
3.72529705
3.992324478
4.259351906
4.526379334
4.793406762
5.0604341900000005
5.327461618
5.594489046
5.861516474
6.1285439020000005
6.395571329999999
6.662598758
6.929626186
7.196653614000001
7.463681041999999
7.73070847
7.997735898
8.264763326
8.531790754
8.798818182
9.06584561
9.332873038
9.599900466
9.866927894
10.133955322
10.400982749999999
10.668010178
10.935037606
11.202065034
11.469092462
11.73611989
12.003147318
12.270174746
12.537202173999999
12.804229602
13.07125703
13.338284458
13.605311886
13.872339314
14.139366742
14.40639417
14.673421598
14.940449026
15.207476454
15.474503882
15.741531310000001
16.008558738
16.275586166
16.542613594000002
16.809641022
17.07666845
17.343695878000002
17.610723306
17.877750734000003
18.144778162
18.41180559
18.678833018000002
18.945860446
19.212887874000003
19.479915302000002
19.74694273
20.013970158000003
20.280997586
20.548025014000004
20.815052442000002
21.08207987
21.349107298000003
21.616134726000002
21.883162154
22.150189582000003
22.41721701
22.684244438
22.951271866000003
23.218299294
23.485326722000003
23.752354150000002
24.019381578
24.286409006000003
24.553436434
24.820463862000004
25.087491290000003
25.354518718
25.621546146000004
25.888573574000002
26.155601002
26.422628430000003
26.689655858000002
26.956683286
27.223710714000003
27.490738142
27.757765570000004
28.024792998000002
28.291820426
28.558847854000003
28.825875282000002
