# f
1.55797715
1.920134026
2.2822909019999997
2.644447778
3.006604654
3.36876153
3.730918406
4.093075282
4.455232158
4.8173890340000005
5.17954591
5.541702786
5.903859662
6.266016538000001
6.628173414
6.99033029
7.352487166
7.714644042000001
8.076800918
8.438957794
8.80111467
9.163271546
9.525428422
9.887585298
10.249742174
10.61189905
10.974055926
11.336212802
11.698369677999999
12.060526553999999
12.42268343
12.784840306
13.146997182
13.509154058
13.871310934
14.23346781
14.595624686
14.957781562
15.319938438
15.682095314
16.04425219
16.406409066000002
16.768565942000002
17.130722818000002
17.492879694
17.85503657
18.217193446
18.579350322
18.941507198
19.303664074
19.66582095
20.027977826
20.390134702
20.752291578
21.114448454
21.47660533
21.838762206
22.200919082
22.563075958
22.925232834
23.28738971
23.649546586
24.011703462
24.373860338
24.736017214
25.09817409
25.460330966
25.822487842
26.184644718
26.546801594
26.90895847
27.271115346000002
27.633272222000002
27.995429098
28.357585974
28.71974285
29.081899726
29.444056602
29.806213478
30.168370354
30.53052723
30.892684106
31.254840982
31.616997858
31.979154734
32.341311610000005
32.703468486000006
33.065625362000006
33.427782238
33.789939114
34.15209599
34.514252866
34.876409742
35.238566618
35.600723494
35.96288037
36.325037246
36.687194122
37.049350998
37.411507874
