# f
5.42216079
5.580611838
5.739062886
5.897513934000001
6.055964982000001
6.214416030000001
6.3728670780000005
6.531318126
6.689769174
6.848220222
7.00667127
7.165122318000001
7.323573366000001
7.4820244140000005
7.640475462
7.798926510000001
7.957377558000001
8.115828606000001
8.274279654
8.432730702
8.59118175
8.749632798
8.908083846
9.066534894
9.224985942
9.38343699
9.541888038
9.700339086
9.858790134
10.017241182000001
10.175692230000001
10.334143278
10.492594326
10.651045374
10.809496422
10.96794747
11.126398518000002
11.284849566000002
11.443300614000002
11.601751662000002
11.760202710000002
11.918653758000001
12.077104806000001
12.235555854000001
12.394006902000001
12.55245795
12.710908998
12.869360046
13.027811094
13.186262142
13.34471319
13.503164238
13.661615286
13.820066334
13.978517382
14.13696843
14.295419478
14.453870526
14.612321574000003
14.770772622000003
14.929223670000002
15.087674718000002
15.246125766000002
15.404576814000002
15.563027862000002
15.721478910000002
15.879929958000002
16.038381006
16.196832054
16.355283102
16.51373415
16.672185198
16.830636246
16.989087294
17.147538342
17.30598939
17.464440438
17.622891486
17.781342534
17.939793582
18.09824463
18.256695678
18.415146726
18.573597774
18.732048822000003
18.890499870000003
19.048950918000003
19.207401966000003
19.365853014000002
19.524304062000002
19.682755110000002
19.841206158000002
19.999657206000002
20.158108254000002
20.316559302
20.47501035
20.633461398
20.791912446
20.950363494
21.108814542
