# f
9.09621608
9.305778434999999
9.51534079
9.724903144999999
9.9344655
10.144027855
10.35359021
10.563152565
10.77271492
10.982277275
11.19183963
11.401401985
11.610964339999999
11.820526695
12.030089049999999
12.239651405
12.44921376
12.658776115
12.86833847
13.077900825
13.28746318
13.497025534999999
13.70658789
13.916150245
14.1257126
14.335274955
14.54483731
14.754399665
14.96396202
15.173524375
15.383086729999999
15.592649085
15.80221144
16.011773795
16.22133615
16.430898505000002
16.64046086
16.850023215
17.05958557
17.269147925
17.47871028
17.688272635
17.89783499
18.107397345
18.316959699999998
18.526522055
18.73608441
18.945646765
19.155209120000002
19.364771474999998
19.57433383
19.783896185
19.99345854
20.203020895
20.412583249999997
20.622145605
20.83170796
21.041270315
21.25083267
21.460395025
21.66995738
21.879519735000002
22.089082089999998
22.298644445
22.5082068
22.717769155
22.927331510000002
23.136893864999998
23.34645622
23.556018575
23.76558093
23.975143285
24.18470564
24.394267995
24.603830350000003
24.813392705
25.02295506
25.232517414999997
25.44207977
25.651642125000002
25.861204479999998
26.070766835
26.280329190000003
26.489891545
26.6994539
26.909016254999997
27.11857861
27.328140965000003
27.53770332
27.747265675
27.956828029999997
28.166390385
28.375952740000002
28.585515094999998
28.79507745
29.004639805000004
29.21420216
29.423764515000002
29.633326869999998
29.842889225
