# f
4.4026278
4.656894245
4.91116069
5.165427135
5.419693580000001
5.673960025
5.92822647
6.182492915
6.43675936
6.691025805000001
6.9452922500000005
7.199558695
7.45382514
7.708091585
7.962358030000001
8.216624475
8.47089092
8.725157365000001
8.97942381
9.233690255
9.487956700000002
9.742223145
9.99648959
10.250756035
10.505022480000001
10.759288925
11.01355537
11.267821815000001
11.52208826
11.776354705
12.030621150000002
12.284887595
12.53915404
12.793420485000002
13.047686930000001
13.301953375
13.556219819999999
13.810486265000002
14.06475271
14.319019155
14.573285600000002
14.827552045000001
15.08181849
15.336084935000002
15.590351380000001
15.844617825
16.09888427
16.353150715
16.60741716
16.861683605
17.115950050000002
17.370216495
17.62448294
17.878749385
18.13301583
18.387282275
18.64154872
18.895815165000002
19.15008161
19.404348055
19.658614500000002
19.912880945
20.16714739
20.421413835000003
20.67568028
20.929946725
21.184213170000003
21.438479615000002
21.69274606
21.947012505
22.201278950000003
22.455545395
22.70981184
22.964078285000003
23.218344730000002
23.472611175
23.726877620000003
23.981144065000002
24.23541051
24.489676955
24.743943400000003
24.998209845
25.25247629
25.506742735000003
25.761009180000002
26.015275625
26.269542070000004
26.523808515000002
26.77807496
27.032341405
27.286607850000003
27.540874295000002
27.79514074
28.049407185000003
28.303673630000002
28.557940075
28.81220652
29.066472965000003
29.32073941
29.575005855
