# f
3.47870648
3.808826816
4.138947152
4.469067488
4.7991878240000005
5.12930816
5.459428496
5.7895488319999995
6.119669168
6.449789504
6.77990984
7.110030176
7.440150512000001
7.770270848000001
8.100391184
8.43051152
8.760631856
9.090752192
9.420872528
9.750992864
10.0811132
10.411233536000001
10.741353872
11.071474208
11.401594544
11.73171488
12.061835216
12.391955552
12.722075887999999
13.052196224
13.38231656
13.712436896
14.042557232
14.372677568
14.702797904
15.03291824
15.363038576000001
15.693158912
16.023279248
16.353399584
16.683519920000002
17.013640256000002
17.343760592000002
17.673880928000003
18.004001264
18.3341216
18.664241936
18.994362272
19.324482608
19.654602944
19.98472328
20.314843616
20.644963952
20.975084288
21.305204624
21.635324960000002
21.965445296
22.295565632
22.625685968
22.955806304
23.28592664
23.616046976
23.946167312
24.276287648
24.606407984
24.93652832
25.266648656
25.596768992
25.926889328
26.257009664
26.587130000000002
26.917250336000002
27.247370672000002
27.577491008
27.907611344
28.23773168
28.567852016
28.897972352
29.228092688
29.558213024
29.88833336
30.218453696
30.548574032
30.878694368
31.208814704
31.538935040000002
31.869055376000002
32.199175712000006
32.529296048
32.859416384
33.18953672
33.519657056
33.849777392
34.179897728
34.510018064
34.8401384
35.170258736
35.500379072
35.830499408
36.160619744
