# f
1.2007869
1.495646388
1.790505876
2.0853653640000003
2.380224852
2.6750843399999997
2.969943828
3.264803316
3.5596628040000002
3.8545222920000004
4.14938178
4.444241268
4.739100756
5.033960244
5.3288197319999995
5.62367922
5.918538708
6.213398196
6.508257684
6.803117171999999
7.09797666
7.392836148
7.687695636
7.982555124
8.277414612000001
8.5722741
8.867133588
9.161993076
9.456852564
9.751712052
10.04657154
10.341431028
10.636290516
10.931150004000001
11.226009492000001
11.520868980000001
11.815728468000001
12.110587956000002
12.405447444
12.700306932
12.99516642
13.290025908
13.584885396
13.879744884
14.174604372000001
14.469463860000001
14.764323348000001
15.059182836000002
15.354042324000002
15.648901812
15.9437613
16.238620788
16.533480276
16.828339764
17.123199252
17.41805874
17.712918228
18.007777716
18.302637204
18.597496692
18.89235618
19.187215668
19.482075156
19.776934644
20.071794132
20.36665362
20.661513108
20.956372596
21.251232084
21.546091572
21.840951060000002
22.135810548000002
22.430670036000002
22.725529524000002
23.020389012000003
23.3152485
23.610107988
23.904967476
24.199826964
24.494686452
24.78954594
25.084405428
25.379264916
25.674124404
25.968983892
26.26384338
26.558702868
26.853562356
27.148421844
27.443281332
27.73814082
28.033000308000002
28.327859796000002
28.622719284000002
28.917578772000002
29.212438260000003
29.507297748000003
29.802157236
30.097016724
30.391876212
