# f
6.49584397
6.6312033040000005
6.766562638
6.901921972
7.037281306000001
7.17264064
7.307999974
7.443359308
7.578718642
7.7140779760000004
7.84943731
7.984796644
8.120155978
8.255515312
8.390874646
8.52623398
8.661593314000001
8.796952648
8.932311982
9.067671316
9.20303065
9.338389983999999
9.473749318
9.609108652
9.744467986
9.87982732
10.015186654
10.150545988000001
10.285905322
10.421264656
10.55662399
10.691983323999999
10.827342658
10.962701992
11.098061326
11.23342066
11.368779994
11.504139328
11.639498662000001
11.774857996
11.91021733
12.045576664
12.180935997999999
12.316295332
12.451654666
12.587014
12.722373334
12.857732668
12.993092002000001
13.128451336000001
13.26381067
13.399170004
13.534529337999999
13.669888671999999
13.805248006
13.94060734
14.075966674
14.211326008
14.346685342
14.482044676000001
14.617404010000001
14.752763344000002
14.888122677999998
15.023482011999999
15.158841345999999
15.29420068
15.429560014
15.564919348
15.700278682
15.835638016
15.970997350000001
16.106356684
16.241716017999998
16.377075352
16.512434686
16.64779402
16.783153354
16.918512688
17.053872022
17.189231356
17.32459069
17.459950024
17.595309358
17.730668692
17.866028026
18.00138736
18.136746694
18.272106028
18.407465362
18.542824696
18.67818403
18.813543364
18.948902698
19.084262032
19.219621366
19.3549807
19.490340034
19.625699368
19.761058702
19.896418036
