# f
9.46904697
9.486922252700001
9.504797535400002
9.5226728181
9.5405481008
9.558423383500001
9.576298666200001
9.5941739489
9.6120492316
9.6299245143
9.647799797000001
9.665675079700002
9.6835503624
9.7014256451
9.7193009278
9.737176210500001
9.755051493200002
9.7729267759
9.7908020586
9.808677341300001
9.826552624000001
9.844427906700002
9.8623031894
9.8801784721
9.898053754800001
9.915929037500002
9.9338043202
9.9516796029
9.969554885600001
9.987430168300001
10.005305451000002
10.0231807337
10.0410560164
10.058931299100001
10.076806581800001
10.0946818645
10.1125571472
10.1304324299
10.148307712600001
10.166182995300002
10.184058278
10.2019335607
10.219808843400001
10.237684126100001
10.255559408800002
10.2734346915
10.2913099742
10.309185256900001
10.327060539600001
10.344935822300002
10.362811105
10.3806863877
10.398561670400001
10.416436953100002
10.4343122358
10.4521875185
10.470062801200001
10.487938083900001
10.505813366600002
10.5236886493
10.541563932
10.559439214700001
10.577314497400002
10.5951897801
10.6130650628
10.6309403455
10.648815628200001
10.666690910900002
10.6845661936
10.7024414763
10.720316759000001
10.738192041700001
10.7560673244
10.7739426071
10.7918178898
10.809693172500001
10.827568455200002
10.845443737900002
10.8633190206
10.881194303300001
10.899069586000001
10.916944868700002
10.9348201514
10.9526954341
10.970570716800001
10.988445999500001
11.006321282200002
11.0241965649
11.0420718476
11.059947130300001
11.077822413000002
11.0956976957
11.1135729784
11.131448261100001
11.149323543800001
11.167198826500002
11.1850741092
11.2029493919
11.220824674600001
11.238699957300001
