# f
3.41173437
3.750522251
4.089310132
4.428098013
4.766885894
5.105673775
5.444461656
5.783249537
6.122037418
6.460825299
6.79961318
7.138401061
7.477188942
7.815976823
8.154764704
8.493552585
8.832340466
9.171128347
9.509916228
9.848704109
10.18749199
10.526279871
10.865067752
11.203855633
11.542643514
11.881431395
12.220219276
12.559007157
12.897795038
13.236582919
13.5753708
13.914158681
14.252946562
14.591734443
14.930522324
15.269310205
15.608098086
15.946885967
16.285673848000002
16.624461729
16.963249610000002
17.302037491
17.640825372000002
17.979613253
18.318401134000002
18.657189015
18.995976896000002
19.334764777
19.673552658000002
20.012340539000004
20.351128420000002
20.689916301
21.028704182000002
21.367492063000004
21.706279944000002
22.045067825
22.383855706000002
22.722643587000004
23.061431468000002
23.400219349
23.739007230000002
24.077795111000004
24.416582992000002
24.755370873
25.094158754000002
25.432946635000004
25.771734516000002
26.110522397
26.449310278000002
26.788098159000004
27.126886040000002
27.465673921
27.804461802000002
28.143249683000004
28.482037564000002
28.820825445
29.159613326000002
29.498401207000004
29.837189088000002
30.175976969
30.514764850000002
30.853552731000004
31.192340612000002
31.531128493
31.869916374000002
32.208704255
32.547492136
32.886280017
33.225067898
33.563855779
33.90264366
34.241431541
34.580219422
34.919007303
35.257795184
35.596583065
35.935370946
36.274158827
36.612946708
36.951734589
