# f
3.12237648
3.3235862729999996
3.524796066
3.726005859
3.9272156519999997
4.1284254449999995
4.329635238
4.530845031
4.7320548239999995
4.933264617
5.134474409999999
5.335684203
5.536893996
5.738103789
5.939313582
6.140523375
6.341733167999999
6.542942961
6.744152754
6.945362547
7.14657234
7.347782133
7.548991925999999
7.750201719
7.951411512
8.152621305
8.353831098
8.555040891
8.756250684
8.957460477
9.15867027
9.359880062999999
9.561089855999999
9.762299649
9.963509442
10.164719235
10.365929028
10.567138821
10.768348614
10.969558407000001
11.1707682
11.371977993
11.573187786
11.774397579
11.975607371999999
12.176817165
12.378026958
12.579236751
12.780446544
12.981656337
13.182866129999999
13.384075923
13.585285716
13.786495509
13.987705302
14.188915095
14.390124887999999
14.591334681
14.792544474
14.993754267
15.19496406
15.396173853
15.597383645999999
15.798593439
15.999803232
16.201013025
16.402222818
16.603432611
16.804642404
17.005852197
17.20706199
17.408271783
17.609481576
17.810691368999997
18.011901162
18.213110954999998
18.414320748
18.615530541
18.816740334000002
19.017950127
19.21915992
19.420369713
19.621579506
19.822789299
20.023999092
20.225208885
20.426418678
20.627628471
20.828838263999998
21.030048057
21.23125785
21.432467643
21.633677436
21.834887229
22.036097022
22.237306815
22.438516608
22.639726401
22.840936194
23.042145986999998
