# f
8.95973517
9.0208148948
9.0818946196
9.1429743444
9.2040540692
9.265133794
9.3262135188
9.3872932436
9.4483729684
9.5094526932
9.570532418
9.6316121428
9.6926918676
9.7537715924
9.8148513172
9.875931042
9.9370107668
9.9980904916
10.0591702164
10.1202499412
10.181329666
10.2424093908
10.3034891156
10.3645688404
10.4256485652
10.48672829
10.5478080148
10.6088877396
10.669967464399999
10.7310471892
10.792126914
10.8532066388
10.9142863636
10.9753660884
11.0364458132
11.097525538
11.1586052628
11.2196849876
11.2807647124
11.3418444372
11.402924162
11.4640038868
11.5250836116
11.5861633364
11.647243061200001
11.708322786
11.769402510799999
11.8304822356
11.8915619604
11.9526416852
12.01372141
12.0748011348
12.1358808596
12.1969605844
12.2580403092
12.319120034
12.3801997588
12.441279483599999
12.5023592084
12.5634389332
12.624518658
12.6855983828
12.746678107600001
12.8077578324
12.868837557199999
12.929917282
12.9909970068
13.0520767316
13.113156456399999
13.174236181200001
13.235315906
13.2963956308
13.3574753556
13.418555080400001
13.4796348052
13.540714529999999
13.6017942548
13.6628739796
13.7239537044
13.7850334292
13.846113154000001
13.9071928788
13.9682726036
14.0293523284
14.0904320532
14.151511778
14.212591502799999
14.273671227600001
14.3347509524
14.3958306772
14.456910402
14.517990126800001
14.5790698516
14.640149576399999
14.7012293012
14.762309026
14.8233887508
14.8844684756
14.945548200400001
15.0066279252
