!OMP_NUM_THREADS description key E nu 
 1 Iter3-Sample00         0     8.0733658944e+00     2.5445860213e-01 
 1 Iter3-Sample01         1     8.3238174826e+00     2.3580943272e-01 
 1 Iter3-Sample02         2     7.8717694872e+00     2.5716515823e-01 
 1 Iter3-Sample03         3     7.9675915412e+00     2.3566777735e-01 
 1 Iter3-Sample04         4     8.0202206432e+00     2.1107216314e-01 
 1 Iter3-Sample05         5     8.1825092376e+00     2.1658845261e-01 
 1 Iter3-Sample06         6     8.0026148245e+00     2.3121557249e-01 
 1 Iter3-Sample07         7     8.0248181895e+00     2.2379990951e-01 
 1 Iter3-Sample08         8     7.9755336456e+00     2.4831863272e-01 
 1 Iter3-Sample09         9     7.8445347587e+00     2.2102117208e-01 
 1 Iter3-Sample10        10     7.9845640474e+00     1.5410098995e-01 
 1 Iter3-Sample11        11     7.8773136736e+00     2.3380714294e-01 
 1 Iter3-Sample12        12     7.8126757215e+00     2.6661428826e-01 
