##PERIODIC:: 0.0501396 0.0501629 0.0994686
0.000118402 0.00406835 0.0602324 0.00412149 -1
0.0446552 0.049615 0.0189918 0.00410422 -1
0.0257134 0.0211024 0.025908 0.00408828 -1
0.0370574 0.00374161 0.0547756 0.00407101 -1
0.0298294 0.0414249 0.0578783 0.00405374 -1
0.0255091 0.0450815 0.0984491 0.0040378 -1
0.0355867 0.0486251 0.0284783 0.00402186 -1
0.0194201 0.0453094 0.0653188 0.00400592 -1
0.042816 0.0462786 0.0310119 0.00398998 -1
0.0456163 0.021125 0.0308623 0.00397404 -1
0.0254628 0.0202428 0.0789109 0.0039581 -1
0.0342339 0.0278391 0.0570939 0.00394349 -1
0.00462678 0.0323934 0.044428 0.00392755 -1
0.0299745 0.0424903 0.0484126 0.00391294 -1
0.0382099 0.0048708 0.018245 0.00389833 -1
0.0108808 0.0401963 0.0083047 0.00388371 -1
0.00771086 0.0304769 0.0566931 0.0038691 -1
0.0359711 0.0152135 0.0437481 0.00385449 -1
0.0277929 0.00909278 0.0689363 0.00384121 -1
0.0171358 0.0221479 0.0079973 0.0038266 -1
0.00739249 0.00914988 0.0433428 0.00381331 -1
0.00137619 0.0251791 0.0466837 0.0037987 -1
0.0304049 0.0344031 0.0102897 0.00378542 -1
0.00195436 0.0397884 0.038583 0.00377213 -1
0.00986962 0.00847723 0.0953596 0.00375885 -1
0.0495648 0.00615379 0.086651 0.00374557 -1
0.031265 0.0341495 0.0603003 0.00373228 -1
0.029894 0.00674215 0.0258069 0.00372033 -1
0.0403951 0.0290489 0.0907154 0.00370705 -1
0.0137769 0.00903495 0.0274041 0.00369509 -1
0.0211667 0.00485792 0.0638376 0.00368181 -1
0.0313272 0.00642781 0.0155099 0.00366985 -1
0.00568553 0.0462757 0.0537218 0.0036579 -1
0.00145706 0.027543 0.0734027 0.00364594 -1
0.0251662 0.0227906 0.000953816 0.00363399 -1
0.0121959 0.00940053 0.057486 0.00362203 -1
0.00466207 0.030117 0.0180266 0.00361008 -1
0.0358294 0.0121757 0.065544 0.00359812 -1
0.00146527 0.00850313 0.0360295 0.00358617 -1
0.038889 0.0181251 0.0823483 0.00357554 -1
0.0278645 0.0374241 0.0695289 0.00356359 -1
0.0142805 0.0432854 0.0541336 0.00355296 -1
0.0389268 0.0469175 0.0902445 0.00354233 -1
0.0383131 0.0412755 0.0573338 0.00353038 -1
0.00235628 0.00679212 0.0484925 0.00351975 -1
0.0398684 0.0138288 0.0599345 0.00350913 -1
0.046202 0.0161761 0.082061 0.0034985 -1
0.0523246 0.00286497 0.0952602 0.00348787 -1
0.0114816 0.0207677 0.060957 0.00347725 -1
0.014102 0.0467839 0.00772878 0.00347193 -1
0.0108313 0.0424386 0.0434365 0.00346662 -1
0.0493272 0.0325869 0.00584031 0.00346131 -1
0.0425598 0.0120039 0.053775 0.00345599 -1
0.00930253 0.0261374 0.083165 0.00344935 -1
0.0174596 0.0231569 0.0329914 0.00344404 -1
0.0338858 0.0491233 0.0186926 0.00343873 -1
0.0372815 0.0182957 0.0946796 0.00343342 -1
0.0286244 0.0503745 0.00726636 0.0034281 -1
0.00159085 0.040713 0.0139199 0.00342279 -1
0.0498705 0.0152513 0.0215588 0.00341748 -1
0.0311256 0.049594 0.0745237 0.00341216 -1
0.00820864 0.0448878 0.065101 0.00340685 -1
0.000610783 0.0255505 0.0802512 0.00340154 -1
0.0372155 0.0454075 0.0736016 0.00339623 -1
0.00944133 0.0155129 0.0546114 0.00339091 -1
0.00807619 0.0161548 0.0647283 0.0033856 -1
0.0200194 0.0122144 0.0458096 0.00338162 -1
0.0186516 0.00941462 0.054528 0.0033763 -1
0.0142764 0.0383614 0.0590013 0.00337099 -1
0.0414121 0.0104982 0.0432077 0.00336568 -1
0.0449698 0.039163 0.0297281 0.00336036 -1
0.0484115 0.0138311 0.0676657 0.00335505 -1
0.0451341 0.0421411 0.0473457 0.00335107 -1
0.00418734 0.00575246 0.0212724 0.00334575 -1
0.0215198 0.0227406 0.0384562 0.00334044 -1
5.16131e-05 0.00679037 0.0294742 0.00333513 -1
0.0122509 0.0315053 0.0459021 0.00333114 -1
0.0433636 0.0341147 0.0945867 0.00332583 -1
0.00935577 0.0102827 0.0184307 0.00332052 -1
0.0473094 0.0189211 0.0718368 0.00331653 -1
0.00714315 0.0386039 0.0713467 0.00331122 -1
0.0111682 0.0239184 0.0953838 0.00330591 -1
0.0190401 0.0311889 -0.000187691 0.00330192 -1
0.047998 0.0495046 0.0679617 0.00329661 -1
0.0374095 0.0456869 0.0405185 0.0032913 -1
0.0269845 0.0471223 0.0911 0.00328731 -1
0.0074795 0.0176704 0.0362365 0.003282 -1
0.013439 0.0241076 0.0672825 0.00327802 -1
0.00607415 0.02126 0.054803 0.0032727 -1
0.0214702 0.0210897 0.0595734 0.00326872 -1
0.00868381 0.0362589 0.0027593 0.00326341 -1
0.00224744 0.0191295 0.0658828 0.00325942 -1
0.0475128 0.000295979 0.0418341 0.00325411 -1
0.0270342 0.0147748 0.0919991 0.00325012 -1
0.0285239 0.0190477 0.059197 0.00324481 -1
0.0275635 0.0163364 0.0668633 0.00324083 -1
0.00840412 0.0399435 0.0535007 0.00323684 -1
0.0451175 0.0432299 0.0716989 0.00323153 -1
0.00601574 0.0364214 0.0239889 0.00322755 -1
0.0017825 0.0109897 0.0725031 0.00322223 -1
0.0092151 0.037553 0.0183767 0.00321825 -1
0.0392076 0.0206058 0.0120054 0.00321426 -1
0.00850774 0.0181304 0.0940187 0.00320895 -1
0.0200966 0.0299192 0.0333467 0.00320497 -1
0.0397989 0.022757 0.077486 0.00320098 -1
0.0465045 0.0271003 0.0379076 0.003197 -1
0.0364018 0.034313 0.0663956 0.00319169 -1
0.0199957 0.0195805 0.0740774 0.0031877 -1
-0.00154007 0.0012457 0.0264376 0.00318372 -1
0.032445 0.0114767 0.0597134 0.00317973 -1
0.031378 0.0486202 0.0956181 0.00317442 -1
0.00981867 0.0301587 0.004563 0.00317043 -1
0.00462418 0.00746272 0.015004 0.00316645 -1
0.00614609 0.0215794 0.0867673 0.00316247 -1
0.0447578 0.00306234 0.072124 0.00315848 -1
0.0245681 0.0208167 0.0330526 0.00315317 -1
0.00794216 0.0262149 0.0622643 0.00314918 -1
0.00862961 0.021039 0.00643028 0.0031452 -1
0.04963 0.0433972 0.0954639 0.00314122 -1
0.0198803 0.000343208 0.031403 0.00313723 -1
0.0196843 0.050041 0.04169 0.00313325 -1
0.0215495 0.00985987 0.00331531 0.00312926 -1
0.0185202 0.0427111 0.071933 0.00312528 -1
0.0143521 0.0303099 0.08265 0.00312129 -1
0.0198755 0.0250211 0.0136943 0.00311731 -1
0.0421141 0.011016 0.0173227 0.00311332 -1
0.0338879 0.0219629 0.0493456 0.00310934 -1
0.0333913 0.0204435 0.00953932 0.00310535 -1
0.0363215 0.0142465 0.00490472 0.00310137 -1
0.0348949 0.00234945 0.0384898 0.00309738 -1
0.0486038 0.0440493 0.0275906 0.0030934 -1
0.013963 0.00531126 0.0657593 0.00308941 -1
0.00955006 0.00385999 0.0182691 0.00308543 -1
0.00785146 0.0121952 0.0125092 0.00308144 -1
0.00814212 0.0472295 0.0732225 0.00307746 -1
0.0481357 0.00767954 0.0931417 0.00307347 -1
0.0224143 0.00513058 0.0815705 0.00306949 -1
0.037514 0.028732 0.0747821 0.0030655 -1
0.0387666 0.0254711 0.0225901 0.00306152 -1
0.0332288 0.0144383 0.0712374 0.00305754 -1
0.0162572 0.0452499 0.0924836 0.00305488 -1
0.0445547 0.000403343 0.0798923 0.00305089 -1
0.0219585 0.0482938 0.0472285 0.00304691 -1
0.0477114 0.0393597 0.0860671 0.00304293 -1
0.00958768 0.044485 0.00203386 0.00303894 -1
0.0166366 0.0466506 0.0779842 0.00303496 -1
0.0336342 0.00873981 0.0435094 0.0030323 -1
0.0137226 0.0129944 0.0989444 0.00302832 -1
0.0347546 0.0470499 0.0462906 0.00302433 -1
0.0412747 0.0323144 0.0831157 0.00302035 -1
0.0329066 0.014372 0.022823 0.00301636 -1
0.036083 0.0197722 0.0726325 0.00301371 -1
0.0169094 0.0417129 0.035657 0.00300972 -1
0.033569 0.018969 0.0672225 0.00300574 -1
0.0218552 0.0469372 0.0226503 0.00300308 -1
0.0141365 0.0307747 0.0932654 0.0029991 -1
0.0383493 0.005284 0.00273069 0.00299511 -1
0.045813 0.0209515 0.0378225 0.00299113 -1
0.0306207 0.00616482 0.0744735 0.00298847 -1
0.0121749 0.0337037 0.0396068 0.00298449 -1
0.019725 0.0100337 0.0969556 0.0029805 -1
0.0348524 0.0413041 0.0822983 0.00297785 -1
0.0155688 0.00353319 0.0176509 0.00297386 -1
0.0164993 0.0247758 0.0603737 0.00297121 -1
0.0433209 0.0150978 0.0334282 0.00296722 -1
0.00543245 0.0329979 0.0376112 0.00296324 -1
0.0224013 0.0117218 0.0382452 0.00296058 -1
0.0486346 0.0362428 0.0339965 0.0029566 -1
0.00383962 0.0275594 0.0665763 0.00295261 -1
0.048504 0.00983141 0.018509 0.00294996 -1
0.0285287 0.0373565 0.0909251 0.00294597 -1
0.0220122 0.0370164 0.0794425 0.00294332 -1
0.0188288 0.0420026 0.00161609 0.00293933 -1
0.0358962 0.0152866 0.0765379 0.00293668 -1
0.00831971 0.0181448 0.0117659 0.00293269 -1
0.0316189 0.0194808 0.0920295 0.00293004 -1
0.0235097 0.0300095 0.055937 0.00292605 -1
0.0225198 0.00718167 0.0340035 0.00292339 -1
0.0391422 0.0163438 0.0889257 0.0029211 -1
0.0168887 0.0189049 0.0838689 0.00292066 -1
0.00246012 0.0260105 0.0248559 0.00292021 -1
0.0444854 0.0398167 0.0663358 0.00291977 -1
0.0388255 0.0508596 0.0436507 0.00291933 -1
0.019729 0.0435999 0.0879108 0.00291889 -1
0.0244739 0.0301529 0.00593439 0.00291835 -1
0.015078 0.00340527 0.0399714 0.00291769 -1
0.00335598 0.0348347 0.068041 0.00291712 -1
0.00034452 0.0142588 0.0776859 0.00291667 -1
0.00749971 0.0476397 0.0450457 0.00291623 -1
0.0509011 0.015213 0.0863672 0.00291579 -1
0.0332856 0.0367947 0.0158469 0.00291535 -1
0.0431167 0.0261576 0.00284265 0.0029149 -1
0.0293709 0.0460237 0.0154724 0.00291437 -1
0.0289168 0.0231223 0.0426782 0.00291371 -1
0.0107982 0.0129977 0.0476833 0.00291313 -1
0.0019263 0.0041284 0.010696 0.00291269 -1
0.0319981 0.030119 0.0670424 0.00291225 -1
0.0157131 0.0286606 0.00449622 0.00291181 -1
0.0122562 0.0219633 0.0418767 0.00291136 -1
0.0124848 0.0145258 0.0694985 0.00291092 -1
0.0451204 0.0293435 0.0624902 0.00291048 -1
0.00537197 0.0273958 0.0121442 0.00291004 -1
0.0409544 0.0449542 0.0152804 0.00290959 -1
0.0375085 0.0242318 0.0969022 0.00290906 -1
0.00650555 0.0412918 0.0889542 0.0029084 -1
0.0456996 0.0105583 0.0781764 0.00290782 -1
0.024181 0.00854594 0.0428474 0.00290738 -1
0.039752 0.0418614 0.0690495 0.00290694 -1
0.00338435 0.0240491 0.00620802 0.00290649 -1
0.0239946 0.0275239 0.0845098 0.00290605 -1
0.0111068 0.0246663 0.0559171 0.00290561 -1
0.0124866 0.0296533 0.0702215 0.00290508 -1
0.00983008 0.0387736 0.0297801 0.00290442 -1
0.0480044 0.0258503 0.00598492 0.00290384 -1
0.03717 0.0268581 0.0392261 0.0029034 -1
0.0241215 0.0316534 0.0804263 0.00290295 -1
0.0124678 0.00638035 0.0746877 0.00290251 -1
0.028691 0.0260998 0.0220319 0.00290207 -1
0.0284362 0.0184401 0.0968039 0.00290163 -1
0.00211967 0.0149226 0.0343055 0.0029011 -1
0.0136063 0.0417398 0.0642422 0.00290043 -1
0.0165713 0.0487012 0.0567907 0.00289986 -1
0.0433927 0.0191893 0.0659641 0.00289941 -1
0.0182143 0.028254 0.0274588 0.00289897 -1
0.0342506 0.00275983 0.0987987 0.00289853 -1
0.0344487 0.0191564 0.0869448 0.00289809 -1
0.0207323 0.0423833 0.0775254 0.00289764 -1
0.0376762 0.0500206 0.00494292 0.0028972 -1
0.0359848 0.0041514 0.0731285 0.00289676 -1
0.0201709 0.0407521 0.053442 0.00289632 -1
0.00538884 0.0425827 0.0757758 0.00289579 -1
-0.000716329 0.038965 0.0582304 0.00289512 -1
0.0273627 0.028286 0.0305242 0.00289454 -1
0.0448477 0.00322243 0.095363 0.0028941 -1
0.00784687 0.0375218 0.0407215 0.00289366 -1
-0.00202337 0.0339094 0.0444362 0.00289322 -1
0.000258999 0.0438366 0.068609 0.00289277 -1
0.0217722 0.0366618 0.0350459 0.00289233 -1
0.00499264 0.0119883 0.00664482 0.00289189 -1
0.0361872 0.0379062 0.071345 0.00289145 -1
0.0473649 0.025843 0.0866262 0.002891 -1
0.00350786 0.0119002 0.0640819 0.00289048 -1
0.00645715 0.0486885 -0.000737533 0.00288981 -1
0.00599124 0.0137138 0.076008 0.00288923 -1
0.022296 0.0394816 0.0847203 0.00288879 -1
0.0495026 0.0389624 0.0715856 0.00288835 -1
0.0363622 0.0261176 0.0292783 0.00288791 -1
0.00610812 0.0160151 0.0841462 0.00288746 -1
0.0154479 0.0306204 0.0166601 0.00288702 -1
0.0395607 0.00221545 0.0772408 0.00288658 -1
0.0108338 0.00322626 0.0590284 0.00288614 -1
0.0300962 0.0236015 0.0536905 0.00288569 -1
0.0289091 0.0329603 0.0740797 0.00288517 -1
0.0137889 0.033181 0.0555289 0.0028845 -1
0.0015434 0.044665 0.0037171 0.00288392 -1
0.0381841 0.0260105 0.0503816 0.00288348 -1
0.0460007 0.0460467 0.00764092 0.00288304 -1
0.0242757 0.0493724 0.0626048 0.00288259 -1
0.0477887 0.0436235 0.0634619 0.00288215 -1
0.0231207 0.00371858 0.00742614 0.00288171 -1
0.0351644 0.00988059 0.0745162 0.00288127 -1
0.0358628 0.0380726 0.00920123 0.00288082 -1
0.0419787 0.0299716 0.029233 0.00288038 -1
0.0366638 0.035222 0.00187848 0.00287986 -1
0.00183632 0.0161622 0.054422 0.00287919 -1
0.00334586 0.0155812 0.0959973 0.00287861 -1
0.0322188 0.025749 0.00703355 0.00287817 -1
0.00907473 0.0337641 0.0680077 0.00287773 -1
0.0406418 0.00805091 0.06687 0.00287728 -1
0.00821281 0.0368713 0.0587829 0.00287684 -1
0.0109753 0.0422663 0.0147394 0.0028764 -1
0.0231614 0.00893302 0.0184734 0.00287596 -1
0.00538082 0.0416045 0.0208299 0.00287551 -1
0.0139566 0.0122674 0.0428708 0.00287507 -1
0.0318393 0.0334124 0.0410347 0.00287463 -1
0.0412508 0.00274674 0.0125786 0.00287419 -1
0.0508918 0.0113041 0.0573063 0.00287374 -1
0.00446692 0.040241 0.0942614 0.00287322 -1
0.050869 0.00954327 0.0429566 0.00287256 -1
0.0228333 0.00497315 0.0286547 0.00287197 -1
0.0164734 0.034789 0.033063 0.00287153 -1
0.0459058 0.0499049 0.0359495 0.00287109 -1
0.000931194 0.0399275 0.0240558 0.00287064 -1
0.0275021 0.0434265 0.0104204 0.0028702 -1
0.0299047 0.000774912 0.0868359 0.00286976 -1
0.0185889 0.0323095 0.0789166 0.00286932 -1
0.0306536 0.0269829 0.0490677 0.00286887 -1
0.00161647 0.0274036 0.0951971 0.00286843 -1
0.0197241 0.028286 0.00866136 0.00286799 -1
0.00739093 0.0159907 0.0170705 0.00286755 -1
0.0429445 0.0380163 0.0198461 0.0028671 -1
0.0306754 0.0129159 0.00340065 0.00286658 -1
0.0455804 0.00736741 0.0135917 0.00286592 -1
0.0106743 0.0319376 0.0886772 0.00286533 -1
0.0104696 0.000497999 0.0660459 0.00286489 -1
0.0171494 0.0365645 0.0384752 0.00286445 -1
0.0507588 0.01802 0.0389306 0.00286401 -1
0.0389455 0.0363285 0.0761432 0.00286356 -1
0.0499838 0.0429277 0.0810512 0.00286312 -1
0.0432351 0.0216874 0.0520271 0.00286268 -1
0.0511408 0.00368951 0.0047771 0.00286224 -1
0.00154498 0.0204863 0.0103849 0.00286179 -1
0.00437101 0.0152585 0.0594927 0.00286135 -1
0.0266662 0.0249486 0.00824377 0.00286091 -1
0.0100985 0.0241875 0.011329 0.00286047 -1
0.0362965 0.0435985 0.00338257 0.00285995 -1
0.0242479 0.00696446 0.0930041 0.00285928 -1
0.0127818 0.00587977 0.0861822 0.00285869 -1
0.0304178 0.0270437 0.0913706 0.00285825 -1
0.0261243 0.0410912 0.0790689 0.00285781 -1
0.0160032 0.00144518 0.0617276 0.00285737 -1
0.000350458 0.0342396 0.0243951 0.00285692 -1
0.0426198 0.0464518 0.0510375 0.00285648 -1
0.0217781 0.0395622 0.0400089 0.00285604 -1
0.0360981 0.00506485 0.0881275 0.0028556 -1
0.0255954 0.0487987 0.031978 0.00285515 -1
0.0310496 0.0253393 0.0272414 0.00285471 -1
0.0378252 0.0444194 0.0200913 0.00285427 -1
0.0144473 0.022489 0.0517612 0.00285383 -1
0.00850929 0.00853415 0.0888891 0.00285338 -1
-0.000890263 0.0295099 0.0212783 0.00285294 -1
0.00797703 0.0303721 0.0330886 0.0028525 -1
0.035217 0.023375 0.0818293 0.00285206 -1
0.0503642 0.036668 0.0956808 0.00285161 -1
0.0461915 0.0268587 0.0697618 0.00285117 -1
0.0143802 0.000394245 0.0817641 0.00285065 -1
-0.00160274 0.0389466 0.0190217 0.00284999 -1
0.013878 0.0107813 0.088895 0.0028494 -1
0.0488385 0.0348724 0.0117018 0.00284896 -1
0.00896655 0.0287719 0.0749477 0.00284852 -1
0.0104701 0.045329 0.0494121 0.00284807 -1
0.0162171 0.0175011 0.0422899 0.00284763 -1
0.0294073 0.0326958 0.0824358 0.00284719 -1
0.0468341 0.00678392 0.0399875 0.00284675 -1
0.0208545 0.00251235 0.023187 0.0028463 -1
0.0112743 0.00540108 0.080225 0.00284586 -1
0.0351594 0.0313215 0.0452003 0.00284542 -1
0.0450951 0.0492585 0.062555 0.00284498 -1
0.00516397 0.0209665 0.0608452 0.00284453 -1
0.00532669 0.0123535 0.0493564 0.00284409 -1
0.0398349 0.0280841 0.0450453 0.00284365 -1
0.02547 0.0150693 0.011015 0.0028432 -1
0.0456974 0.00691264 0.0337194 0.00284276 -1
0.0174751 0.0399047 0.0816503 0.00284232 -1
0.0377851 0.022519 0.0175729 0.00284188 -1
0.0348458 0.0466209 0.057401 0.00284143 -1
0.0125083 0.0435224 0.0882738 0.00284099 -1
0.00197958 0.0394455 0.0520841 0.00284055 -1
0.0466156 0.0150876 0.049506 0.00284004 -1
0.00774832 0.0217982 0.000559861 0.00283937 -1
0.0117527 0.0429703 0.0332009 0.00283878 -1
0.0256551 0.0247873 0.0571015 0.00283834 -1
0.0067198 0.0448438 0.010811 0.00283789 -1
0.0268132 0.0206502 0.0120764 0.00283745 -1
0.0138468 0.0361232 0.0909481 0.00283701 -1
0.0399978 0.000174231 0.0955313 0.00283657 -1
0.00887779 0.0502391 0.0334236 0.00283612 -1
0.00609085 0.0040625 0.0363825 0.00283568 -1
0.00894953 0.0333614 0.0939311 0.00283524 -1
0.0267816 0.017823 0.0727021 0.0028348 -1
0.0161358 0.0202768 0.0567221 0.00283435 -1
0.00771575 0.0220803 0.066583 0.00283391 -1
0.0235991 0.00150625 0.0980391 0.00283347 -1
0.0185562 0.040434 0.0446159 0.00283303 -1
0.0226135 0.0381261 0.0247826 0.00283258 -1
0.0313559 0.03807 0.0748485 0.00283214 -1
0.0135906 0.0271547 0.0876403 0.0028317 -1
0.0112725 0.0420306 0.021886 0.00283126 -1
0.0306595 0.0145637 0.0291304 0.00283081 -1
0.0366536 0.0212739 0.0261443 0.00283037 -1
0.0253077 0.0293641 0.0115669 0.00282993 -1
0.0392261 0.0479252 0.0106844 0.00282949 -1
0.037865 0.0242315 0.00414722 0.00282904 -1
0.0283788 0.0384403 0.0183385 0.0028286 -1
0.046463 0.0412913 0.0045121 0.00282816 -1
0.0403199 0.0381552 0.0980904 0.00282771 -1
0.0250846 0.0179484 0.0852854 0.00282727 -1
0.0197319 0.0370029 0.0620467 0.00282683 -1
0.0421599 0.0275875 0.0968339 0.00282639 -1
0.0107799 0.0434935 0.0594966 0.00282594 -1
0.0317296 0.0485144 0.0415026 0.0028255 -1
0.017614 0.026429 0.0915499 0.00282506 -1
0.0146678 0.00615516 0.0110669 0.00282462 -1
0.0229382 0.0494012 0.0109547 0.00282417 -1
0.0444011 0.0487957 -0.000725024 0.00282373 -1
0.0314019 0.00761058 0.0540161 0.00282329 -1
0.0303364 0.0168004 0.0359602 0.00282278 -1
0.0304815 0.00313977 0.091981 0.00282211 -1
0.00331611 0.00690212 0.0547597 0.00282152 -1
0.0201873 0.0452674 0.0824335 0.00282108 -1
0.0258198 0.0282891 0.094462 0.00282063 -1
0.0359965 0.047703 0.0519642 0.00282019 -1
0.0479525 0.0119228 0.0320293 0.00281975 -1
0.0052094 0.00128285 0.0640399 0.00281931 -1
0.0129868 0.0303445 -0.000516347 0.00281886 -1
0.00765091 0.00982298 0.0674546 0.00281842 -1
0.028765 0.0445592 0.00499114 0.00281798 -1
0.0482766 0.0303295 0.0329368 0.00281754 -1
0.0313051 0.0434945 0.0732717 0.00281709 -1
-0.000290086 0.0326556 0.0383663 0.00281665 -1
0.00609607 0.0249185 0.0320309 0.00281621 -1
0.0439238 0.00288081 0.0859315 0.00281577 -1
0.0199759 0.0379001 0.0297717 0.00281532 -1
0.0146265 0.0504742 0.0129348 0.00281488 -1
0.0368141 0.0409297 0.0140353 0.00281444 -1
0.0273425 0.0292413 0.0621379 0.002814 -1
0.0383252 0.0415938 0.0940878 0.00281355 -1
0.0419046 0.0230906 0.0850061 0.00281311 -1
0.00328527 0.022086 0.0360008 0.00281267 -1
0.0373708 0.032508 0.0400726 0.00281223 -1
0.0109345 0.0230073 0.0473464 0.00281178 -1
0.0463687 0.0081821 0.00438475 0.00281134 -1
0.0387354 0.0499178 0.0225537 0.0028109 -1
0.0368911 0.0195288 0.0387527 0.00281045 -1
0.045244 0.00835524 0.0581046 0.00281001 -1
0.028796 0.00358982 0.0973357 0.00280957 -1
0.0204156 0.00547588 0.0398349 0.00280913 -1
0.0445764 0.0419624 0.0584674 0.00280868 -1
0.0445804 0.017886 0.0120827 0.00280824 -1
0.0230648 0.0431812 0.0272434 0.0028078 -1
0.0114296 0.0136234 0.023131 0.00280736 -1
0.038178 0.0370465 0.0368376 0.00280691 -1
0.00112035 0.0314422 0.05625 0.00280647 -1
0.0196901 0.0178178 0.0265884 0.00280603 -1
0.0143105 0.00155855 0.0330814 0.00280559 -1
-0.00125133 0.0336281 0.0621522 0.00280514 -1
0.00312162 0.0431461 0.0619911 0.0028047 -1
0.00361192 0.0451253 0.0249212 0.00280426 -1
0.00697688 0.0452834 0.0931694 0.00280382 -1
0.0390916 0.0468625 0.061113 0.00280337 -1
0.0305116 0.0285317 0.0436134 0.00280293 -1
0.0477855 0.0348314 0.0807622 0.00280249 -1
0.0143216 0.012066 0.0743165 0.00280205 -1
0.0159157 0.0476815 0.086417 0.0028016 -1
0.0224549 0.0123836 0.0585302 0.00280116 -1
0.0209523 0.0228766 0.0832004 0.00280072 -1
0.0269193 0.0433407 0.0313138 0.00280028 -1
0.0253655 0.00775656 0.0133771 0.00279983 -1
0.00904865 0.0184057 0.024862 0.00279939 -1
0.0408386 0.00777126 0.086652 0.00279895 -1
0.016705 0.0230376 0.00144638 0.00279851 -1
0.0162317 0.0513357 0.0261356 0.00279806 -1
0.00255995 0.0199752 0.0821341 0.00279762 -1
0.0306853 0.0356005 0.0303799 0.00279718 -1
0.0369406 0.0103104 0.014554 0.00279674 -1
0.00625111 0.0144117 0.0703715 0.00279629 -1
0.0205979 0.0102593 0.0879428 0.00279585 -1
0.0328444 0.00593423 0.0835896 0.00279541 -1
0.0352409 0.0218211 0.0436002 0.00279497 -1
0.024424 0.0259294 0.0716592 0.00279452 -1
0.0208356 0.0314793 0.0444715 0.00279408 -1
0.0296325 0.0268088 0.0382689 0.00279364 -1
0.0177073 0.0388631 0.0669483 0.0027932 -1
0.00646808 0.0478352 0.059932 0.00279275 -1
0.0498671 0.0432075 0.0754039 0.00279231 -1
0.0305521 0.0161918 0.0500222 0.00279187 -1
0.0329328 0.037688 0.0215448 0.00279143 -1
0.00976405 0.0308952 0.0242112 0.00279098 -1
0.0192034 0.0334783 0.0896693 0.00279054 -1
0.0273667 0.0103678 0.0567774 0.0027901 -1
0.0301292 0.0281233 0.000388585 0.00278966 -1
0.0227887 0.0414614 0.0484451 0.00278921 -1
0.0467985 0.0304065 0.0262801 0.00278877 -1
0.0323006 0.00434573 0.00443129 0.00278836 -1
0.0279137 0.0402141 0.0251117 0.00278802 -1
0.0434246 0.0215619 0.0606726 0.00278769 -1
0.040481 0.00923124 0.0227757 0.00278736 -1
0.0432677 0.0177217 0.0962699 0.002787 -1
0.0185144 0.0267518 0.0426249 0.00278656 -1
0.0377162 0.0232997 0.0606372 0.00278612 -1
0.0182867 0.0133004 0.0920126 0.00278567 -1
0.0224407 0.0254888 0.0300667 0.00278523 -1
0.0252675 0.0432409 0.0531179 0.00278479 -1
0.0215167 0.0169508 0.040454 0.00278435 -1
0.0168984 0.00100678 0.0468788 0.0027839 -1
0.0224297 0.0288056 0.0392298 0.00278346 -1
0.0219556 0.0358159 0.096613 0.00278302 -1
0.0495215 0.0462112 0.0120767 0.00278257 -1
0.0470279 0.0236296 0.0757025 0.00278213 -1
0.0165982 0.00556402 0.0820411 0.00278169 -1
0.0404404 0.0230376 0.0362313 0.00278125 -1
0.00348242 0.0495085 0.0348041 0.0027808 -1
0.0500239 0.0454352 0.0359823 0.00278036 -1
0.0105328 0.0348856 0.0510334 0.00277992 -1
0.0433719 0.0216495 0.016188 0.00277948 -1
0.0346473 0.0460627 0.0133341 0.00277903 -1
0.00312924 0.027942 0.0523893 0.00277859 -1
0.0402376 0.0418164 0.079546 0.00277815 -1
0.020198 0.0491005 0.0904599 0.00277771 -1
0.0361763 0.0398212 0.05158 0.00277726 -1
0.00285958 0.0485485 0.0292644 0.00277682 -1
0.0411448 0.0306135 0.0138721 0.00277638 -1
0.0166334 0.0193196 0.069159 0.00277594 -1
0.0347942 0.0430557 0.0324599 0.00277549 -1
0.0349393 0.00896769 0.0223745 0.00277505 -1
0.040203 0.00595794 0.0306447 0.00277461 -1
0.0116824 0.0166488 0.0833846 0.00277417 -1
0.0328147 0.0211494 0.0153473 0.00277372 -1
0.0032297 0.0251266 0.000631674 0.00277328 -1
0.0182059 0.00125517 0.0087492 0.00277284 -1
-0.00106933 0.0120378 0.00137519 0.00277242 -1
0.0351236 0.0239724 0.0917512 0.00277209 -1
0.0163787 0.0413025 0.0118886 0.00277176 -1
0.0121742 0.048861 0.0904256 0.00277143 -1
0.0172083 0.0138405 0.0233927 0.00277107 -1
0.00769104 0.00925084 0.0349857 0.00277063 -1
0.0294137 0.0283428 0.085987 0.00277018 -1
0.00775399 0.0222938 0.0735209 0.00276974 -1
0.0403551 0.0456448 0.045815 0.0027693 -1
0.0466488 0.0260028 0.093265 0.00276886 -1
0.00576806 0.0423725 0.0484482 0.00276841 -1
0.0317505 0.0460214 0.0809922 0.00276797 -1
0.0343168 0.0274974 0.0343671 0.00276753 -1
0.013709 0.031628 0.0761564 0.00276709 -1
0.0314625 0.0031812 0.0696247 0.00276664 -1
0.0221145 0.0478084 0.0530192 0.0027662 -1
0.019699 0.00490382 0.000714469 0.00276576 -1
0.0280526 0.022001 0.0486681 0.00276531 -1
0.0387289 0.000911556 0.0854038 0.00276487 -1
0.0384196 0.0229747 0.055141 0.00276443 -1
0.000544568 0.0236818 0.0548162 0.00276399 -1
0.0225703 0.0424613 0.0348061 0.00276354 -1
0.0253762 0.0351191 0.0577367 0.0027631 -1
0.026864 0.0365931 0.0480798 0.00276266 -1
0.0302061 0.0199693 0.0309538 0.00276222 -1
0.0197834 0.0450028 0.00957501 0.0027618 -1
0.00516036 0.00873614 0.0596998 0.00276147 -1
0.0197072 0.0168106 0.0794021 0.00276114 -1
0.0187977 0.0288831 0.0865557 0.0027608 -1
0.0247916 0.00324602 0.0495985 0.00276045 -1
0.0388313 0.0275664 0.0808999 0.00276 -1
0.00853943 0.0378175 0.0818812 0.00275956 -1
0.0476094 0.0158328 0.0579738 0.00275912 -1
0.0245702 0.00698347 0.0986128 0.00275868 -1
0.0230797 0.0420375 0.00541375 0.00275823 -1
0.0475359 0.0301085 0.0776378 0.00275779 -1
0.0469614 0.0258408 0.0513572 0.00275735 -1
0.0203226 0.0188774 0.0650595 0.00275691 -1
0.0103495 0.0510113 0.0856354 0.00275646 -1
0.0420659 0.0133924 0.0657862 0.00275602 -1
0.0072249 0.0473039 0.0824126 0.00275558 -1
0.0445118 0.00677585 0.0272752 0.00275514 -1
0.00467584 0.0318712 0.0768486 0.00275469 -1
0.0185608 0.046443 0.027346 0.00275425 -1
0.00781179 0.0489578 0.015887 0.00275383 -1
0.0227396 0.0390578 0.0903292 0.0027535 -1
0.0413592 0.0299543 0.0370215 0.00275317 -1
0.00946379 -0.000134232 0.00384544 0.00275284 -1
0.024185 0.00921879 0.024026 0.00275248 -1
0.0101668 0.0303415 0.0105258 0.00275204 -1
0.0111001 0.0147852 0.0285573 0.0027516 -1
0.0425471 0.0334411 0.0230825 0.00275115 -1
0.01611 0.00439885 0.0569616 0.00275071 -1
0.0239325 0.0391127 0.0741834 0.00275027 -1
0.0327289 0.012947 0.0170183 0.00274983 -1
0.0134752 0.0282712 0.0409006 0.00274938 -1
0.0422824 0.0267863 0.0541679 0.00274894 -1
0.0301078 0.0449119 0.0270532 0.0027485 -1
0.0271556 0.0331899 0.0528906 0.00274806 -1
0.0297586 0.00436556 0.0408123 0.00274761 -1
0.0201848 0.0413619 0.0158847 0.00274719 -1
0.00132864 0.0341114 0.0499704 0.00274686 -1
0.0345818 0.00667913 0.0932732 0.00274653 -1
0.0329282 0.00418937 0.030915 0.0027462 -1
0.00310885 0.038567 0.0823875 0.00274584 -1
0.043876 0.0281926 0.0221346 0.0027454 -1
0.00143321 0.0415551 0.0321313 0.00274496 -1
0.0168544 0.0191688 0.0220122 0.00274452 -1
0.0109169 0.0473966 0.0783375 0.00274407 -1
0.042633 0.0175773 0.00238701 0.00274363 -1
0.0146565 0.0327128 0.0260515 0.00274319 -1
0.0333971 0.0286533 0.0821886 0.00274274 -1
0.0388236 0.016969 0.068418 0.0027423 -1
0.00446482 0.0295372 0.00699297 0.00274186 -1
0.0378929 0.0360773 0.0928455 0.00274142 -1
0.0172718 0.00787247 0.0922599 0.00274097 -1
0.0246898 0.0291209 0.000374603 0.00274055 -1
0.0111703 0.0143314 0.00447308 0.00274022 -1
0.0350379 0.0216977 0.0339744 0.00273989 -1
0.0137459 0.0358378 0.0807997 0.00273956 -1
0.0483928 0.00909379 0.024149 0.0027392 -1
0.00366755 0.0196956 0.0231867 0.00273876 -1
0.0216717 0.0296062 0.0168626 0.00273832 -1
0.00792374 0.0098167 0.00194297 0.00273788 -1
0.0316172 0.00127655 0.0507927 0.00273743 -1
0.00578344 0.0460723 0.039882 0.00273699 -1
0.0379012 0.00432786 0.00836424 0.00273655 -1
0.0434254 0.0437401 0.0936635 0.00273611 -1
0.0170308 0.0130469 0.059422 0.00273566 -1
0.00720232 0.00289845 0.0122928 0.00273524 -1
0.0284071 0.0121755 0.0867745 0.00273491 -1
0.0288637 0.000533506 0.0655628 0.00273458 -1
0.0482543 0.0231288 0.0010535 0.00273425 -1
0.0122179 0.0385114 0.036511 0.00273389 -1
0.047092 0.0199281 0.0244296 0.00273345 -1
0.00821493 0.0179575 0.0793111 0.00273301 -1
0.0240039 0.0274329 0.0465771 0.00273257 -1
0.000995706 0.0421987 0.0897506 0.00273212 -1
0.0112246 0.0481066 0.0957934 0.00273168 -1
0.0117195 0.0247665 0.00309993 0.00273124 -1
0.0406637 0.00820517 0.0110525 0.0027308 -1
0.0402407 0.0369946 0.026561 0.00273035 -1
0.0332198 0.024637 0.0736933 0.00272993 -1
0.00513714 0.0334911 0.0820678 0.0027296 -1
0.00292626 0.0186038 0.0909803 0.00272927 -1
0.0219298 0.0139993 0.0205304 0.00272894 -1
0.0250977 0.0320898 0.0356885 0.00272858 -1
0.0371546 0.0319505 0.0271672 0.00272814 -1
0.0361203 0.0172044 0.0176316 0.0027277 -1
0.0355946 0.0477753 0.0351737 0.00272726 -1
0.00738969 0.0273637 0.0479673 0.00272681 -1
0.0448678 0.00324167 0.0560162 0.00272637 -1
0.0174669 0.00287962 0.0718103 0.00272593 -1
0.0109621 -0.00187765 0.0566995 0.00272548 -1
0.00143059 0.021814 0.0952916 0.00272504 -1
0.0131213 0.0473838 0.0362992 0.00272462 -1
0.0445745 0.044943 0.0381665 0.00272429 -1
0.0410796 0.00193944 0.0599472 0.00272396 -1
0.00407914 0.0351606 0.0919454 0.00272362 -1
0.0296894 0.0125828 0.0453111 0.00272327 -1
0.0348135 0.0328592 0.0196576 0.00272283 -1
0.0338632 0.000556372 0.082892 0.00272239 -1
0.0171754 0.00985901 0.0640949 0.00272194 -1
0.00604745 0.0441525 0.0301266 0.0027215 -1
0.0185316 0.0149615 0.0519992 0.00272106 -1
0.00705446 0.0281429 0.0941392 0.00272062 -1
0.0341612 0.0286601 0.0240213 0.00272017 -1
0.0366917 0.0478841 0.0992647 0.00271973 -1
0.0319991 0.0360886 0.0860075 0.00271931 -1
0.0471112 0.0300735 0.0970695 0.00271898 -1
0.00583468 0.0146769 0.0223644 0.00271864 -1
0.0401931 0.0178517 0.0287032 0.00271831 -1
0.0141133 0.00542322 0.0451441 0.00271796 -1
0.0117662 0.0494261 0.0287498 0.00271752 -1
0.0251785 0.0120997 0.0332556 0.00271708 -1
0.0195323 0.0418923 0.0212834 0.00271663 -1
0.00791428 0.0466126 0.0877966 0.00271619 -1
0.0160571 0.0159205 0.0063064 0.00271575 -1
0.0322774 0.0315147 0.0518977 0.00271532 -1
0.0295387 0.00789051 0.00125424 0.00271499 -1
0.0175755 0.0218356 0.0789657 0.00271466 -1
0.0422176 0.0329914 0.059343 0.00271433 -1
0.0357837 0.00120145 0.0609368 0.00271398 -1
0.0295901 0.0165342 0.00750767 0.00271354 -1
0.0104356 0.00454938 0.0305327 0.00271309 -1
0.0315067 0.0378125 0.00234536 0.00271265 -1
0.0137528 0.0224246 0.0738031 0.00271221 -1
0.0303936 0.0348198 0.0358254 0.00271177 -1
0.0071504 0.0319643 0.0630787 0.00271134 -1
0.0111624 0.025266 0.0367229 0.00271101 -1
0.00651482 0.0403879 0.0340147 0.00271068 -1
0.0145298 0.0367047 0.0438352 0.00271035 -1
0.0279746 0.0262146 0.0674625 0.00271 -1
0.039295 0.0428942 0.0854733 0.00270955 -1
0.0060025 0.0371664 0.0770805 0.00270911 -1
0.00101784 0.0384492 0.00524752 0.00270867 -1
0.0399999 0.0478791 0.0557727 0.00270823 -1
0.0313269 0.0482565 0.0613677 0.00270778 -1
0.0463069 0.0291394 0.0570029 0.00270736 -1
0.0310474 0.0367872 0.0515981 0.00270703 -1
0.0497091 0.00260708 0.0812056 0.00270669 -1
0.0132765 0.0403246 0.0999156 0.00270636 -1
0.0240791 0.0163004 0.0620444 0.00270601 -1
0.0484851 0.019898 0.0515355 0.00270557 -1
0.0449133 0.0442 0.077571 0.00270513 -1
0.0230991 0.010087 0.00893506 0.00270469 -1
0.0234138 0.0475327 0.0863063 0.00270424 -1
0.0304581 0.0158555 0.080725 0.0027038 -1
0.03365 0.039414 0.0921316 0.00270337 -1
0.0435524 0.0457312 0.0665498 0.00270304 -1
0.049381 0.030746 0.0674036 0.00270271 -1
0.0454825 0.000984683 0.0473913 0.00270238 -1
0.022196 0.00897461 0.077271 0.00270203 -1
0.0419635 0.00808289 0.0376693 0.00270159 -1
0.0194036 0.0237134 0.0674209 0.00270115 -1
0.0250726 0.0443809 0.0443955 0.0027007 -1
0.02469 0.00284451 0.0421062 0.00270026 -1
0.0153944 0.0383585 0.0215411 0.00269982 -1
0.0299769 0.0211786 0.00475448 0.00269939 -1
0.0126583 0.0168226 0.033367 0.00269906 -1
0.0269207 0.0384028 0.0337339 0.00269873 -1
0.0189314 0.0241924 0.0222846 0.0026984 -1
0.0157611 0.0246898 0.0831916 0.00269805 -1
0.0337104 0.0281768 0.0956998 0.0026976 -1
0.0307199 0.00644778 0.0353482 0.00269716 -1
0.0481981 0.0349824 0.0752804 0.00269674 -1
0.0252737 0.0126221 0.0738291 0.0026964 -1
0.0219381 0.00885981 0.0718803 0.00269607 -1
0.00874875 0.00977043 0.082514 0.00269574 -1
0.0455927 0.0392409 0.0968563 0.00269539 -1
0.0237078 0.0495107 0.00372049 0.00269495 -1
0.00944027 0.00735384 0.0627884 0.00269451 -1
0.0402193 0.0178218 0.0552003 0.00269406 -1
0.0277236 0.0392354 0.00596581 0.00269362 -1
0.031152 0.0197206 0.0755051 0.00269318 -1
0.029569 0.00967432 0.0395364 0.00269275 -1
0.0172899 0.00560667 0.0353093 0.00269242 -1
0.0130856 0.0193051 0.0904834 0.00269209 -1
0.046783 0.0130499 0.0443646 0.00269176 -1
0.00645579 0.0343181 0.0295041 0.00269141 -1
0.025618 0.0334141 0.0652873 0.00269097 -1
0.0177069 0.0383721 0.0876932 0.00269052 -1
0.00400749 0.00024731 0.0792407 0.0026901 -1
0.019917 0.0326963 0.0654894 0.00268976 -1
0.0208482 0.0267245 0.00337549 0.00268943 -1
0.00584657 0.0231525 0.0924064 0.0026891 -1
0.0510982 0.0480851 0.0630425 0.00268875 -1
0.0128693 0.0472303 0.022823 0.00268831 -1
0.0172113 0.015829 0.0116324 0.00268787 -1
0.0384261 0.0357311 0.0444956 0.00268743 -1
0.0215625 0.0363722 0.0468373 0.00268698 -1
0.0416547 0.0408516 0.0521085 0.00268654 -1
0.0365901 0.00983875 0.0518958 0.00268611 -1
0.0389726 0.0404878 0.0469341 0.00268578 -1
0.0206926 0.00460348 0.0452579 0.00268545 -1
0.00601728 0.0270818 0.0370884 0.00268512 -1
0.00230135 0.0101094 0.0960946 0.00268477 -1
0.0439636 0.0104348 0.0902862 0.00268433 -1
0.0369468 0.0339161 0.0127388 0.00268389 -1
-0.000142491 0.0113053 0.0824189 0.00268346 -1
0.00272962 0.0194939 0.000532291 0.00268313 -1
0.0331806 0.0341861 0.0909235 0.00268279 -1
0.0322286 0.0382509 0.0651376 0.00268246 -1
0.0131004 0.0372135 0.013817 0.00268212 -1
0.0443162 0.0156006 0.0389659 0.00268167 -1
0.0433022 0.0384811 0.0354948 0.00268123 -1
0.00492964 0.0507892 0.0860085 0.00268079 -1
0.0030875 0.00493108 0.0409269 0.00268035 -1
0.0453377 0.0380062 0.00878768 0.0026799 -1
0.0410195 0.0136181 0.0934437 0.00267947 -1
0.0377698 0.0185501 0.0633404 0.00267914 -1
0.0139511 0.0514079 0.07631 0.00267881 -1
0.0181622 0.0045001 0.076919 0.00267848 -1
0.0274906 0.00524777 0.0632852 0.00267813 -1
0.0306047 0.0167493 0.0130079 0.00267769 -1
0.0129807 0.0336347 0.0206622 0.00267725 -1
0.0110728 0.0133787 0.0786858 0.00267682 -1
0.0190056 0.0349273 0.0837879 0.00267649 -1
0.0397075 0.0400988 0.0413861 0.00267615 -1
0.048819 0.0259777 0.0649797 0.00267582 -1
0.0056851 0.0226758 0.0785432 0.00267548 -1
0.0204885 0.00448954 0.0895136 0.00267504 -1
0.0466833 0.0392825 0.0533916 0.00267459 -1
0.00615056 0.0224636 0.0271202 0.00267416 -1
0.0332891 0.0252557 0.0646164 0.00267383 -1
0.0405483 0.0048117 0.0820573 0.0026735 -1
0.032709 0.0140247 0.0899461 0.00267317 -1
0.00726846 0.0182201 0.0421621 0.00267282 -1
0.0121077 0.0115793 0.0647711 0.00267238 -1
0.0133873 0.00262336 0.0940511 0.00267194 -1
0.0422076 0.0227041 0.0943084 0.00267151 -1
0.0327203 0.00391425 0.00985753 0.00267118 -1
0.030888 0.0464836 0.0535667 0.00267084 -1
0.0195059 0.0466397 0.0148671 0.00267051 -1
0.038509 0.0370547 0.0816116 0.00267017 -1
0.0241392 0.0136968 0.0790079 0.00266973 -1
-0.00112372 0.0447549 0.0412945 0.00266928 -1
0.0292524 0.00144643 0.0799466 0.00266885 -1
0.0267615 0.0162897 0.0212827 0.00266852 -1
0.0270674 0.0170673 0.00278311 0.00266819 -1
0.0390014 0.0132479 0.0723412 0.00266786 -1
0.0414526 0.0426044 0.00165664 0.00266751 -1
0.0421238 0.0304728 0.0777115 0.00266707 -1
0.0137762 0.0180461 0.0785611 0.00266663 -1
0.0465183 0.0299874 0.0829641 0.0026662 -1
0.00736079 0.0275103 0.0887988 0.00266586 -1
0.0321932 0.0288382 0.0769193 0.00266553 -1
0.0374582 0.0354972 0.059431 0.0026652 -1
0.0467855 0.00147428 0.0904037 0.00266486 -1
0.0343038 0.0334515 0.0752851 0.00266441 -1
0.0332122 0.00598685 0.0486603 0.00266397 -1
0.0358878 0.0012879 0.0132548 0.00266354 -1
0.0182764 0.0113774 0.0175549 0.00266321 -1
0.0107248 0.0404827 0.0925014 0.00266288 -1
0.00436186 0.0175276 0.0285361 0.00266254 -1
0.00198413 0.0472631 0.0919262 0.0026622 -1
0.0182082 0.0059133 0.00592357 0.00266176 -1
0.0322603 0.0367968 0.0801153 0.00266132 -1
0.0260642 0.0120355 0.0998841 0.00266088 -1
0.016369 0.0148611 0.0367001 0.00266055 -1
0.00822678 0.00503291 0.0256583 0.00266022 -1
0.0250681 0.0151155 0.0441938 0.00265989 -1
0.0414281 0.0266414 0.0175723 0.00265955 -1
0.004249 0.0303744 0.00159712 0.0026591 -1
0.00127269 0.0249099 0.0402328 0.00265866 -1
0.00586489 0.0369246 0.04912 0.00265823 -1
0.0119917 0.0331018 0.0608626 0.0026579 -1
0.0131284 0.0135627 0.0150429 0.00265757 -1
0.00469966 0.0434274 0.0987757 0.00265723 -1
0.0481566 0.00249283 0.000291209 0.00265689 -1
0.0436309 0.0330303 0.00968947 0.00265645 -1
0.024941 0.0244105 0.0630416 0.00265601 -1
0.0145519 0.0467783 0.0171944 0.00265557 -1
0.0444231 0.00515463 0.00866754 0.00265524 -1
0.0474393 0.0366818 0.00170803 0.00265491 -1
0.0466476 0.0399064 0.0916537 0.00265458 -1
0.0450974 0.0105801 0.0091288 0.00265424 -1
0.0352409 0.0301776 0.0056709 0.00265379 -1
-0.000782624 0.0256434 0.0596884 0.00265335 -1
0.0303015 0.0405426 0.097355 0.00265292 -1
0.0168932 0.0148301 0.0661183 0.00265259 -1
0.00967074 0.00610534 0.00873644 0.00265225 -1
0.0136673 0.0468587 0.0684639 0.00265192 -1
-0.000571119 0.0307259 0.088048 0.00265159 -1
0.0041906 0.00863054 0.0773128 0.00265126 -1
0.0298013 0.0220004 0.0704281 0.00265093 -1
0.0440627 0.0185707 0.0875571 0.00265059 -1
0.025621 0.02606 0.0159276 0.00265025 -1
0.0156838 0.0160198 0.0475701 0.00264981 -1
0.0352894 0.0327848 0.0350308 0.00264937 -1
0.0189594 0.0294841 0.0215157 0.00264893 -1
0.0172386 0.0459307 0.0493679 0.0026486 -1
0.00469445 0.00472232 0.0899777 0.00264827 -1
0.040409 0.0373851 0.0634257 0.00264794 -1
0.0197682 0.0211669 0.0917553 0.0026476 -1
0.0244682 0.0213147 0.0941999 0.00264716 -1
0.0484972 0.00438953 0.0215285 0.00264671 -1
0.0169778 0.00949854 0.0783211 0.00264628 -1
0.0343373 0.0263448 0.0150984 0.00264595 -1
0.0101861 0.0212664 0.0159955 0.00264561 -1
0.00297426 0.0147993 0.0110169 0.00264528 -1
0.0204119 0.0272645 0.0635421 0.00264494 -1
0.0497148 0.0126623 0.00757293 0.0026445 -1
0.015336 0.0263912 0.0772492 0.00264406 -1
0.0246899 0.0037922 0.017169 0.00264362 -1
0.0454181 0.0225187 0.0808636 0.00264329 -1
0.0220353 0.0450558 0.0399593 0.00264296 -1
0.0374716 0.0417854 0.0634278 0.00264263 -1
0.0485979 0.0205355 0.0856633 0.0026423 -1
0.0438459 0.0428866 0.088289 0.00264196 -1
0.0361299 0.00995685 0.0380864 0.00264163 -1
0.0268713 0.0395024 0.0431697 0.0026413 -1
0.0019581 0.0315194 0.0288943 0.00264096 -1
0.0262552 0.00158454 0.022901 0.00264052 -1
0.0447507 0.0429027 0.0827538 0.00264008 -1
0.0212207 0.0145469 0.00666733 0.00263964 -1
0.0438206 0.0334757 0.0330867 0.00263931 -1
0.0394951 0.0107018 0.101162 0.00263898 -1
0.0388287 0.0344466 0.0877682 0.00263864 -1
0.0120369 0.0399591 0.0488834 0.00263831 -1
0.0467608 0.0436155 0.0167495 0.00263786 -1
0.0133849 0.0446383 0.082647 0.00263742 -1
0.011747 0.0336223 0.0304848 0.00263698 -1
0.0484719 0.0011141 0.01369 0.00263665 -1
0.0113542 0.023521 0.0316719 0.00263632 -1
0.0122817 0.0147049 0.00990008 0.00263599 -1
0.0413588 0.017331 0.00760927 0.00263566 -1
0.0206653 0.0348347 0.074488 0.00263532 -1
0.0201292 0.0230004 0.0966963 0.00263499 -1
0.0469008 0.0181551 0.0428463 0.00263466 -1
0.0344998 0.0294921 0.0108618 0.00263432 -1
0.0254114 0.00255038 0.0899485 0.00263388 -1
0.0297836 0.0245926 0.0606872 0.00263344 -1
0.0124593 0.00106642 0.0712141 0.002633 -1
0.0282167 0.00748824 0.0495881 0.00263267 -1
0.0184529 0.0333218 0.00572252 0.00263234 -1
0.0407471 0.0449957 0.00633334 0.00263201 -1
0.0441332 0.00528689 0.0628027 0.00263167 -1
0.00269108 0.0261487 0.0859008 0.00263123 -1
0.0392253 0.0316304 0.049171 0.00263078 -1
0.029173 0.00336515 0.0464601 0.00263035 -1
0.0420327 0.0348986 0.0677889 0.00263001 -1
0.00111456 0.0257711 0.0152943 0.00262968 -1
0.0446916 0.0025033 0.0305727 0.00262935 -1
0.0103957 0.00382036 0.000262246 0.00262902 -1
0.0191264 0.0319193 0.0127425 0.00262869 -1
0.0172047 0.0367355 0.100298 0.00262835 -1
0.0338486 0.00311116 0.0440675 0.00262802 -1
0.0356432 0.00146859 0.0924949 0.00262769 -1
0.0139108 0.0122767 0.0522096 0.00262724 -1
0.0244058 0.00756276 0.0532122 0.0026268 -1
0.0467603 0.0296758 0.0123091 0.00262636 -1
0.00815237 0.0272021 0.0993177 0.00262603 -1
0.0403423 0.000294231 0.0649845 0.0026257 -1
0.0492451 0.0356065 0.0900282 0.00262537 -1
0.0425008 0.032144 0.0418371 0.00262504 -1
0.0205451 0.0181952 0.0456275 0.0026247 -1
0.0212829 0.0366353 0.0135811 0.00262437 -1
0.00337616 0.00200744 0.0166572 0.00262404 -1
0.0338329 0.00341083 0.0781658 0.0026237 -1
0.0360896 0.0140378 0.0551093 0.00262326 -1
0.0263381 0.0195733 0.0537689 0.00262282 -1
0.0277423 0.0118515 0.0630911 0.00262238 -1
0.0235629 0.0341619 0.00222036 0.00262205 -1
0.0431624 0.0172678 0.0219331 0.00262172 -1
0.0489267 0.0200558 0.0610648 0.00262138 -1
0.0186395 0.0129411 0.0287253 0.00262105 -1
0.0067875 0.0168836 0.0027361 0.00262072 -1
0.0162705 0.0265659 0.0968252 0.00262039 -1
0.0416704 0.010343 0.0819552 0.00262006 -1
0.0131647 0.0219449 0.0247483 0.00261972 -1
0.00191532 0.0215059 0.0750141 0.00261928 -1
0.0246292 0.0263965 0.0349237 0.00261884 -1
0.000893661 0.0384302 0.0634764 0.0026184 -1
0.0459373 0.0130112 0.0270974 0.00261806 -1
0.0467426 0.0234047 0.04278 0.00261773 -1
0.0347311 0.0442715 0.0682442 0.0026174 -1
0.00303708 0.000425698 0.071231 0.00261707 -1
0.027658 0.04082 0.0643693 0.00261674 -1
0.0223243 0.00593638 0.0577414 0.0026164 -1
0.0484265 0.0449706 0.0858909 0.00261607 -1
0.0291615 0.0216499 0.0649891 0.00261574 -1
0.0233934 0.0213013 0.0162733 0.00261541 -1
0.0173017 0.0315713 0.0721209 0.00261508 -1
0.0414816 0.00296497 0.0363136 0.00261475 -1
0.0486981 0.0216824 0.0907923 0.00261441 -1
0.0414662 0.0231542 0.0470215 0.00261397 -1
0.00515032 0.00197364 0.0562235 0.00261353 -1
0.00800153 0.026441 0.0700983 0.00261309 -1
0.0128668 0.0395555 0.0845484 0.00261275 -1
0.0288561 0.0113215 0.00831669 0.00261242 -1
0.0408943 0.00704992 0.0501325 0.00261209 -1
0.0192638 0.0467198 0.00450974 0.00261176 -1
0.0145074 0.0286435 0.0343289 0.00261143 -1
0.0251662 0.0345405 0.0434128 0.00261109 -1
0.0181597 0.0508043 0.0951479 0.00261076 -1
0.0292987 0.0244065 0.0960288 0.00261043 -1
0.0453203 0.0136714 0.00487368 0.00260999 -1
0.0120516 0.00794545 0.039089 0.00260954 -1
0.00730922 0.00517955 0.0847484 0.0026091 -1
0.004045 0.0389018 0.0445901 0.00260877 -1
0.0162407 0.0265976 0.0548819 0.00260844 -1
0.0497169 0.00347116 0.0528283 0.00260811 -1
0.0268065 0.0494493 0.0703328 0.00260777 -1
0.045132 0.0305363 0.017489 0.00260744 -1
0.0424101 0.00811998 0.0947837 0.00260711 -1
0.0482678 0.000819319 0.00844015 0.00260678 -1
0.00032557 0.0116454 0.0516498 0.00260645 -1
0.0261848 0.045075 0.075081 0.00260611 -1
0.0404772 0.0279716 0.0590678 0.00260578 -1
0.00554678 0.00663619 0.00551864 0.00260545 -1
0.0177199 0.050075 0.100294 0.00260512 -1
0.0381086 0.0169244 0.0341637 0.00260468 -1
0.0487246 0.0103027 0.0622367 0.00260423 -1
0.0301759 0.0432736 0.0415085 0.00260379 -1
0.0185563 0.0311272 0.0537482 0.00260346 -1
0.0370004 0.0248071 0.0867836 0.00260313 -1
0.044406 0.0190946 0.07701 0.0026028 -1
0.0351847 0.0120875 0.0274234 0.00260246 -1
0.0362662 0.0390093 0.0874713 0.00260213 -1
0.0297375 0.00835805 0.0948964 0.0026018 -1
0.0119489 0.0284338 0.0297917 0.00260147 -1
0.0352618 0.00649671 0.0605844 0.00260114 -1
0.00824978 0.0023294 0.0952007 0.0026008 -1
0.0112311 0.0379481 0.076588 0.00260047 -1
0.0235727 0.0499583 0.027046 0.00260014 -1
0.0214611 0.0409755 0.0951609 0.00259981 -1
0.0132148 0.00908296 0.0699517 0.00259937 -1
0.0281122 0.0323469 0.0269013 0.00259892 -1
0.0263733 0.00769474 0.00551747 0.00259848 -1
0.0243283 0.0434422 0.0612169 0.00259815 -1
0.0416922 0.0471158 0.0833286 0.00259782 -1
0.00696632 0.038147 0.0130463 0.00259748 -1
0.0232509 0.0202147 0.0693376 0.00259715 -1
0.0480668 0.0302505 0.0485289 0.00259682 -1
0.0188238 0.0246526 0.0492654 0.00259649 -1
0.0444285 0.0481707 0.0124455 0.00259616 -1
0.0269208 0.0354152 0.0228824 0.00259583 -1
0.0361514 0.0435354 0.0088357 0.00259549 -1
0.0278049 0.044762 0.0222336 0.00259516 -1
0.0285085 0.0109689 0.0800958 0.00259483 -1
0.0350576 0.0178799 0.0300638 0.0025945 -1
0.00710308 0.0170631 0.0472977 0.00259417 -1
0.0216021 0.016767 0.0144382 0.00259383 -1
0.0406073 0.0304577 0.065437 0.0025935 -1
0.0227352 0.0340264 0.0697552 0.00259317 -1
0.0460298 0.0388118 0.0141927 0.00259273 -1
0.0433967 0.0280658 0.00800175 0.00259229 -1
0.0276112 0.00466799 0.083768 0.00259184 -1
0.0493872 0.0478635 0.0788072 0.00259151 -1
0.0435397 0.0368326 0.0452038 0.00259118 -1
0.0331721 0.023819 0.00146732 0.00259085 -1
0.0397706 0.00321506 0.0692683 0.00259051 -1
0.0200319 0.0133601 0.0744166 0.00259018 -1
0.0322599 0.0434411 0.0637286 0.00258985 -1
0.0240774 0.0341037 0.0919152 0.00258952 -1
0.0304437 0.000928887 0.0343437 0.00258919 -1
0.0416311 0.0171904 0.0490518 0.00258885 -1
0.0228926 0.00137235 0.0361623 0.00258852 -1
0.050002 0.048454 0.0531226 0.00258819 -1
0.0279874 0.0437789 0.0688061 0.00258786 -1
0.030086 0.0132054 0.0967215 0.00258753 -1
0.0164171 0.0225436 0.0879767 0.00258719 -1
0.00686211 0.0139917 0.0317055 0.00258686 -1
0.0353191 0.00839199 0.0331643 0.00258653 -1
0.0440167 0.00539175 0.0773226 0.0025862 -1
0.0283585 0.0459287 0.0853256 0.00258587 -1
0.0393045 0.014101 0.0383514 0.00258554 -1
0.0190538 0.0460374 0.0973177 0.0025852 -1
0.0299428 0.0304658 0.00527427 0.00258476 -1
0.0200264 0.00583076 0.015254 0.00258432 -1
0.0155827 0.00632029 0.0970738 0.00258388 -1
0.00637071 0.0286893 0.0281756 0.00258354 -1
0.0484812 6.66332e-07 0.0856421 0.00258321 -1
0.032288 0.00713504 0.0647827 0.00258288 -1
0.0112456 0.024127 0.0204328 0.00258255 -1
0.0466979 0.0133028 0.0735268 0.00258222 -1
0.0290293 0.0239589 0.082941 0.00258188 -1
0.00787507 0.00909351 0.0295615 0.00258155 -1
0.0239196 0.0146985 0.0254037 0.00258122 -1
0.0453091 0.0311969 0.0729094 0.00258089 -1
0.0247059 0.0344889 0.0309686 0.00258056 -1
0.0132476 0.00259243 0.00723853 0.00258022 -1
0.0326412 0.049156 0.00296801 0.00257989 -1
0.0363627 0.00180046 0.0484527 0.00257956 -1
0.0424111 0.0464594 0.0244463 0.00257923 -1
0.0356849 0.0406291 0.0768459 0.0025789 -1
0.0386509 0.0316085 -0.00177907 0.00257856 -1
0.0136304 0.015259 0.0938164 0.00257823 -1
0.00536317 0.0126507 0.0383957 0.0025779 -1
0.00613774 0.0470266 0.0205659 0.00257757 -1
0.0396075 0.0351568 0.00650569 0.00257724 -1
0.0356629 0.0487086 0.0783313 0.0025769 -1
0.0479636 0.0488532 0.0946855 0.00257657 -1
0.0121424 0.0147612 0.0605971 0.00257624 -1
0.046311 0.0482119 0.0744341 0.00257591 -1
0.0276551 0.00349986 0.0307173 0.00257547 -1
0.0492392 0.0265989 0.0291638 0.00257503 -1
0.0340549 0.00785082 0.069575 0.00257458 -1
0.0254451 0.0298484 0.0892588 0.00257425 -1
0.0201108 0.0413599 0.058878 0.00257392 -1
0.0139934 0.0102792 0.0825319 0.00257359 -1
0.0467093 0.0367319 0.0399711 0.00257325 -1
0.0286265 0.0335167 0.00125524 0.00257292 -1
0.00432413 0.000395989 0.0239144 0.00257259 -1
0.0138836 0.00678899 0.0521287 0.00257226 -1
0.0302585 0.0325888 0.0471304 0.00257193 -1
0.012424 0.0354993 0.0974796 0.00257159 -1
0.0171981 0.0494507 0.0208243 0.00257126 -1
0.0377431 0.0413129 0.0283549 0.00257093 -1
0.0331852 0.0405946 0.0260455 0.0025706 -1
0.017478 0.0316745 0.048659 0.00257027 -1
-0.000767301 0.00617257 0.0749315 0.00256993 -1
0.0411427 0.013896 0.0253249 0.0025696 -1
0.0357694 0.033139 0.0837595 0.00256927 -1
0.00752969 0.00994959 0.02402 0.00256894 -1
0.0197742 0.0283689 0.0753616 0.00256861 -1
0.0414025 0.0136006 0.01125 0.00256827 -1
0.00810769 0.0139226 0.0980562 0.00256794 -1
0.0413701 0.0248294 0.0275395 0.00256761 -1
0.0270083 0.0205675 0.0382205 0.00256728 -1
0.0428524 0.0373177 0.0563812 0.00256695 -1
0.017047 0.0287052 0.0673503 0.00256661 -1
0.0337201 0.0251125 0.0201251 0.00256628 -1
0.0159829 0.0103903 0.00439598 0.00256595 -1
0.0450737 0.0372624 0.0610886 0.00256562 -1
0.00191353 0.015619 0.00397685 0.00256529 -1
0.023108 0.0458548 0.0707297 0.00256495 -1
0.0105695 0.0243166 0.077575 0.00256462 -1
0.00454487 0.0124342 0.0273766 0.00256429 -1
0.0405134 0.0470055 0.0783044 0.00256396 -1
0.0345662 0.0134641 0.0326841 0.00256363 -1
0.0488361 0.0129544 0.0392445 0.0025633 -1
0.0212765 0.0191226 0.00418141 0.00256296 -1
0.0504612 0.0139853 0.0154244 0.00256263 -1
0.0323575 0.00891411 0.0888652 0.0025623 -1
0.00973665 0.00343854 0.0902509 0.00256197 -1
0.00748524 0.00548387 0.0516638 0.00256164 -1
0.0427595 0.000344274 0.00751231 0.0025613 -1
0.017931 0.0112997 0.00905027 0.00256087 -1
0.0379759 0.0103635 0.0962006 0.00256042 -1
0.0149337 0.0466759 0.0447568 0.00255998 -1
0.0153053 0.0466798 0.0315392 0.00255964 -1
0.0482212 0.0358614 0.0669838 0.00255931 -1
0.0223933 0.0327519 0.0236725 0.00255898 -1
0.0183725 0.0154051 0.0969999 0.00255865 -1
0.0114419 0.048026 0.0412667 0.00255832 -1
0.0161307 0.025387 0.0179995 0.00255798 -1
0.0402318 0.0305961 0.00423044 0.00255765 -1
0.0425005 0.00428933 0.0230333 0.00255732 -1
0.0407455 0.00965703 0.0757268 0.00255699 -1
0.00427103 0.0406955 0.0666768 0.00255666 -1
0.0312871 0.0372858 0.0448012 0.00255632 -1
0.00103977 0.0214039 0.0274541 0.00255599 -1
0.0347821 0.0419077 0.0441242 0.00255566 -1
0.0260814 0.0467996 0.0570154 0.00255533 -1
0.0239059 0.0308681 0.0736486 0.002555 -1
0.024176 0.036418 0.0087517 0.00255467 -1
0.0482163 0.016519 0.0916347 0.00255433 -1
0.00889878 0.039211 0.0972198 0.002554 -1
0.0298079 0.0145091 0.0756846 0.00255367 -1
0.0253897 0.0423339 0.016129 0.00255334 -1
0.0032567 0.0439719 0.0440278 0.00255301 -1
0.0376015 0.0398645 0.0229961 0.00255267 -1
0.0277647 0.0213486 0.0192086 0.00255234 -1
0.0360237 0.0281432 0.100412 0.00255201 -1
0.000817321 0.00850858 0.0673796 0.00255168 -1
0.0272308 0.00614082 0.0788549 0.00255135 -1
0.0146776 0.0227621 0.01385 0.00255101 -1
0.011855 0.00219139 0.0232261 0.00255068 -1
0.00446265 0.0404344 0.00868983 0.00255035 -1
0.0310644 0.0189494 0.0454759 0.00255002 -1
0.0356544 0.00392488 0.0240958 0.00254969 -1
0.0396262 0.0362207 0.0317474 0.00254936 -1
0.0350223 0.0378034 0.0410985 0.00254902 -1
0.00304917 0.046975 0.0481467 0.00254869 -1
0.01623 0.0437256 0.0407931 0.00254836 -1
0.0210948 0.051154 0.05858 0.00254803 -1
0.0408046 0.0371176 0.0112349 0.0025477 -1
0.0134566 0.0470989 0.0632743 0.00254736 -1
0.00403339 0.00415562 0.074664 0.00254703 -1
0.0239836 0.0338745 0.0189525 0.0025467 -1
-0.00223705 0.0179743 0.00214544 0.00254637 -1
0.0272696 0.0358563 0.0783719 0.00254604 -1
0.0460445 0.0373049 0.0242259 0.0025457 -1
0.00933328 0.0108194 0.0728476 0.00254537 -1
0.0300302 0.0313767 0.0222111 0.00254504 -1
0.0264156 0.0386593 0.0127474 0.00254471 -1
0.0181759 0.0406976 0.00692221 0.00254438 -1
0.0206045 0.0158064 0.0698068 0.00254404 -1
0.0433101 0.0395071 0.0758513 0.00254371 -1
0.0169036 0.0135731 0.0852868 0.00254338 -1
0.0035551 0.0117159 0.01866 0.00254305 -1
0.0230638 0.0411264 0.0687988 0.00254272 -1
0.0289946 0.0118032 0.013447 0.00254239 -1
0.03012 0.0292509 0.0139517 0.00254205 -1
0.00198445 0.0475686 0.0831399 0.00254172 -1
0.0337373 0.0213029 0.0569938 0.00254139 -1
0.0408814 0.0162537 0.0155852 0.00254106 -1
0.034596 0.0129156 0.0991453 0.00254073 -1
0.0502686 0.00265559 0.0372766 0.00254039 -1
0.0438525 0.0229701 0.0213201 0.00254006 -1
0.00747392 0.0225968 0.0393384 0.00253973 -1
0.0156406 0.00257581 0.0893524 0.0025394 -1
0.0123315 0.0380907 0.0681338 0.00253907 -1
0.00969618 0.0132392 0.0912423 0.00253873 -1
0.00455743 0.00659089 0.0645085 0.0025384 -1
0.0302282 0.0116095 0.0346255 0.00253807 -1
0.0265405 0.0467595 0.0799556 0.00253774 -1
0.0109474 0.0197108 0.0701597 0.00253741 -1
0.00992467 0.0258263 0.0258531 0.00253714 -1
0.0373983 0.00711568 0.0786052 0.00253687 -1
0.0372729 0.00247574 0.0333838 0.0025366 -1
0.0414646 0.0320074 0.0542406 0.00253634 -1
0.0452238 -0.00197579 0.0554292 0.00253607 -1
0.00422117 0.00995113 0.085225 0.00253575 -1
0.0319023 0.0447524 0.000472277 0.00253542 -1
0.0431024 0.0266025 0.0333212 0.00253508 -1
0.0459856 0.00865084 0.0662589 0.00253475 -1
0.0430386 0.0267864 0.0741577 0.00253442 -1
0.00357601 0.0343574 0.0599907 0.00253409 -1
0.0023872 0.0166859 0.0732538 0.00253376 -1
0.0234667 0.0391664 0.000985608 0.00253342 -1
0.0326938 0.0342743 0.025624 0.00253309 -1
0.0319097 0.0187738 0.0260515 0.00253276 -1
0.016548 0.0264323 0.0718944 0.00253243 -1
0.0174369 0.0406044 0.0259201 0.0025321 -1
0.000209958 0.0481319 0.0220847 0.00253176 -1
0.0123822 0.0168684 0.0189792 0.00253143 -1
0.0197649 0.00996985 0.0826738 0.0025311 -1
0.0217902 0.0116933 0.013743 0.00253077 -1
0.0264903 0.017193 0.01617 0.00253044 -1
0.00758813 0.041668 0.0257639 0.0025301 -1
0.0181508 0.00665775 0.0493289 0.00252977 -1
0.0249599 0.0162422 0.0364676 0.00252944 -1
0.0443082 -0.00216596 0.0876489 0.00252911 -1
0.0304783 0.0245696 0.0120358 0.00252878 -1
0.022715 0.0119322 0.0510615 0.00252844 -1
0.0444998 0.00609904 0.0187219 0.00252811 -1
0.00488308 0.00125423 0.0503207 0.00252778 -1
0.0219777 0.0192499 0.0207718 0.00252745 -1
0.0126826 0.00777888 0.033994 0.00252712 -1
0.00254833 0.00691734 0.000744792 0.00252679 -1
0.00143634 0.0189801 0.0448709 0.00252645 -1
0.0149177 0.0457854 0.10057 0.00252612 -1
0.037771 0.00613729 0.0461563 0.00252579 -1
0.0140045 0.0489775 0.052019 0.00252546 -1
0.0259582 0.0282805 0.0513839 0.00252513 -1
0.0210966 0.000114222 0.0692125 0.00252479 -1
0.02294 0.0160421 0.0304223 0.00252446 -1
0.0332222 0.0135534 0.00984653 0.00252413 -1
0.0219074 0.0168563 0.0936488 0.0025238 -1
0.00610004 0.0319939 0.0506957 0.00252347 -1
0.0480921 0.0440537 0.0548976 0.00252313 -1
0.0341829 0.0490582 0.00897655 0.0025228 -1
0.0407396 0.0421515 0.0106321 0.00252253 -1
0.0466122 0.00607005 0.0469922 0.00252226 -1
0.0057701 0.0316073 0.0716934 0.002522 -1
0.00419009 0.0320406 0.0961605 0.00252173 -1
0.0238117 0.0242834 0.020435 0.00252147 -1
0.0332583 0.020765 0.0620048 0.00252114 -1
0.0443482 0.0103799 0.0483082 0.00252081 -1
0.045788 0.011237 0.0854781 0.00252048 -1
0.0257905 0.0481447 0.0189678 0.00252015 -1
0.0174598 0.0174073 0.0314073 0.00251981 -1
-0.00157543 0.0177169 0.096596 0.00251948 -1
0.0222019 0.0152387 0.0888814 0.00251915 -1
0.020217 0.0339899 0.0576577 0.00251882 -1
0.00852521 0.0521428 0.0406732 0.00251849 -1
0.0306652 0.0416095 0.0354403 0.00251816 -1
0.0453579 0.00676659 0.0820514 0.00251782 -1
0.0158717 0.00532274 0.0228336 0.00251749 -1
0.0106042 0.029241 0.0192378 0.00251716 -1
0.0188855 0.00176454 0.0851026 0.00251683 -1
0.0301037 0.00995091 0.020463 0.0025165 -1
0.0254845 0.0197296 0.00697266 0.00251616 -1
0.0213579 0.0245787 0.0882207 0.00251583 -1
0.0344751 0.00910869 0.00358466 0.0025155 -1
0.019583 0.0271563 0.0803442 0.00251517 -1
0.0447558 0.0122994 0.0221237 0.00251484 -1
0.000654364 0.0348265 0.0851545 0.00251456 -1
0.00942423 0.051028 0.0524833 0.0025143 -1
0.00457063 0.00204893 0.0449859 0.00251403 -1
0.0392662 0.0242423 0.0719712 0.00251377 -1
0.0271719 0.0375709 0.083131 0.0025135 -1
0.0169341 0.0165809 0.0168212 0.00251318 -1
0.0176446 0.0117226 0.0701822 0.00251284 -1
0.0352255 0.0396591 0.0986414 0.00251251 -1
0.00830225 0.0476021 0.0252823 0.00251218 -1
0.0142903 0.0085535 0.0158468 0.00251185 -1
0.00198004 0.0104677 0.0903946 0.00251152 -1
0.0499758 0.0424714 0.00835754 0.00251118 -1
0.00604667 0.0440005 0.016052 0.00251085 -1
4.93419e-06 0.0232793 0.0692058 0.00251052 -1
0.0303065 0.0385858 0.0394419 0.00251019 -1
0.0193901 0.0356443 0.0515018 0.00250986 -1
0.0264866 0.0113492 0.0282513 0.00250953 -1
0.0342625 0.0371068 0.0556932 0.00250919 -1
0.0281538 0.0280627 0.0800587 0.00250886 -1
0.00216559 0.0373825 0.0287536 0.00250853 -1
0.0230509 0.0305578 0.0281925 0.0025082 -1
0.0424591 0.00403145 0.0413858 0.00250787 -1
0.0103235 0.013521 0.0391024 0.00250753 -1
0.039768 0.0421125 0.0366093 0.0025072 -1
0.0160462 0.0442555 0.0598487 0.00250687 -1
0.0318803 0.0191465 0.0404895 0.00250659 -1
0.039737 0.0124838 0.0485299 0.00250633 -1
0.0379586 0.00622867 0.0411288 0.00250606 -1
0.0494289 0.0165752 0.0282638 0.0025058 -1
0.00977408 0.0171932 0.0743688 0.00250553 -1
0.046836 0.0343163 0.057303 0.00250521 -1
0.0165565 0.0479504 0.0725974 0.00250488 -1
0.00889881 0.00209539 0.0755239 0.00250455 -1
0.0435184 0.00373493 0.00379048 0.00250421 -1
0.0258546 0.0363453 0.0386668 0.00250388 -1
0.00103844 0.0143144 0.0468339 0.00250355 -1
0.0276913 0.0121002 0.0517862 0.00250322 -1
0.0368847 0.00936046 0.0834968 0.00250289 -1
0.0241135 0.00221577 0.0547149 0.00250256 -1
0.0385572 0.0263472 0.0121496 0.00250222 -1
0.043472 0.0257859 0.0129056 0.00250189 -1
0.0135987 0.0400651 0.0725951 0.00250156 -1
0.0156123 0.039995 0.0941713 0.00250128 -1
0.0426828 0.0106066 0.0303748 0.00250102 -1
0.0133237 0.0195115 0.00369002 0.00250075 -1
0.0415649 0.0191936 0.0727711 0.00250049 -1
0.0475064 0.00749276 0.0986765 0.00250022 -1
0.035003 0.0482652 0.0650563 0.0024999 -1
0.00862255 0.035623 0.0340371 0.00249957 -1
0.0433259 0.00530184 0.0906251 0.00249924 -1
0.0471407 0.0368548 0.0488461 0.0024989 -1
0.0307649 0.0464689 0.0366827 0.00249857 -1
0.0156167 0.0297426 0.0624879 0.00249824 -1
0.00938414 0.0335388 0.0786936 0.00249791 -1
0.00160012 0.048218 0.0578964 0.00249758 -1
0.0316752 0.00330142 0.0585146 0.00249724 -1
0.041167 0.0296252 0.0704277 0.00249691 -1
0.0510747 0.0400489 0.0997635 0.00249658 -1
0.031324 0.00111107 0.0235952 0.00249625 -1
0.016924 0.0351047 0.095183 0.00249597 -1
0.046047 0.0249159 0.0256015 0.00249571 -1
0.0246687 0.00132128 0.0773706 0.00249544 -1
0.00607544 0.0217279 0.0490542 0.00249518 -1
0.00587774 0.0338413 0.0872277 0.00249491 -1
0.0228851 0.0211257 0.0491123 0.00249459 -1
0.0312515 0.0234657 0.0874781 0.00249426 -1
0.0107647 0.0429222 0.075591 0.00249393 -1
0.00328324 0.014942 0.0424137 0.00249359 -1
0.00327082 0.0244276 0.0197429 0.00249326 -1
0.00101853 0.0385692 0.0775839 0.00249293 -1
0.0438562 0.0104406 0.0704467 0.0024926 -1
0.0344884 0.0448005 0.0867465 0.00249227 -1
0.0319356 0.0170222 0.0550536 0.00249193 -1
0.0352386 0.0348466 0.0492067 0.0024916 -1
0.0320469 0.0109098 0.0496516 0.00249127 -1
0.0155194 0.0341986 0.0681219 0.00249094 -1
0.0153034 0.0312259 0.00940906 0.00249066 -1
0.0239285 0.0321773 0.0488275 0.0024904 -1
0.04585 0.0129612 0.0136264 0.00249013 -1
0.0488335 0.0392173 0.0438986 0.00248986 -1
0.00379064 0.0491001 0.012499 0.0024896 -1
0.00177842 0.00356016 0.0674014 0.00248928 -1
0.0257855 0.0461891 0.0366377 0.00248895 -1
0.00456513 0.00653754 0.0702561 0.00248861 -1
0.0420275 0.04926 0.0395972 0.00248828 -1
0.0317177 0.0160887 0.0629264 0.00248795 -1
0.043925 0.0362844 0.0892226 0.00248762 -1
0.0169438 0.00935966 0.0388785 0.00248729 -1
0.0457606 0.0117033 0.0961561 0.00248696 -1
0.0271097 0.030948 0.0403625 0.00248668 -1
0.040796 0.0139215 0.0784189 0.00248641 -1
0.0328586 0.0442335 0.0222484 0.00248615 -1
0.026448 0.0415733 0.0383708 0.00248588 -1
0.00888494 -0.000798656 0.00900944 0.00248562 -1
0.00287473 0.0294468 0.0612953 0.0024853 -1
0.0400194 0.00805688 0.061544 0.00248496 -1
0.0430535 0.0433538 0.0202747 0.00248463 -1
0.0328669 0.0480026 0.0901938 0.0024843 -1
0.0266908 0.00346189 0.00272226 0.00248397 -1
0.0158935 0.0242379 0.0386053 0.00248364 -1
0.0161742 0.0366224 0.0762297 0.0024833 -1
0.0234828 0.00450458 0.0695418 0.00248297 -1
-0.000577205 0.0328766 0.0165925 0.00248269 -1
0.0273544 0.000413105 0.0383729 0.00248243 -1
0.0391172 0.0116641 0.033912 0.00248216 -1
0.000983345 0.0476683 0.0170636 0.0024819 -1
0.0296884 0.0280754 0.0719971 0.00248163 -1
0.0115654 0.0175754 0.0449344 0.00248131 -1
0.0166404 0.0178267 0.0614856 0.00248098 -1
0.0115765 0.0373412 0.0248916 0.00248065 -1
0.00294615 0.0473783 0.0751893 0.00248032 -1
0.0408967 0.0364479 0.0495151 0.00247998 -1
0.0207455 0.0218549 0.0537099 0.00247965 -1
0.05065 0.00113336 0.0477444 0.00247932 -1
0.00618637 -2.78315e-05 0.0912019 0.00247899 -1
0.0473715 0.0456367 0.0908307 0.00247871 -1
0.0148632 0.0375392 0.0523959 0.00247844 -1
0.0105096 0.0431825 0.0702421 0.00247818 -1
0.0325493 0.0410736 0.00624658 0.00247791 -1
0.0473501 0.0200431 0.0192262 0.00247765 -1
0.00576749 0.0369274 0.063693 0.00247733 -1
0.00926195 0.0101689 0.0521945 0.002477 -1
0.0096899 0.0367144 0.0457007 0.00247667 -1
0.0111444 0.0443115 0.028094 0.00247633 -1
0.00412354 0.0254656 0.0582024 0.002476 -1
0.0487685 0.0242078 0.021502 0.00247567 -1
0.0120465 0.0213608 0.0857092 0.00247534 -1
0.0368465 0.0201325 0.000860704 0.00247501 -1
0.014856 0.0372585 0.0286056 0.00247473 -1
0.0465679 0.0256646 0.0173141 0.00247446 -1
0.0145994 0.0100432 0.0208854 0.0024742 -1
0.0310578 0.0175771 0.0187668 0.00247393 -1
0.0201499 0.013347 0.0335739 0.00247367 -1
0.0425315 0.0379024 0.00343279 0.00247335 -1
0.0481927 0.0469224 0.0486508 0.00247301 -1
0.0494224 0.0291583 0.0423116 0.00247268 -1
0.0107608 0.0329219 0.0154532 0.00247235 -1
0.0447559 0.0410765 0.0416333 0.00247202 -1
0.0423771 0.0161775 0.0441501 0.00247169 -1
0.00743911 0.0340358 0.00790108 0.00247135 -1
0.0333988 0.0430551 0.0174637 0.00247102 -1
0.0290954 0.0243011 0.0336714 0.00247074 -1
0.0473744 0.0187785 0.0076939 0.00247048 -1
0.0215976 0.0339566 0.0398429 0.00247021 -1
0.00563715 0.0223187 0.0139038 0.00246995 -1
0.00425829 0.00331802 0.0314597 0.00246968 -1
0.0024218 0.0355274 0.0196601 0.00246936 -1
0.0341247 0.0379769 0.0335853 0.00246903 -1
0.0350114 0.0135526 0.0815805 0.0024687 -1
0.00450734 0.0309292 0.0240485 0.00246837 -1
0.00390989 0.0431965 0.0846482 0.00246809 -1
0.0292973 0.0484379 0.0462033 0.00246782 -1
0.0305709 0.0241225 0.0781354 0.00246756 -1
0.0271384 0.05145 0.0585911 0.00246729 -1
0.0203725 0.0179236 0.0354219 0.00246703 -1
0.0201667 0.0368511 0.0202582 0.00246671 -1
0.0501571 0.00120768 0.075245 0.00246638 -1
0.0192991 0.00920142 0.0221541 0.00246604 -1
0.01468 0.0172682 0.0735693 0.00246571 -1
0.00284951 0.0353163 0.073378 0.00246543 -1
0.0211783 0.0461873 0.0579041 0.00246517 -1
0.0385504 0.00519481 0.0966195 0.0024649 -1
0.0227836 0.0317697 0.0613071 0.00246464 -1
0.00738554 0.045397 0.0349798 0.00246437 -1
0.0424131 0.00218313 0.0513706 0.00246405 -1
0.0307831 0.0508102 0.013325 0.00246372 -1
0.00560468 0.00313087 0.00185518 0.00246339 -1
0.00333645 0.00638575 0.0818349 0.00246306 -1
0.0258293 0.0229871 0.0867176 0.00246273 -1
0.0191578 0.0293229 0.0590393 0.00246239 -1
0.0111203 0.0178279 0.0990429 0.00246206 -1
0.015243 0.0414109 0.0770806 0.00246173 -1
0.0255547 0.033947 0.0141986 0.00246062 -1
0.0490293 0.0187538 0.0147662 0.00245929 -1
0.0213416 0.0502045 0.0180741 0.00245797 -1
0.044862 0.0227284 0.00923749 0.00245664 -1
0.0107011 0.0373058 0.0634788 0.00245531 -1
0.0371634 0.0101896 0.0895282 0.00245398 -1
0.0377161 0.0131625 0.0204574 0.00245265 -1
0.0436865 0.0320424 0.046772 0.00245133 -1
0.0454869 0.0157479 0.0176894 0.00245 -1
0.010076 0.00699926 0.013742 0.00244867 -1
0.0367486 0.0463752 0.0826463 0.00244734 -1
0.0250559 0.0356331 0.0871763 0.00244601 -1
0.0182717 0.00700122 0.0687933 0.00244469 -1
0.0246162 0.0410934 0.020907 0.00244336 -1
0.0322625 0.0412968 0.0114317 0.00244203 -1
0.0252231 0.0160322 0.0493276 0.0024407 -1
0.0332951 0.0359817 0.0959449 0.00243937 -1
0.0143258 0.0348558 0.0858501 0.00243804 -1
0.0187559 0.0229328 0.0272597 0.00243671 -1
0.0153519 0.0417771 0.0177094 0.00243539 -1
0.0412718 0.0257867 0.0635393 0.00243406 -1
0.034043 0.00805727 0.0982366 0.00243273 -1
0.00275162 0.018129 0.0495747 0.0024314 -1
0.0102035 0.00207982 0.0453366 0.00243007 -1
0.0233775 0.00801111 0.0481013 0.00242874 -1
0.00843826 0.0194539 0.0308982 0.00242741 -1
0.0223472 0.0406303 0.0106805 0.00242608 -1
0.000591312 0.0436792 0.019903 0.00242476 -1
0.0035626 0.0301406 0.0909334 0.00242343 -1
0.0149096 0.00405236 0.00251726 0.0024221 -1
0.0106646 0.00745034 0.0483696 0.00242077 -1
0.0301709 0.0327705 0.0174482 0.00241944 -1
0.0288578 0.0323324 0.0929722 0.00241811 -1
0.0265335 0.0416188 0.0870921 0.00241678 -1
0.0446745 0.0318244 0.0873286 0.00241545 -1
0.0239799 0.037222 0.0523326 0.00241413 -1
0.00343363 0.035117 0.0149016 0.0024128 -1
0.00894023 0.0428393 0.0844796 0.00241147 -1
0.0409678 0.0116977 0.00641872 0.00241014 -1
0.0127482 0.0179929 0.0383689 0.00240881 -1
0.0197723 0.0164737 0.05674 0.00240748 -1
0.0407026 0.0353746 0.0158708 0.00240615 -1
0.0278531 0.0458359 0.0642334 0.00240483 -1
0.0127295 0.00279474 0.0493952 0.0024035 -1
0.0373654 0.0309424 0.0616634 0.00240217 -1
0.0104065 0.0235719 0.0897388 0.00240084 -1
0.0469497 0.0341693 0.0205104 0.00239951 -1
0.00224699 0.00942934 0.0103729 0.00239819 -1
0.035232 0.0237703 0.0690583 0.00239686 -1
0.00424483 0.0350108 0.0541094 0.00239553 -1
0.0393526 0.0222104 0.0312395 0.0023942 -1
0.0199716 0.0501866 0.0753072 0.00239287 -1
0.0326667 0.0340504 0.0705392 0.00239155 -1
0.0167956 0.0357144 0.0169517 0.00239022 -1
0.0269008 0.0125851 0.0178427 0.00238889 -1
0.0496962 0.0249945 0.0338375 0.00238756 -1
0.00563349 0.026602 0.0421225 0.00238624 -1
0.0174286 0.0315345 0.0405626 0.00238491 -1
0.00459734 0.012183 0.0808574 0.00238358 -1
0.04441 0.041927 0.0247256 0.00238226 -1
0.0475373 0.0231025 0.0132513 0.00238093 -1
0.0110483 0.0185194 0.0499543 0.00238011 -1
0.046252 0.0498576 0.00402043 0.00237945 -1
0.00486975 0.0364984 0.0980778 0.00237827 -1
0.0332232 0.00942125 0.0797876 0.00237694 -1
0.00138813 0.0303074 0.083436 0.00237562 -1
0.0255078 0.00929869 0.0836872 0.00237429 -1
0.0378243 -0.0013424 0.0689903 0.00237296 -1
0.042761 0.00687803 0.0995923 0.00237163 -1
0.0300435 0.0424411 0.0902416 0.0023703 -1
0.0230612 0.0129996 0.0666092 0.00236898 -1
0.0432012 0.0152564 0.0704217 0.00236765 -1
0.0097412 0.0129237 0.0863476 0.00236632 -1
0.049631 0.02848 0.101187 0.00236499 -1
0.0500325 0.0319983 0.0933825 0.00236367 -1
0.037514 0.00442138 0.0646939 0.00236234 -1
0.0183469 0.0195792 0.0498836 0.00236152 -1
0.0453166 0.0431875 0.0119831 0.00236086 -1
0.0338135 0.0436435 0.0955728 0.00235969 -1
0.0438545 0.0379898 0.0825427 0.00235836 -1
0.000734215 0.0416636 0.0475516 0.00235703 -1
0.00878491 0.0366449 0.089914 0.0023557 -1
0.0295781 0.0417966 0.0829081 0.00235437 -1
0.015029 0.0098753 0.0473942 0.00235305 -1
0.0356254 0.0071651 0.0277734 0.00235172 -1
0.0416143 0.0195918 0.0408315 0.00235039 -1
0.0375987 0.0168658 0.0235696 0.00234906 -1
0.0497608 0.00535488 0.01597 0.00234774 -1
0.0449551 0.0215426 0.00457731 0.00234691 -1
0.043491 0.0218786 0.0992733 0.00234625 -1
-2.83869e-05 0.0153751 0.0623992 0.00234508 -1
0.00513191 0.0117309 0.0545031 0.00234375 -1
0.00353596 0.0358345 0.0100769 0.00234243 -1
0.0296031 0.0172552 0.0876968 0.0023411 -1
0.018023 0.00071728 0.0365432 0.00233977 -1
0.0217218 0.018431 0.009784 0.00233844 -1
0.0448602 0.0157862 0.0622646 0.00233712 -1
0.00865068 0.0297956 0.040392 0.00233579 -1
0.0389089 0.0263882 0.0676379 0.00233496 -1
0.0464019 0.0422391 0.0343014 0.0023343 -1
0.0350776 0.0262404 0.0461971 0.00233313 -1
0.0398672 0.023655 0.0423682 0.00233181 -1
0.0484292 0.0491483 0.0314644 0.00233048 -1
0.0267402 0.0298527 0.0189536 0.00232915 -1
0.049016 0.0198973 0.078571 0.00232782 -1
0.00991096 0.0332781 0.0837198 0.00232649 -1
0.00620766 0.0206964 0.0189212 0.00232566 -1
0.0193629 0.0428823 0.0308782 0.002325 -1
0.0071295 0.0263564 0.0219029 0.00232384 -1
0.0134107 0.0286975 0.0583309 0.00232251 -1
0.0508617 0.0257965 0.0103591 0.00232118 -1
0.0340591 0.0199275 0.0217133 0.00231986 -1
0.0428284 0.0280908 0.0493017 0.00231853 -1
0.0454465 0.00586551 0.0516847 0.0023172 -1
0.0405078 0.0395925 0.0898989 0.00231637 -1
0.0157772 0.0359948 0.00977628 0.0023157 -1
0.0241302 0.0274322 0.0773598 0.00231455 -1
0.0267844 0.0474466 0.0504754 0.00231322 -1
0.0112342 0.00386886 0.0364559 0.00231189 -1
0.01229 0.0342614 0.00722791 0.00231056 -1
0.044561 0.0278164 0.0430094 0.00230923 -1
0.0230828 0.013289 0.0841513 0.00230791 -1
0.00568496 0.0414754 0.00410542 0.00230707 -1
0.0413628 0.0377166 0.0717861 0.00230641 -1
0.039284 0.0402922 0.00599742 0.00230525 -1
0.0168548 0.0409103 0.0494394 0.00230392 -1
0.0482084 0.0345707 0.0290204 0.0023026 -1
0.0127568 0.00804539 0.10067 0.00230127 -1
0.0116895 0.0289456 0.0651268 0.00229994 -1
0.0353157 0.0144079 0.0498134 0.0022991 -1
0.00709138 0.00104179 0.0283731 0.00229844 -1
0.0369311 0.00964509 0.0571605 0.00229729 -1
0.0436571 0.0239591 0.0897259 0.00229596 -1
0.0385074 0.0157143 0.0996438 0.00229463 -1
0.028423 0.00611326 0.0883633 0.0022933 -1
0.00142834 0.0195236 0.0319947 0.00229246 -1
0.0211698 0.0373756 0.00506486 0.0022918 -1
0.0449881 0.0172112 0.0538838 0.00229065 -1
0.0312103 0.041649 0.0785089 0.00228932 -1
0.00902749 0.0420996 0.0379825 0.00228799 -1
0.008519 0.0040134 0.0711498 0.00228666 -1
0.0388856 0.0361822 0.0538272 0.00228534 -1
0.0208258 0.027673 0.095324 0.00228449 -1
0.00391511 0.0126238 0.000730383 0.00228383 -1
0.0267522 0.0371209 0.0975878 0.00228268 -1
0.0116965 0.0259554 0.0159156 0.00228136 -1
0.0151359 0.0262874 0.046423 0.00228003 -1
0.0328488 0.0211529 0.096874 0.0022787 -1
0.015335 0.0371332 0.00534805 0.00227786 -1
0.0288513 0.00166683 0.0187116 0.00227719 -1
0.0360887 0.0181541 0.0524524 0.00227605 -1
0.00123978 0.00885626 0.00493824 0.00227472 -1
0.0311727 0.0310485 0.0326597 0.00227339 -1
0.0127315 0.0433388 0.0959905 0.00227254 -1
0.0432983 0.0226353 0.0699558 0.00227188 -1
0.017255 0.0179983 0.00144904 0.00227074 -1
0.0364673 0.0297503 0.0696414 0.00226941 -1
0.0418831 0.0139945 0.085198 0.00226808 -1
0.0475627 0.00746106 0.0706352 0.00226675 -1
0.0396555 0.00290304 0.026673 0.0022659 -1
0.0220952 -0.000186165 0.0821191 0.00226524 -1
0.033811 0.0115636 0.0940819 0.0022641 -1
0.00299818 0.0502182 0.0401184 0.00226277 -1
0.0208581 0.0230463 0.0451293 0.00226144 -1
0.0113858 0.00690484 0.0223826 0.00226059 -1
0.00644796 0.00453168 0.0788038 0.00225993 -1
0.0225304 0.00478444 0.0746355 0.00225879 -1
0.0430174 0.0351378 0.0790113 0.00225746 -1
0.0110117 0.046934 0.0125942 0.00225613 -1
0.0456153 0.0356408 0.0710262 0.00225528 -1
0.0199315 0.00659658 0.010477 0.00225462 -1
0.0187992 0.0213833 0.0178904 0.00225348 -1
0.0146836 0.0172495 0.0260829 0.00225215 -1
0.0286379 0.00665789 0.00967831 0.00225082 -1
0.0383727 0.0307655 0.0224297 0.00224997 -1
0.0176027 0.00181145 0.0529519 0.0022493 -1
0.0264728 0.00332067 0.0730148 0.00224817 -1
-0.000718767 0.00728995 0.0796166 0.00224684 -1
0.0370062 0.0285189 0.0185795 0.00224551 -1
0.0380377 0.0366342 0.0194682 0.00224466 -1
0.0212597 0.02864 0.0505581 0.00224399 -1
0.00183052 0.0194807 0.0184375 0.00224286 -1
0.0417281 0.0207646 0.0249937 0.00224153 -1
0.0406854 0.0456487 0.0973531 0.0022402 -1
0.0263193 0.0500965 0.0146593 0.00223934 -1
0.0329022 0.0298656 0.0286637 0.00223868 -1
0.0248334 0.00862988 0.0609053 0.00223755 -1
0.0206801 0.0256305 0.0565633 0.00223622 -1
0.00353858 0.0181527 0.0145172 0.00223489 -1
0.0265392 0.00319379 0.0116043 0.00223403 -1
0.0422255 0.0044621 0.0461019 0.00223337 -1
0.0163646 0.000650421 0.0673056 0.00223224 -1
0.0114476 0.00918409 0.00538844 0.00223091 -1
0.0475682 0.0463956 0.0591722 0.00223005 -1
0.00735295 0.0249695 0.0174191 0.00222938 -1
0.00823103 0.0320237 -0.00070712 0.00222825 -1
0.0231183 0.0159501 0.0535752 0.00222693 -1
0.0485313 0.00791493 0.0543155 0.0022256 -1
0.0305524 0.0468146 0.031897 0.00222474 -1
0.0157681 0.0217587 0.0460161 0.00222407 -1
0.0283765 0.0495682 0.0268623 0.00222294 -1
0.0392778 0.0214343 0.0897305 0.00222162 -1
0.0211776 0.0187913 -0.000590103 0.00222075 -1
0.0261859 0.0403087 0.0944585 0.00222009 -1
0.0246772 0.0463369 0.0073465 0.00221896 -1
0.051514 0.0306052 0.0122527 0.00221763 -1
0.0466906 0.0394929 0.0792366 0.00221677 -1
0.0259261 0.032781 0.0967379 0.00221611 -1
0.0345799 0.0145671 0.0375221 0.00221498 -1
0.00140185 0.00120012 0.0893523 0.00221365 -1
0.0367292 0.0195108 0.00550559 0.00221279 -1
0.0361936 0.0132201 0.0861153 0.00221212 -1
0.0246462 0.0202995 0.0424403 0.002211 -1
0.0420681 0.0431335 0.0626532 0.00220967 -1
0.0438418 0.0336425 0.00486753 0.0022088 -1
0.0135277 0.0269203 0.0087868 0.00220814 -1
0.0207815 0.0198039 0.0871832 0.00220701 -1
0.00628518 0.042101 0.080775 0.00220569 -1
0.0332666 0.0487168 0.0694054 0.00220482 -1
0.0406475 0.0317597 0.0187317 0.00220415 -1
0.0345386 0.029503 0.0869252 0.00220303 -1
0.0194464 0.0514256 0.0139495 0.0022017 -1
0.016637 0.0103514 0.0343068 0.00220083 -1
0.00421528 -0.00111068 0.00393356 0.00220017 -1
0.0190183 0.0330321 0.0290442 0.00219905 -1
0.0111241 0.0121775 0.0329041 0.00219772 -1
0.0284482 0.029886 0.0572932 0.00219685 -1
0.0368099 0.0352083 0.0234907 0.00219618 -1
0.0252562 0.0300628 0.0688268 0.00219506 -1
0.0241297 0.00680235 0.0872559 0.00219374 -1
0.0028271 0.037891 0.0879916 0.00219286 -1
0.00598626 0.0275264 0.0788176 0.0021922 -1
0.0013769 0.0284325 0.0362521 0.00219108 -1
0.0374903 0.0115968 0.00942812 0.00218975 -1
0.0415222 0.0398882 0.0153699 0.00218888 -1
0.042895 0.0279692 0.0854869 0.00218822 -1
0.014648 0.0247434 0.0283671 0.0021871 -1
0.00556203 0.0193428 0.0701976 0.00218577 -1
0.00409479 0.0388496 0.0566036 0.0021849 -1
0.034058 0.0191311 0.0793776 0.00218423 -1
0.00573535 0.0127345 0.0887218 0.00218312 -1
0.027011 0.0138087 0.0399475 0.00218224 -1
0.0333984 0.00250689 0.0650865 0.00218158 -1
0.0504288 0.0331157 0.0997595 0.00218046 -1
0.0453423 0.0113599 0.0363445 0.00217913 -1
0.0251779 0.0248006 0.0909397 0.00217826 -1
0.0104122 0.0299329 0.0508511 0.00217759 -1
0.0263796 0.00459476 0.0365649 0.00217648 -1
0.00610629 0.0456238 0.0058897 0.00217515 -1
0.0157738 0.0138659 0.0799702 0.00217427 -1
0.0128836 0.0186397 0.0660006 0.00217361 -1
0.00610879 0.0424219 0.0580764 0.0021725 -1
0.0451385 0.0438787 0.0982604 0.00217162 -1
0.00471292 0.0175006 0.00730721 0.00217095 -1
0.00281355 0.0107631 0.0232224 0.00216984 -1
0.00548672 0.0121117 0.0930219 0.00216851 -1
0.0443878 0.0337635 0.0510005 0.00216763 -1
0.0415045 0.0339752 0.0011833 0.00216697 -1
0.04618 0.030576 0.0914715 0.00216586 -1
0.0287668 0.0330296 0.0880204 0.00216498 -1
0.033264 0.018071 0.0029675 0.00216431 -1
0.00247575 0.0330463 0.0334211 0.0021632 -1
0.0397965 0.00724849 0.0717814 0.00216188 -1
0.0469581 0.0457193 0.00226693 0.00216099 -1
0.0280816 0.00573678 0.0203036 0.00216033 -1
0.024168 0.0158473 0.097624 0.00215922 -1
0.0212507 0.0240771 0.0766823 0.00215834 -1
0.012705 0.0196242 0.0292282 0.00215767 -1
0.046643 0.0219461 0.0960584 0.00215657 -1
0.0222879 0.00990545 0.0296931 0.00215568 -1
0.0487048 0.00734671 0.00868714 0.00215502 -1
0.0406032 0.0242412 0.00831036 0.00215391 -1
0.0101055 0.0454934 0.018497 0.00215258 -1
0.0158286 0.0202908 0.0965198 0.0021517 -1
0.0316614 0.00983524 0.0304945 0.00215103 -1
0.00704226 0.0168546 0.0890245 0.00214993 -1
0.0224016 0.0321466 0.0857931 0.00214904 -1
0.0151142 0.0424126 0.0295592 0.00214838 -1
0.0182271 0.0137145 0.00192057 0.00214728 -1
0.0082819 0.00493936 0.0668211 0.00214639 -1
0.00345442 0.0348985 0.00300689 0.00214572 -1
0.0169253 0.0197735 0.0378954 0.00214462 -1
0.0301018 0.0248463 0.0171223 0.00214329 -1
0.032511 0.0107675 0.0845437 0.0021424 -1
0.000852209 0.0442259 0.0512476 0.00214174 -1
0.0247994 0.0435848 0.0832283 0.00214064 -1
0.0144283 0.0210129 0.0181952 0.00213975 -1
0.0129909 0.049988 0.0999244 0.00213908 -1
0.038756 0.0456721 0.0658971 0.00213798 -1
0.0316524 0.0200372 0.0828512 0.00213709 -1
0.0184556 0.0464302 0.0370882 0.00213643 -1
0.0412808 -0.000800462 0.0735265 0.00213533 -1
0.0388321 0.0309275 0.00907674 0.00213444 -1
0.0283206 0.0504868 0.0542501 0.00213377 -1
0.00361894 0.0474553 0.0672011 0.00213268 -1
0.0394254 0.022289 0.0658981 0.00213178 -1
0.0193414 0.0452865 0.043924 0.00213112 -1
0.0397375 0.00236916 0.0902174 0.00213002 -1
0.0287386 0.00782911 0.0448673 0.00212912 -1
0.0148067 0.0155656 0.0559051 0.00212846 -1
0.022779 0.0117246 0.0932268 0.00212736 -1
0.0248816 0.023844 0.0522786 0.00212647 -1
0.0263397 0.0500927 0.0834401 0.0021258 -1
0.0244774 0.0254498 0.0421684 0.00212471 -1
0.0204608 0.0132328 0.0629529 0.00212381 -1
0.0177598 0.0079346 0.0431866 0.00212315 -1
0.0158553 0.0342583 0.063436 0.00212205 -1
0.0433481 0.000629533 0.0260082 0.00212116 -1
0.0403684 0.0408079 0.0322101 0.00212049 -1
0.0446041 0.0454502 0.043022 0.0021194 -1
0.0320429 0.0408978 0.0865308 0.0021185 -1
0.0359356 0.014965 0.0133384 0.00211784 -1
0.00418398 0.0219285 0.0425652 0.00211674 -1
0.0323905 0.0149932 0.0850552 0.00211584 -1
0.0085385 0.0118498 0.0613354 0.00211518 -1
0.0123841 0.0219093 0.0811634 0.00211409 -1
0.0345385 0.0389428 0.0609919 0.00211319 -1
0.0269461 0.0345142 0.00551372 0.00211252 -1
0.0153051 0.0274293 0.0127057 0.00211143 -1
0.00260793 0.0461716 0.00838954 0.00211053 -1
0.0330063 0.0318288 0.00180149 0.00210987 -1
0.0237644 0.028475 0.0224014 0.00210878 -1
0.0172677 0.00799906 0.0737568 0.00210788 -1
0.00185222 0.0252819 0.0906542 0.00210721 -1
0.0406914 0.0382792 0.0856799 0.00210612 -1
0.0242035 0.0395807 0.056181 0.00210522 -1
0.020422 0.0379456 0.0709203 0.00210456 -1
0.0272105 0.0163369 0.0321811 0.00210346 -1
0.0454656 0.025638 0.0467377 0.00210256 -1
0.0234788 0.00212982 0.0856455 0.0021019 -1
0.03464 0.0296406 0.0912257 0.00210081 -1
0.0138901 0.0280573 0.0249586 0.00209991 -1
0.00756795 0.0259316 0.0526116 0.00209924 -1
0.0440427 0.0342094 0.027631 0.00209816 -1
0.0419252 0.0134093 0.0981291 0.00209725 -1
0.047646 0.00431426 0.06589 0.00209659 -1
0.0368369 0.0165452 0.00953749 0.00209592 -1
0.0439806 0.0107602 0.0621889 0.00209526 -1
0.0235282 0.0382643 0.0175172 0.00209417 -1
0.0257335 0.0272839 0.0259176 0.00209327 -1
0.0495613 0.0479633 -0.000266911 0.0020926 -1
0.0218544 0.0473294 0.078296 0.00209152 -1
0.0434407 0.0342696 0.037734 0.00209061 -1
0.0392407 0.00972843 0.0274665 0.00208995 -1
0.0221882 0.00230657 0.0933917 0.00208886 -1
0.00185055 0.0483928 0.0438979 0.00208796 -1
0.0446045 0.024026 0.0660364 0.00208729 -1
0.00279742 0.00016674 0.00777385 0.00208621 -1
0.019371 0.00886346 0.0599359 0.0020853 -1
0.0271642 0.0058388 0.058569 0.00208464 -1
0.0314863 0.0320782 0.0973417 0.00208397 -1
0.0234042 0.0448744 0.012797 0.00208331 -1
0.00878643 0.05131 0.0801933 0.00208223 -1
0.0183085 0.0133037 0.0407371 0.00208132 -1
0.0184 0.0357074 0.0255147 0.00208065 -1
0.0264644 0.0368761 0.0621162 0.00207957 -1
0.000742596 0.0199807 0.00505863 0.00207866 -1
0.0392112 0.0495615 0.0160614 0.002078 -1
0.0226093 0.0231898 0.00604515 0.00207733 -1
0.0359778 0.0330105 0.0545496 0.00207667 -1
0.0407886 0.047268 0.00221076 0.00207559 -1
0.0258737 0.0079246 0.0744094 0.00207468 -1
0.0184063 0.0200449 0.0135267 0.00207401 -1
0.00370356 0.0456264 0.0793232 0.00207293 -1
0.0088668 0.00929589 0.0776695 0.00207028 -1
0.0391405 0.00676546 0.0917243 0.00206895 -1
0.00242858 0.0281398 0.032137 0.0020663 -1
0.0278176 0.00964968 0.0908351 0.00206364 -1
0.0341467 0.0310457 0.0152799 0.00206231 -1
0.0262937 0.019595 0.089891 0.00205966 -1
0.0362008 0.00595681 0.0125395 0.002057 -1
0.043479 0.0350513 0.0747238 0.00205567 -1
0.0271935 0.0468198 0.0409096 0.00205302 -1
0.049843 0.00443572 0.0441971 0.00205169 -1
0.0312936 0.0404626 0.0303669 0.00204903 -1
0.0443873 0.0109852 0.100416 0.00204638 -1
-0.000216245 0.0356496 0.0542379 0.00204505 -1
0.00730216 0.0407003 0.0617339 0.00204239 -1
0.0388046 0.0206782 0.0501837 0.00204106 -1
0.0404399 0.0498076 0.0482186 0.00203841 -1
0.0329265 0.0171042 -0.00110583 0.00203575 -1
0.0330926 0.0343091 0.00512848 0.00203442 -1
0.0147516 0.0424281 0.00442805 0.00203177 -1
0.0354903 0.0354396 0.0299422 0.00203044 -1
0.0178978 0.00937954 0.0132177 0.00202778 -1
0.0335065 0.00897671 0.0107738 0.00202513 -1
0.0384225 0.0438521 0.0501952 0.0020238 -1
0.0365766 0.0439492 0.0247805 0.00202115 -1
0.0481463 0.0124061 0.0893537 0.00201982 -1
0.0146475 0.0176553 0.0523282 0.00201716 -1
0.0388771 0.0282887 0.0331577 0.00201583 -1
0.0150101 0.0131414 0.0315999 0.00201318 -1
0.0192621 0.0063914 0.0256403 0.00201185 -1
0.01345 0.0183153 0.0142339 0.00200919 -1
0.0180338 0.00513861 0.0303412 0.00200786 -1
0.0447825 0.0194975 0.0920679 0.00200521 -1
0.0476961 0.0214467 0.0653104 0.00200388 -1
0.0227387 0.0375159 0.065869 0.00200122 -1
0.0036251 0.0180088 0.0777419 0.0019999 -1
0.0344325 0.0415354 0.0379427 0.00199724 -1
0.0347087 0.0164173 0.0595772 0.00199591 -1
0.00760969 0.00694659 0.0744693 0.00199325 -1
0.0326346 0.00418248 0.0205783 0.00199193 -1
0.00440211 0.00786538 0.026599 0.00198927 -1
0.0270441 0.0248601 0.0755146 0.00198794 -1
0.0257481 0.0122113 0.00504754 0.00198528 -1
0.0455513 0.0148529 -0.000146372 0.00198396 -1
0.032448 0.0405415 0.0696664 0.0019813 -1
0.00622577 0.00254197 0.00760381 0.00197997 -1
0.0220395 0.0275541 0.0678586 0.00197732 -1
0.0038047 0.00391055 0.0268141 0.00197599 -1
0.03571 0.0321438 0.0942568 0.00197333 -1
0.0383867 0.0289462 0.0854044 0.001972 -1
0.0428395 0.0153894 0.0747415 0.00196935 -1
0.00731207 0.00483062 0.0471848 0.00196802 -1
0.0296919 0.0439477 0.0942932 0.00196669 -1
0.0198517 0.00188492 0.0043523 0.00196404 -1
0.0167511 0.00857472 0.0857048 0.00196271 -1
0.012958 0.00653356 0.0909561 0.00196005 -1
0.0437216 0.00421525 0.0672472 0.00195873 -1
0.0222978 0.0449309 0.0181367 0.00195607 -1
0.0330279 0.0252823 0.0412164 0.00195474 -1
0.036519 0.0243373 0.00873515 0.00195342 -1
0.0310652 0.0214914 0.0364597 0.00195076 -1
0.0307044 0.0469967 0.0108971 0.00194943 -1
0.0132617 0.0114679 0.036458 0.00194678 -1
0.0178631 0.0220446 0.0422599 0.00194545 -1
0.00678577 0.0237042 0.045128 0.00194412 -1
0.0383178 0.0319244 0.0316895 0.00194147 -1
0.00217345 0.0507455 0.100218 0.00194014 -1
0.00376946 0.0460959 0.0710413 0.00193881 -1
0.0453937 0.0301001 0.0525526 0.00193615 -1
0.0388135 0.0195146 0.0463819 0.00193483 -1
0.0225536 0.0150711 0.00212995 0.0019335 -1
0.0441974 0.0196099 0.0462255 0.00193084 -1
0.017148 0.0455006 0.0229809 0.00192951 -1
0.00780053 0.00594186 0.0563639 0.00192686 -1
0.0188202 0.000766388 0.0795338 0.00192553 -1
0.0497788 0.0330964 0.0713692 0.0019242 -1
0.0362822 0.0287475 0.0652327 0.00192155 -1
0.0150549 0.0154211 0.0889213 0.00192022 -1
0.0236401 0.0388628 0.0601003 0.00191889 -1
0.0292052 0.0162163 0.0424488 0.00191624 -1
0.010926 0.0298852 0.0368027 0.00191491 -1
0.0389772 0.020544 0.0218699 0.00191358 -1
0.0201539 0.00272192 0.0497944 0.00191093 -1
0.0154882 0.0457999 0.0128347 0.0019096 -1
0.0503722 0.0127465 0.0262319 0.00190827 -1
0.0112491 0.0259391 0.0510309 0.00190694 -1
0.0173824 0.0338823 0.0219644 0.00190429 -1
0.022198 0.0275781 0.0913667 0.00190296 -1
0.034695 0.0387534 0.0472722 0.00190163 -1
0.0223267 0.0324525 0.00958242 0.00189897 -1
0.0447811 0.0311673 0.0680528 0.00189765 -1
0.0427971 -0.0011267 0.0696907 0.00189632 -1
0.0125729 0.0327093 0.0348463 0.00189499 -1
0.00901002 0.0289687 0.0148559 0.00189233 -1
0.0233646 0.0276202 0.0601172 0.00189101 -1
0.0242144 0.00535989 0.0214458 0.00188968 -1
0.0335437 0.024205 0.0375651 0.00188702 -1
0.019921 0.0353721 0.00947137 0.0018857 -1
0.0179289 0.0370433 0.0554601 0.00188437 -1
0.0380923 0.0322181 0.0793675 0.00188304 -1
0.0219055 0.0470975 0.0346913 0.00188038 -1
0.0448794 0.0333885 0.014035 0.00187906 -1
0.010719 0.0416065 0.0798682 0.00187773 -1
0.0116533 0.0209015 0.0353792 0.0018764 -1
0.0423387 0.00671167 0.0543659 0.00187374 -1
0.0316486 0.0122942 0.0545551 0.00187242 -1
0.0318832 0.00823511 0.00711175 0.00187109 -1
0.0472656 0.0215031 0.0474282 0.00186976 -1
0.0125867 0.0201922 0.0108658 0.00186711 -1
0.0249773 0.0230999 0.0453845 0.00186578 -1
0.0145009 0.0337471 0.00302548 0.00186445 -1
0.0109431 0.00522059 0.00449534 0.00186312 -1
0.0174861 0.0183194 0.0890979 0.0018618 -1
0.0251794 0.0393062 0.028758 0.00185914 -1
0.0373349 0.0434667 0.0982511 0.00185781 -1
0.0463954 0.0507788 0.0519637 0.00185649 -1
0.0367081 0.0136618 0.0920393 0.00185516 -1
0.0144635 0.0293985 0.0212838 0.00185383 -1
0.0142969 0.039794 0.0403912 0.00185117 -1
0.0149058 0.0110054 0.0946414 0.00184985 -1
0.0241175 0.0430146 0.0922328 0.00184852 -1
0.0431874 0.0489928 0.0441068 0.00184719 -1
0.0361854 0.0102206 0.0473971 0.00184586 -1
0.00955082 0.011764 0.00790724 0.00184321 -1
0.0378199 0.0298957 0.0530466 0.00184188 -1
0.00315056 0.0293537 0.0397534 0.00184055 -1
0.0301124 0.0342846 0.0657498 0.00183922 -1
0.0239213 0.0241526 0.0674107 0.0018379 -1
0.00224057 0.0477781 0.096458 0.00183657 -1
0.022341 0.00892918 0.0673688 0.00183391 -1
0.0499306 0.0468474 0.0722263 0.00183258 -1
0.0267635 0.0307788 0.045156 0.00183126 -1
0.0224455 0.0314624 0.0951341 0.00182993 -1
0.0504067 0.013147 0.0933811 0.0018286 -1
0.0208142 0.0290336 0.0711426 0.00182727 -1
0.014659 0.0419925 0.0688597 0.00182594 -1
0.0111685 0.0266629 0.0445064 0.00182329 -1
0.0124811 0.0288005 0.0540812 0.00182196 -1
0.0388357 0.015183 0.0518085 0.00182063 -1
0.0403486 0.00135367 0.0304338 0.00181931 -1
0.0357831 0.0400928 0.0671936 0.00181798 -1
0.0334235 0.0292726 0.0626136 0.00181665 -1
0.0202026 0.0240628 0.0718644 0.00181532 -1
0.0275014 0.0268918 0.00400008 0.00181266 -1
0.0031302 0.0417737 0.0717138 0.00181134 -1
0.00886173 0.0486973 0.0378064 0.00181001 -1
0.0267741 0.00861438 0.03589 0.00180868 -1
0.0259947 0.0464702 0.0258659 0.00180736 -1
0.0301443 0.0413703 0.0151896 0.00180603 -1
0.00610614 0.00426299 0.0603728 0.0018047 -1
0.0255386 0.0190842 0.0461881 0.00180337 -1
0.0304187 0.00697265 0.0603658 0.00180204 -1
0.0372638 0.0459396 0.0952256 0.00179939 -1
0.00381308 0.0230847 0.0713509 0.00179806 -1
0.00608571 0.00207988 0.0685013 0.00179673 -1
0.044845 0.0337914 0.064526 0.00179541 -1
0.0223201 0.046317 0.0934737 0.00179408 -1
-0.000397075 0.0196602 0.0567409 0.00179275 -1
0.0270661 0.0141711 0.059383 0.00179142 -1
0.0189606 0.0312352 0.0938299 0.0017901 -1
0.0423889 0.0441368 0.0550582 0.00178877 -1
0.0407182 0.00812393 0.0573297 0.00178744 -1
0.0374532 0.0189572 0.0587598 0.00178611 -1
0.0331333 0.00686135 0.0391021 0.00178478 -1
0.0153656 0.0314636 0.0881461 0.00178213 -1
0.0244354 0.0217244 0.0734626 0.0017808 -1
0.0127676 0.0457787 0.0728978 0.00177947 -1
0.0296091 0.0283857 0.0537654 0.00177815 -1
0.013767 0.000700143 0.0435772 0.00177682 -1
0.0220202 0.0260537 0.0255079 0.00177549 -1
0.0131806 0.0409498 0.0264756 0.00177416 -1
0.04734 0.0440142 0.0224286 0.00177284 -1
0.0359271 0.0400205 0.0190123 0.00177151 -1
0.00305992 0.0468002 0.0872939 0.00177018 -1
0.0380778 0.00566588 0.0368928 0.00176885 -1
0.0291079 0.049832 0.000437422 0.00176753 -1
0.0126883 0.0328858 0.0652262 0.0017662 -1
0.0502843 0.0435338 0.058546 0.00176487 -1
0.0286523 0.0160793 0.0252857 0.00176354 -1
0.0467036 0.0471702 0.0242789 0.00176221 -1
0.0423803 0.0365518 0.0408651 0.00176089 -1
0.00823518 0.0156055 0.0076554 0.00175956 -1
0.0455797 0.020706 0.0564896 0.00175823 -1
0.0258094 0.000625484 0.045806 0.0017569 -1
0.0170761 0.0360653 0.0719723 0.00175557 -1
0.02772 0.0285363 0.0757694 0.00175424 -1
0.0103524 -0.000625654 0.0615684 0.00175291 -1
0.0242698 0.0073968 0.0383332 0.00175158 -1
0.030982 0.0104444 0.0764763 0.00175026 -1
0.0280356 0.0155698 0.0542232 0.00174893 -1
0.0405256 0.0189938 0.0188774 0.0017476 -1
0.00548728 0.0323337 0.0124617 0.00174627 -1
0.0271814 0.0365248 0.0276415 0.00174494 -1
0.047595 0.0177796 0.064545 0.00174361 -1
0.0439171 0.00764929 0.0736308 0.00174228 -1
0.0146882 0.000142853 0.00393054 0.00174095 -1
0.0233079 0.0162265 0.0754984 0.00173564 -1
0.0454313 0.0355019 0.0169084 0.00173033 -1
0.0114483 0.0449152 0.0925303 0.00172634 -1
0.0144094 0.0432215 0.0472306 0.00172103 -1
0.0210768 0.00493161 0.0193257 0.00171572 -1
0.00519187 0.0298846 0.085068 0.00171173 -1
0.0244771 0.0475911 0.0668446 0.00170642 -1
0.0120085 0.0502666 0.0166086 0.00170111 -1
0.0311746 0.0284864 0.0184724 0.00169712 -1
0.0196735 0.00501709 0.095395 0.00169181 -1
0.015009 0.0333616 0.01302 0.00168783 -1
0.0254205 0.0155563 0.00651586 0.00168251 -1
0.0289244 0.0205337 0.0854723 0.00167853 -1
0.0377683 0.00989077 0.0698807 0.00167321 -1
0.0076519 0.0257268 0.00459097 0.00166923 -1
0.0432756 0.024314 0.0403139 0.00166392 -1
0.0203505 0.0305238 0.0827391 0.00165993 -1
0.00861949 0.0167919 0.0594238 0.00165595 -1
0.0254356 0.0201613 0.0635388 0.00165064 -1
0.0355881 0.0371188 0.0266608 0.00164665 -1
0.00081511 0.0167619 0.00787481 0.00164267 -1
0.0200234 0.012503 0.0785641 0.00163868 -1
0.0245385 0.0346123 0.0267585 0.0016347 -1
0.0208266 0.0118779 0.0249484 0.00162939 -1
0.0295194 0.0142608 0.0569808 0.0016254 -1
0.0315634 0.0306808 0.0890198 0.00162142 -1
0.0311954 0.00189745 0.0276309 0.00161743 -1
0.0301299 0.0412888 0.0213235 0.00161345 -1
0.0451952 0.0248009 0.0580401 0.00160946 -1
0.0243543 0.0280553 0.0651703 0.00160548 -1
0.002142 0.0422857 0.0560845 0.00160149 -1
0.0386888 0.0130339 0.0832425 0.00159751 -1
0.0327563 0.0241504 0.0311792 0.00159352 -1
0.0124128 0.0183431 0.00761573 0.00158954 -1
0.0181706 0.0395656 0.0973293 0.00158555 -1
0.039539 0.0180013 0.0763695 0.00158157 -1
0.0502367 0.0513292 0.0192617 0.00157759 -1
0.0460129 0.0318485 0.0363872 0.0015736 -1
0.0240482 0.0484556 0.0426479 0.00156962 -1
0.00275747 0.0190185 0.0577025 0.00156696 -1
0.0479633 0.00875443 0.0499793 0.00156298 -1
0.00492105 0.0081205 0.0928718 0.00155899 -1
0.0495958 0.0092493 0.0141045 0.00155501 -1
0.0391754 0.00767064 0.0344831 0.00155235 -1
0.0485448 0.000133026 0.0565276 0.00154837 -1
0.00852509 0.000358211 0.0700008 0.00154438 -1
0.0367098 0.0502067 0.0746418 0.0015404 -1
0.00588334 0.0233081 0.00985149 0.00153774 -1
0.0090892 0.0344133 0.0115416 0.00153376 -1
0.0234637 0.03968 0.031658 0.0015311 -1
0.0111035 0.0352593 0.0718759 0.00152712 -1
0.0126494 0.021618 0.0993844 0.00152313 -1
0.0452946 0.00184778 0.0111116 0.00152048 -1
0.00844227 0.0285311 0.0440253 0.00151649 -1
0.00458797 0.00740042 0.0320594 0.00151384 -1
0.0257296 0.01533 0.0565373 0.00150985 -1
0.024442 0.00898361 0.0646422 0.0015072 -1
0.0389087 0.00650473 0.0257486 0.00150321 -1
0.0038492 0.0233622 0.0680642 0.00150056 -1
0.018717 0.0098361 0.026022 0.00149657 -1
0.0186635 0.031851 0.0249773 0.00149391 -1
0.0176353 0.0498434 0.0167503 0.00148993 -1
0.00484511 0.0396006 0.000915309 0.00148728 -1
0.0318197 0.0046314 0.0875406 0.00148462 -1
0.0368201 0.00437324 0.0838517 0.00148063 -1
0.0440208 0.0359959 0.0989577 0.00147798 -1
0.0159038 0.0319443 0.0367486 0.00147399 -1
0.00191833 0.0217152 0.0154112 0.00147134 -1
0.0488594 0.0112014 0.0114894 0.00146868 -1
