# C		CN		K0		e_x		e_y		e_z		n		overlap		p		q
3.4533804684	5.26204109128	0.735453374842	-0.0	-0.0	1.87240000048e-07	0.386342861717	0.0001355158158	5.58619979509	1.79425262015
3.48210340256	5.27227059612	0.653125870109	-0.0	-0.0	0.000531443826667	0.386016765708	0.000143902630459	6.14137419056	2.77109882439
3.52319929297	5.28306264501	0.575399304229	-0.0	-0.0	0.00134984762667	0.385514073821	0.000156474997589	7.03530670789	4.16663295864
3.52717631463	5.27786966589	0.532376777887	-0.0	-0.0	0.00212068413333	0.385040223029	0.000169478935987	7.91152621662	5.37538250641
3.54529385771	5.2771560237	0.505065964046	-0.0	-0.0	0.00286652962667	0.38458138749	0.000181205804562	8.79053444319	6.49320767859
3.56473707468	5.28416912488	0.485655924896	-0.0	-0.0	0.00361248325333	0.384122141949	0.000192694111122	9.69947989875	7.59220823136
3.58197083517	5.28482871126	0.471455701599	-0.0	-0.0	0.00433858268	0.383674790998	0.000203841384673	10.612099781	8.66065970492
3.59434379143	5.29027009437	0.460414796858	-0.0	-0.0	0.00503626472	0.383244641933	0.00021475843803	11.5178412991	9.7065196582
3.61864781264	5.30019430052	0.451657168651	-0.0	-0.0	0.00572674384	0.38281863818	0.000224750454193	12.4398881864	10.751755571
3.62748563853	5.30210016155	0.444404712059	-0.0	-0.0	0.00641326198667	0.382394786501	0.000235584165699	13.3824009052	11.8093421009
3.63985859479	5.30241545894	0.438571654209	-0.0	-0.0	0.00707321445333	0.381987061892	0.000245693457379	14.3109789944	12.8406646857
3.65311533363	5.31221864952	0.433750131876	-0.0	-0.0	0.00772982676	0.381581133737	0.000255649565745	15.2554687246	13.8769573228
3.66725585506	5.32103912765	0.429452433167	-0.0	-0.0	0.00836371930667	0.38118900083	0.000265208304794	16.1909071755	14.9082659276
3.68448961555	5.32800511509	0.425857607333	-0.0	-0.0	0.00898968749333	0.380801521092	0.000274376171996	17.1344092701	15.9380729672
3.69421122404	5.33429118774	0.422547811808	-0.0	-0.0	0.00960245564	0.380421979714	0.000283854949092	18.0785855161	16.9739475267
3.70658418029	5.33928002549	0.419709617624	-0.0	-0.0	0.01020852716	0.380046357306	0.000292951257165	19.0292314275	18.0097279127
3.71100309324	5.3401209036	0.417241481418	-0.0	-0.0	0.0108068733867	0.379675299384	0.000302517092567	19.984267239	19.0451514793
3.71939902784	5.33989209775	0.414973672109	-0.0	-0.0	0.0114085767867	0.379301935587	0.000311824974927	20.9623921103	20.1047609138
3.74281926646	5.34818325434	0.412478256375	-0.0	-0.0	0.0121410528933	0.378847129017	0.000322026518214	22.1772779319	21.419085181
3.75916924437	5.36013875749	0.410612213494	-0.0	-0.0	0.0127213886267	0.378486540706	0.000330299977751	23.1600335158	22.4852698333
3.76933274414	5.36575385584	0.409015178762	-0.0	-0.0	0.0132863232	0.378135327068	0.000338799969979	24.1316400482	23.5333248222
3.77905435263	5.37134778511	0.407448592569	-0.0	-0.0	0.0138520024667	0.377783451601	0.000347326675543	25.1197295802	24.6042551153
3.78833406982	5.376215877	0.406062016397	-0.0	-0.0	0.01442276032	0.377428215252	0.000355960611886	26.1309933092	25.6939191711
3.80247459125	5.37961225766	0.404542423909	-0.0	-0.0	0.0150851648267	0.377015687381	0.00036564221163	27.3235672262	26.9805340479
3.81617322139	5.39069331668	0.403412699173	-0.0	-0.0	0.0156255701333	0.376678929266	0.000373309660794	28.3112690282	28.0438999606
3.8316394167	5.39371304077	0.402405401826	-0.0	-0.0	0.0161585611733	0.376346622694	0.000380626470614	29.297899263	29.1026621217
3.84401237296	5.40186335404	0.401440372587	-0.0	-0.0	0.01669558644	0.376011608597	0.000388299543278	30.3051340963	30.1840759383
3.84931506849	5.4044072005	0.401063213984	-0.0	-0.0	0.0169151308667	0.375874601407	0.000391407532373	30.7209898768	30.6303664179
3.85064074238	5.40502793296	0.401293623266	-0.0	-0.0	0.0169067821467	0.375879811011	0.000391108565186	30.7019446443	30.591778687
3.84798939461	5.40378646803	0.401540097075	-0.0	-0.0	0.0168967420667	0.375886077196	0.000391188823281	30.6801017315	30.5490750165
3.84666372072	5.4025450031	0.401835832895	-0.0	-0.0	0.01688252576	0.375894949728	0.000391058061085	30.6494684776	30.4934885853
3.84489615555	5.40235951568	0.402074823186	-0.0	-0.0	0.0168722147467	0.37590138485	0.000391043450596	30.6270470029	30.4509371459
3.84445426425	5.40279503106	0.4024681838	-0.0	-0.0	0.0168547711067	0.375912271307	0.000390760644835	30.5892542391	30.3801058638
3.84357048166	5.40217391304	0.402852508427	-0.0	-0.0	0.01683766904	0.375922935301	0.000390529301245	30.5522460179	30.3109260393
3.84489615555	5.40279503106	0.403407624772	-0.0	-0.0	0.0168131410133	0.375938249099	0.000389933417669	30.4991206296	30.2115163518
3.8400353513	5.39857098478	0.405342775092	-0.0	-0.0	0.01672814476	0.375991284318	0.000388826128521	30.3153556378	29.8680992741
3.83296509059	5.39912826899	0.413720506386	-0.0	-0.0	0.01636665716	0.376216822897	0.000382740000488	29.539354721	28.4304409387
3.82280159081	5.39582033687	0.422120666577	-0.0	-0.0	0.01601647492	0.376435222446	0.000377160327488	28.7959099851	27.0689539948
3.81617322139	5.3924445832	0.429948255449	-0.0	-0.0	0.0157008088667	0.376632027684	0.000371848876313	28.1319780362	25.8670572205
3.80821917808	5.385625	0.437952119579	-0.0	-0.0	0.0153861453067	0.376828146109	0.000366706315916	27.4787110537	24.699050701
3.80159080866	5.38023764853	0.446496606161	-0.0	-0.0	0.0150615938533	0.37703036011	0.000361238763152	26.8125649986	23.5196496654
3.79496243924	5.37570444584	0.455529742411	-0.0	-0.0	0.0147288175867	0.377237636757	0.000355611691578	26.1378791838	22.3404314597
3.78258948299	5.36888331242	0.465154657094	-0.0	-0.0	0.01438135024	0.377453994354	0.000350251803565	25.4424078304	21.1485587938
3.77198409191	5.35886970173	0.475559753858	-0.0	-0.0	0.0140122525067	0.377683733384	0.000344321936135	24.7145928385	19.9290619056
3.75386654883	5.34623858986	0.486813440889	-0.0	-0.0	0.0136243910667	0.377925059064	0.000338718094261	23.9614946926	18.6915527844
3.74502872293	5.33732283465	0.49918893301	-0.0	-0.0	0.0132094509467	0.378183121373	0.000331768851475	23.1686178718	17.4187781515
3.72381794079	5.33027522936	0.512457068094	-0.0	-0.0	0.01277572772	0.378452764632	0.000325523292544	22.3538352857	16.1465430061
3.70216526734	5.31672484925	0.526960055224	-0.0	-0.0	0.01231776044	0.378737348603	0.000318848934695	21.5094440257	14.8615705581
3.68183826779	5.3026734564	0.543018138774	-0.0	-0.0	0.01182521716	0.379043268246	0.000311450817892	20.6211559271	13.5522488045
3.67167476801	5.29117553361	0.560867457567	-0.0	-0.0	0.0113024593733	0.379367795829	0.000302637682602	19.6991155153	12.2312961222
3.65399911622	5.2753669432	0.575993019703	-0.0	-0.0	0.0108728496533	0.379634371326	0.000296158617042	18.9579353948	11.2058769791
3.65709235528	5.27728142948	0.575451899715	-0.0	-0.0	0.0108816798667	0.379628893341	0.000296070301511	18.9729284682	11.2347015336
3.65620857269	5.27664326739	0.57508792499	-0.0	-0.0	0.0108864721867	0.379625920317	0.000296233115896	18.9813264961	11.2531188944
3.65797613787	5.27823867262	0.574572383577	-0.0	-0.0	0.0108968437467	0.379619486037	0.000296278526639	18.9987974739	11.282552829
3.65709235528	5.27823867262	0.573821758735	-0.0	-0.0	0.0109103873067	0.379611083819	0.000296598359889	19.021728683	11.3240118437
3.65709235528	5.27919591576	0.572825298545	-0.0	-0.0	0.0109278105333	0.379600280656	0.000296919057765	19.0514738447	11.3787971764
3.65885992046	5.280791321	0.570716744783	-0.0	-0.0	0.0109653968133	0.379576955592	0.000297466003768	19.115556212	11.4960211036
3.66725585506	5.29040484539	0.551885097173	-0.0	-0.0	0.01131748792	0.379358474717	0.00030324697837	19.7216690472	12.6024798228
3.67432611578	5.29891650733	0.533315663644	-0.0	-0.0	0.0117002902933	0.379120843165	0.000309679294704	20.3916470585	13.8144556541
3.6973044631	5.31754609027	0.51705698796	-0.0	-0.0	0.01206754608	0.378892786715	0.000314473027802	21.0449701146	14.9896043817
3.71365444101	5.33005395113	0.502486992771	-0.0	-0.0	0.0124285490533	0.378668517796	0.000319704720493	21.697444554	16.1519714975
3.72646928856	5.3371320038	0.489099321725	-0.0	-0.0	0.01279275704	0.378442185626	0.000325280094975	22.3653445287	17.3285980062
3.73840035351	5.35242012022	0.476627903861	-0.0	-0.0	0.0131643214933	0.378211191686	0.000331065086813	23.0567283742	18.534052035
3.75209898365	5.36441213654	0.465269726176	-0.0	-0.0	0.0135363507067	0.377979824355	0.000336688803663	23.7584809855	19.7422213167
3.76049491825	5.37440758294	0.455443773238	-0.0	-0.0	0.01388941736	0.377760170999	0.000342416163229	24.4329556909	20.8883848517
3.76756517897	5.38301231449	0.446516549723	-0.0	-0.0	0.0142436939733	0.377539686926	0.000348282393521	25.1175554014	22.0315501564
3.77065841803	5.38988941548	0.438557521832	-0.0	-0.0	0.0145923324	0.377322635508	0.000354391994019	25.7981995271	23.1486159418
3.77861246133	5.3961489899	0.431119438142	-0.0	-0.0	0.0149523432267	0.377098424558	0.000360232179427	26.5077265114	24.2929044336
3.78435704817	5.40088383838	0.42451562058	-0.0	-0.0	0.01531051036	0.376875281728	0.000366214252853	27.2188276233	25.414405838
3.79142730888	5.40371887803	0.418865643014	-0.0	-0.0	0.0156541339733	0.376661124568	0.000371751443429	27.9042022585	26.4719180002
3.79761378701	5.40188679245	0.413868870223	-0.0	-0.0	0.0160203404533	0.376432816036	0.000377725917866	28.6346221776	27.5482249061
3.8068935042	5.41048994975	0.410104428708	-0.0	-0.0	0.0163805580933	0.37620815946	0.000383193816379	29.3498970765	28.5352544563
3.81926646045	5.42045811108	0.407327646668	-0.0	-0.0	0.0167494498533	0.375977997548	0.000388397714567	30.0775132541	29.4702425769
3.83517454706	5.42879499218	0.405344790187	-0.0	-0.0	0.0171536889067	0.375725692492	0.00039372889409	30.8684929721	30.412905167
3.83473265577	5.42910798122	0.405099801766	-0.0	-0.0	0.0172135081733	0.375688347743	0.000394798577498	30.9855493868	30.5490777426
3.83384887318	5.42848200313	0.40521021562	-0.0	-0.0	0.0172105263333	0.375690209338	0.000394831343378	30.9788663192	30.5330953524
3.83296509059	5.42785602504	0.405404580849	-0.0	-0.0	0.0172006025333	0.375696398237	0.000394738615746	30.9575933175	30.4956097481
3.83252319929	5.42816901408	0.405657714488	-0.0	-0.0	0.01718904456	0.375703620475	0.000394568785467	30.9327064333	30.4496088498
3.83384887318	5.42879499218	0.405799801047	-0.0	-0.0	0.0171828699867	0.375707475227	0.000394316663029	30.9193339298	30.4243956855
3.83252319929	5.42785602504	0.406136610938	-0.0	-0.0	0.01716859528	0.375716386756	0.00039418554239	30.8884409521	30.3654780172
3.83296509059	5.42754303599	0.40655292278	-0.0	-0.0	0.0171501267867	0.375727916228	0.000393795447266	30.8486321907	30.29116693
3.83119752541	5.42767689418	0.408578987588	-0.0	-0.0	0.01706294408	0.375782331497	0.0003923461519	30.6607601858	29.9369973521
3.81926646045	5.42032622334	0.416127902364	-0.0	-0.0	0.01674356016	0.375981666065	0.000387589579572	29.977260467	28.6579295944
3.80998674326	5.41595978637	0.424449070847	-0.0	-0.0	0.0164037507733	0.376193684096	0.00038218277593	29.2584707628	27.3239606661
3.80203269996	5.40961961647	0.432386197758	-0.0	-0.0	0.0160906825333	0.376388943587	0.000377145989981	28.6041233974	26.1202309951
3.79452054795	5.40308370044	0.440502626059	-0.0	-0.0	0.0157808553067	0.376582127427	0.000372118129177	27.9636709653	24.953041125
3.78568272205	5.39697542533	0.448819661151	-0.0	-0.0	0.0154743623067	0.376773170169	0.000367284877099	27.3370958609	23.8206537712
3.77640300486	5.39192174187	0.45769857016	-0.0	-0.0	0.0151550994533	0.376972114581	0.000362253188969	26.6921546113	22.6718417396
3.76756517897	5.38162878788	0.466959628667	-0.0	-0.0	0.0148316887067	0.377173575915	0.000357103235827	26.0469848555	21.5377572153
3.75961113566	5.37428932407	0.476803153438	-0.0	-0.0	0.0144959934	0.377382620733	0.00035163210141	25.3856569273	20.3956584377
3.75165709236	5.36630847029	0.486842796079	-0.0	-0.0	0.0141610572533	0.377591122879	0.000346169033154	24.7346190987	19.2929634191
3.74016791869	5.35368554255	0.498034739545	-0.0	-0.0	0.0137938848667	0.377819610717	0.00034043419717	24.0310954198	18.1297923711
3.72558550597	5.33987963256	0.510177340957	-0.0	-0.0	0.0134071160933	0.378060205698	0.00033462925729	23.301675004	16.9480465674
3.71144498453	5.33513341804	0.523598329917	-0.0	-0.0	0.0129895113467	0.378319876484	0.000328203603394	22.5272042825	15.7268687758
3.70260715864	5.32760814249	0.537245416742	-0.0	-0.0	0.0125746587867	0.378577726222	0.00032135548831	21.7709876421	14.5692969342
3.68448961555	5.31261950287	0.552899882944	-0.0	-0.0	0.0121117381733	0.378865325593	0.000314430352914	20.9420923889	13.339177034
3.67034909412	5.29728867624	0.570721963459	-0.0	-0.0	0.0115982158533	0.379184215823	0.000306223585862	20.039824305	12.0516670861
3.66151126823	5.28316326531	0.589565235573	-0.0	-0.0	0.0110636225333	0.379516011099	0.000297148474161	19.1189807051	10.8030626606
3.62881131242	5.25344	0.613278780121	-0.0	-0.0	0.0104102220533	0.379921303211	0.000287800793452	18.021508409	9.39023518697
3.59257622625	5.22844272844	0.641702004735	-0.0	-0.0	0.00965482125333	0.380389534282	0.000276844685713	16.7963672285	7.90675414525
3.56517896597	5.21124031008	0.670743928201	-0.0	-0.0	0.00892951114667	0.380838780125	0.0002656969411	15.6618505059	6.60702898023
