# C		CN		K0		e_x		e_y		e_z		n		overlap		p		q
3.46973044631	5.27587365591	0.736651465033	-0.0	-0.0	1.87240000048e-07	0.385534894982	0.000123695977151	5.58643298548	1.78447078746
3.50640742377	5.28752501668	0.647746369338	-0.0	-0.0	0.000531443826667	0.385208369621	0.000131883386829	6.20639331445	2.85719646352
3.51524524967	5.28457446809	0.568576695863	-0.0	-0.0	0.00134984762667	0.384705015869	0.000145864265477	7.20805760919	4.36523280295
3.54131683606	5.29223140496	0.527756485439	-0.0	-0.0	0.00212068413333	0.384230541185	0.000157929323586	8.19064798657	5.64527752417
3.55545735749	5.28698224852	0.502565536311	-0.0	-0.0	0.00286652962667	0.383771100995	0.000169812009509	9.17573144573	6.82896761161
3.56827220504	5.29245901639	0.484838191106	-0.0	-0.0	0.00361248325333	0.383311251321	0.000181618238017	10.1956514001	7.99990840963
3.57843570482	5.29862475442	0.472060767045	-0.0	-0.0	0.00433858268	0.38286331137	0.000193141304906	11.2209246271	9.14135187046
3.58197083517	5.30441898527	0.462435531162	-0.0	-0.0	0.00503626472	0.382432595952	0.000204503035423	12.2371621288	10.2525260345
3.60848431286	5.31119791667	0.454671077251	-0.0	-0.0	0.00572674384	0.382006031304	0.000214408951649	13.2744939151	11.3740202871
3.61908970393	5.30729335494	0.44839980142	-0.0	-0.0	0.00641326198667	0.381581624885	0.000225121052204	14.3357075057	12.5067177815
3.63809102961	5.3145994832	0.443253622036	-0.0	-0.0	0.00707321445333	0.381173360128	0.000234835616412	15.384311582	13.6206629119
3.65399911622	5.31521389514	0.438977784287	-0.0	-0.0	0.00772982676	0.380766897511	0.000244620376521	16.4526214647	14.7452149074
3.6637207247	5.32209377007	0.43515227358	-0.0	-0.0	0.00836371930667	0.380374246915	0.000254466850137	17.511778597	15.8661139029
3.67741935484	5.32735426009	0.432018856805	-0.0	-0.0	0.00898968749333	0.379986258396	0.000263913626531	18.5819657439	16.9860396101
3.69818824569	5.33737631663	0.429110348804	-0.0	-0.0	0.00960245564	0.37960622157	0.00027260443572	19.6544911323	18.1149832225
3.7140963323	5.34011443102	0.426670320218	-0.0	-0.0	0.01020852716	0.37923010421	0.000281479794497	20.736378623	19.2443543131
3.73442333186	5.34472934473	0.424508112294	-0.0	-0.0	0.0108068733867	0.378858553857	0.000289863199974	21.8258049313	20.3793349895
3.75165709236	5.3449905482	0.422528448432	-0.0	-0.0	0.0114085767867	0.378484704703	0.000298494253324	22.9423674601	21.5417170435
3.77065841803	5.35342121783	0.420378726925	-0.0	-0.0	0.0121410528933	0.378029286596	0.000309089955134	24.329052498	22.982337546
3.77728678745	5.35915934755	0.418781394647	-0.0	-0.0	0.0127213886267	0.377668232512	0.000318150564513	25.4504628639	24.149840132
3.78789217852	5.36568566061	0.417375305823	-0.0	-0.0	0.0132863232	0.377316553948	0.000326612539366	26.5600546091	25.3024202784
3.81087052585	5.3804619226	0.416071890972	-0.0	-0.0	0.0138520024667	0.376964215187	0.000333988555439	27.6888942202	26.4744347072
3.82456915599	5.38785046729	0.414852663749	-0.0	-0.0	0.01442276032	0.376608511119	0.000342228811379	28.847063953	27.6762313205
3.83738400354	5.3926685306	0.413529925972	-0.0	-0.0	0.0150851648267	0.376195438358	0.000352051573887	30.2149012624	29.0961492497
3.84401237296	5.39423076923	0.412559811637	-0.0	-0.0	0.0156255701333	0.375858238592	0.000360395170999	31.3479047933	30.2692802079
3.85285019885	5.39931846344	0.411704471854	-0.0	-0.0	0.0161585611733	0.375525487957	0.000368398327619	32.4809962223	31.4385177717
3.86345558992	5.40049443758	0.410753328009	-0.0	-0.0	0.01669558644	0.375190039301	0.000376331779709	33.6413938232	32.6483781204
3.86610693769	5.40086473132	0.410473108094	-0.0	-0.0	0.0169151308667	0.375052850698	0.000379717100447	34.1187224384	33.13755928
3.86654882899	5.40117356393	0.410668478574	-0.0	-0.0	0.0169067821467	0.375058068185	0.000379517146426	34.0979042954	33.0992621716
3.86433937251	5.40098856966	0.410923668101	-0.0	-0.0	0.0168967420667	0.375064338731	0.000379544892435	34.0728281637	33.0513367941
3.86433937251	5.39962940086	0.411231715744	-0.0	-0.0	0.01688252576	0.375073226834	0.000379279495222	34.0375803825	32.9887241452
3.86433937251	5.39993823348	0.411473698454	-0.0	-0.0	0.0168722147467	0.375079670429	0.000379085903295	34.0118645191	32.9415048422
3.86168802475	5.39882607352	0.411886722927	-0.0	-0.0	0.0168547711067	0.375090571219	0.000379018557471	33.9684599057	32.8614866902
3.86301369863	5.39975285758	0.412285790306	-0.0	-0.0	0.01683766904	0.37510125837	0.000378564383863	33.9259137899	32.7837095947
3.86212991604	5.39987639061	0.412863615606	-0.0	-0.0	0.0168131410133	0.375116585715	0.000378190361199	33.8649638004	32.6719436455
3.8568272205	5.39808227652	0.414881690455	-0.0	-0.0	0.01672814476	0.375169696207	0.000377113604477	33.6540887351	32.2855245362
3.84136102519	5.39218119764	0.423594168733	-0.0	-0.0	0.01636665716	0.375395523795	0.000371808837333	32.7634441817	30.6710039724
3.82898806894	5.38774875622	0.432325102789	-0.0	-0.0	0.01601647492	0.375614210897	0.000366362028374	31.9096329065	29.1437464132
3.82235969951	5.38449564134	0.440347168658	-0.0	-0.0	0.0157008088667	0.375811272718	0.00036101487156	31.148620537	27.8074113321
3.81352187362	5.3761296354	0.448530666405	-0.0	-0.0	0.0153861453067	0.376007655737	0.000355894735499	30.3990206008	26.5106783993
3.80380026513	5.36973478939	0.457223138136	-0.0	-0.0	0.0150615938533	0.376210140499	0.000350673406136	29.6347530662	25.2058129874
3.79319487406	5.36133666458	0.46646205443	-0.0	-0.0	0.0147288175867	0.376417683509	0.000345339019874	28.8600773299	23.8984235806
3.78435704817	5.35826032541	0.476304517647	-0.0	-0.0	0.01438135024	0.376634325276	0.000339571519755	28.0617051559	22.5786954044
3.77375165709	5.35172413793	0.487026514011	-0.0	-0.0	0.0140122525067	0.376864365677	0.000333591976674	27.2277177501	21.2260214263
3.75519222271	5.3383600377	0.498583130089	-0.0	-0.0	0.0136243910667	0.377106009097	0.000327963760263	26.3650006531	19.8579202437
3.73751657092	5.33028679483	0.511424718461	-0.0	-0.0	0.0132094509467	0.377364418216	0.000321712717643	25.4555081316	18.4446728834
3.73044631021	5.32796717172	0.525262267053	-0.0	-0.0	0.01277572772	0.377634412146	0.000314226871571	24.5233262529	17.0329319879
3.7140963323	5.32172260925	0.540496998223	-0.0	-0.0	0.01231776044	0.377919369966	0.000307055794946	23.5579345192	15.6054390052
3.69642068051	5.3067893401	0.557441276885	-0.0	-0.0	0.01182521716	0.378225691574	0.000299324935523	22.5412063982	14.1508673897
3.67123287671	5.29117553361	0.576052792734	-0.0	-0.0	0.0113024593733	0.37855064857	0.000291580832044	21.4852801011	12.697273625
3.65046398586	5.27290137249	0.591897752677	-0.0	-0.0	0.0108728496533	0.378817571911	0.000285178474855	20.6346011116	11.5684280863
3.65223155104	5.27449728695	0.591209627628	-0.0	-0.0	0.0108816798667	0.378812086713	0.000285205597641	20.6518964505	11.6049605316
3.65267344233	5.27481646984	0.590988592013	-0.0	-0.0	0.0108864721867	0.378809109775	0.000285257909901	20.6609758066	11.6186936329
3.65399911622	5.27545483562	0.590416940367	-0.0	-0.0	0.0108968437467	0.378802667023	0.00028534113623	20.6806672133	11.6521267768
3.65665046399	5.27800829876	0.589611403334	-0.0	-0.0	0.0109103873067	0.378794253743	0.000285369871877	20.7064391561	11.6982345466
3.65841802916	5.27855775367	0.588557326393	-0.0	-0.0	0.0109278105333	0.37878343024	0.0002855536867	20.7402363844	11.7587996089
3.65665046399	5.27896584743	0.586315519761	-0.0	-0.0	0.0109653968133	0.378760086109	0.000286383478152	20.8130929146	11.8888849987
3.67344233319	5.29467983434	0.566420034833	-0.0	-0.0	0.01131748792	0.378541309019	0.00029155428588	21.5027563666	13.1137319985
3.68625718073	5.30808402292	0.54684868734	-0.0	-0.0	0.0117002902933	0.378303367618	0.000297584757205	22.2661954652	14.4576133471
3.69863013699	5.32008900191	0.529854992553	-0.0	-0.0	0.01206754608	0.378075004001	0.000303341624658	23.0110429854	15.7573547547
3.71011931065	5.32888888889	0.51466654547	-0.0	-0.0	0.0124285490533	0.377850446697	0.000309041136669	23.7550712094	17.0437236117
3.71851524525	5.33788071066	0.500746764964	-0.0	-0.0	0.01279275704	0.377623813593	0.000315037288594	24.5169132196	18.3465218172
3.72735307114	5.34178017105	0.487841290691	-0.0	-0.0	0.0131643214933	0.377392519735	0.000321095248059	25.3047010535	19.6793095508
3.74060980999	5.35305283138	0.47611823383	-0.0	-0.0	0.0135363507067	0.377160846494	0.000326762439564	26.1041237107	21.0150890946
3.75430844012	5.36863736959	0.465940960797	-0.0	-0.0	0.01388941736	0.376940903934	0.000332032449095	26.8729743119	22.2866957051
3.76270437472	5.37543416482	0.45666510854	-0.0	-0.0	0.0142436939733	0.376720129562	0.0003377673863	27.6536245833	23.5586815762
3.76844896156	5.37685272785	0.448377209907	-0.0	-0.0	0.0145923324	0.376502792365	0.000343627831387	28.4304939651	24.8048586168
3.78435704817	5.38565586662	0.440640377449	-0.0	-0.0	0.0149523432267	0.376278291755	0.000348739570924	29.2400837028	26.0817883893
3.79452054795	5.39673058787	0.43387085645	-0.0	-0.0	0.01531051036	0.37605484958	0.00035428853816	30.050938319	27.3261209341
3.79982324348	5.40012562814	0.428333907011	-0.0	-0.0	0.0156541339733	0.375840410452	0.000359966287413	30.8314918213	28.4789529997
3.80512593902	5.40069030436	0.423504027924	-0.0	-0.0	0.0160203404533	0.375611806403	0.000365979457212	31.6629031862	29.6482780786
3.80556783031	5.3979303857	0.419942456612	-0.0	-0.0	0.0163805580933	0.375386841149	0.00037225977663	32.4764194448	30.7163648321
3.8148475475	5.40570175439	0.417434340412	-0.0	-0.0	0.0167494498533	0.375156388931	0.000377715458945	33.30331475	31.7211270646
3.82633672117	5.40768509841	0.41554294413	-0.0	-0.0	0.0171536889067	0.374903748426	0.000383458618772	34.2057083515	32.753953911
3.82589482987	5.4090625	0.41532104142	-0.0	-0.0	0.0172135081733	0.374866352828	0.000384516408303	34.3391180704	32.9021603624
3.82677861246	5.4103125	0.415499239272	-0.0	-0.0	0.0172105263333	0.37486820865	0.000384363818513	34.3307572649	32.8777232306
3.82545293858	5.40950296968	0.415668132156	-0.0	-0.0	0.0172006025333	0.374874420526	0.000384314312967	34.3065327461	32.8389724205
3.82280159081	5.40838023765	0.415957919538	-0.0	-0.0	0.01718904456	0.374881645669	0.000384364299165	34.2778912697	32.7849082976
3.82235969951	5.40944635596	0.416089475967	-0.0	-0.0	0.0171828699867	0.374885502724	0.000384294907314	34.262764657	32.7583539444
3.82103402563	5.40788238974	0.416434352286	-0.0	-0.0	0.01716859528	0.374894428157	0.00038416228425	34.2275483934	32.6930478949
3.82015024304	5.40694401001	0.416875003887	-0.0	-0.0	0.0171501267867	0.374905967525	0.000383906845242	34.1819836736	32.6091926582
3.81749889527	5.40594679186	0.418970533416	-0.0	-0.0	0.01706294408	0.374960468424	0.000382548273655	33.9673097924	32.2143210891
3.80468404772	5.40936223688	0.426840564565	-0.0	-0.0	0.01674356016	0.375160064124	0.00037787561349	33.1862990954	30.7836771193
3.79761378701	5.40610254797	0.435522871367	-0.0	-0.0	0.0164037507733	0.375372346183	0.0003722459741	32.3650013157	29.2926612006
3.79054352629	5.39955919395	0.443763064928	-0.0	-0.0	0.0160906825333	0.3755678731	0.00036710876914	31.6170501347	27.9517789737
3.78789217852	5.39483627204	0.452137091765	-0.0	-0.0	0.0157808553067	0.375761311105	0.00036160418247	30.885292635	26.6572530223
3.7817057004	5.38960629921	0.460699217511	-0.0	-0.0	0.0154743623067	0.375952606576	0.00035650220438	30.1696412289	25.4041704608
3.7728678745	5.38209331652	0.469931510657	-0.0	-0.0	0.0151550994533	0.376151800925	0.000351407576919	29.4329886902	24.1277342995
3.7649138312	5.3751972231	0.479541645551	-0.0	-0.0	0.0148316887067	0.376353528492	0.000346145497497	28.6957478379	22.870301279
3.74856385329	5.36294656971	0.489705191177	-0.0	-0.0	0.0144959934	0.376562853571	0.000341433506891	27.9408392395	21.6095641588
3.7397260274	5.35368554255	0.500097788421	-0.0	-0.0	0.0141610572533	0.37677162824	0.000336044196277	27.197535981	20.3921684617
3.73707467963	5.34756483238	0.511900433479	-0.0	-0.0	0.0137938848667	0.377000423479	0.000329506839199	26.3938431477	19.0969728439
3.72735307114	5.33839822729	0.52475046852	-0.0	-0.0	0.0134071160933	0.377241325587	0.000323239826681	25.5607645031	17.7815112959
3.70702607159	5.32307204062	0.539047940136	-0.0	-0.0	0.0129895113467	0.37750134635	0.000317312023363	24.6770964242	16.4212227205
3.69597878922	5.3149030823	0.553785149258	-0.0	-0.0	0.0125746587867	0.377759537951	0.000310618384265	23.8139561208	15.1256746456
3.68228015908	5.29993638677	0.570476188703	-0.0	-0.0	0.0121117381733	0.378047519226	0.000303236040369	22.8673413267	13.763128556
3.66106937693	5.28991060026	0.589051750024	-0.0	-0.0	0.0115982158533	0.378366823715	0.000295482515208	21.8355309976	12.3592931886
3.64560318162	5.27598337064	0.608472900966	-0.0	-0.0	0.0110636225333	0.378699055846	0.000286845659001	20.7840141993	11.011777706
3.61953159523	5.25842696629	0.632820499559	-0.0	-0.0	0.0104102220533	0.379104877592	0.000276769893847	19.5315212624	9.49608639161
3.58992487848	5.22962962963	0.66250056862	-0.0	-0.0	0.00965482125333	0.379573729146	0.000265023851889	18.1314909826	7.89595471418
3.55148033584	5.20907617504	0.692398104827	-0.0	-0.0	0.00892951114667	0.380023567435	0.0002545190585	16.842516096	6.5172736978
