# C		CN		K0		e_x		e_y		e_z		n		overlap		p		q
3.48342907645	5.28715196243	0.736754611742	-0.0	-0.0	1.87240000048e-07	0.385319327398	0.000123960708779	5.58689781724	1.78377149892
3.52894387981	5.29880478088	0.648142001372	-0.0	-0.0	0.000531443826667	0.384992687485	0.000131827363543	6.20401724147	2.85191172446
3.54087494476	5.29705590473	0.569078453007	-0.0	-0.0	0.00134984762667	0.384489157146	0.000145629550245	7.20127523056	4.35400880162
3.57092355281	5.29658792651	0.528485643058	-0.0	-0.0	0.00212068413333	0.384014516006	0.000157418359174	8.17829022208	5.62406672516
3.58064516129	5.29075465534	0.503364017059	-0.0	-0.0	0.00286652962667	0.383554914634	0.000169429040788	9.15843196579	6.79973586485
3.58771542201	5.29569190601	0.485678813053	-0.0	-0.0	0.00361248325333	0.383094903635	0.000181504230348	10.1747016491	7.96364580386
3.60671674768	5.31142206313	0.473183043204	-0.0	-0.0	0.00433858268	0.382646806537	0.000192526099698	11.1951485634	9.09046988372
3.62660185594	5.31669367909	0.463523915609	-0.0	-0.0	0.00503626472	0.382215940015	0.000202988200035	12.2087101567	10.1964480293
3.63411400795	5.32221502591	0.455809720703	-0.0	-0.0	0.00572674384	0.381789225719	0.000213964019851	13.2427991578	11.3096818586
3.64648696421	5.32504841833	0.449523000718	-0.0	-0.0	0.00641326198667	0.381364667087	0.000224542056506	14.3008362387	12.4361622846
3.66062748564	5.32282958199	0.444488150877	-0.0	-0.0	0.00707321445333	0.380956262424	0.000234506681476	15.344934506	13.5379564066
3.67786124613	5.33215774287	0.440308286346	-0.0	-0.0	0.00772982676	0.380549657211	0.000244174159368	16.4082153749	14.6497839824
3.70349094123	5.34642401022	0.436485537165	-0.0	-0.0	0.00836371930667	0.38015687223	0.000252929112934	17.463182796	15.7622659648
3.71277065842	5.34500318269	0.433274517267	-0.0	-0.0	0.00898968749333	0.379768744231	0.000262618479427	18.5282421926	16.8767497771
3.73000441891	5.35353855919	0.430614200625	-0.0	-0.0	0.00960245564	0.379388569806	0.000271484212118	19.5915981469	17.9803474379
3.74635439682	5.35249526216	0.428131949026	-0.0	-0.0	0.01020852716	0.379012320888	0.000280278240241	20.6663161279	19.1003110128
3.75695978789	5.35982339956	0.425994356681	-0.0	-0.0	0.0108068733867	0.378640644069	0.000289351283272	21.7477648744	20.2215159478
3.77110030932	5.368156073	0.4240734021	-0.0	-0.0	0.0114085767867	0.378266657673	0.000298155021381	22.8551842613	21.3666606236
3.78391515687	5.37119548164	0.421983979791	-0.0	-0.0	0.0121410528933	0.377811085883	0.000309188890252	24.232162515	22.7876705751
3.79054352629	5.37218045113	0.420574035763	-0.0	-0.0	0.0127213886267	0.377449902629	0.000318160032652	25.3422722516	23.9263274298
3.79982324348	5.371875	0.419357328748	-0.0	-0.0	0.0132863232	0.377098103193	0.000326667860947	26.4404916658	25.0487115782
3.80777728679	5.3798812871	0.418102976498	-0.0	-0.0	0.0138520024667	0.376745640824	0.000335306173934	27.5589703673	26.2004642802
3.81838267786	5.37963251324	0.416850937269	-0.0	-0.0	0.01442276032	0.376389819529	0.000343743286042	28.7050207501	27.3860863292
3.82942996023	5.38086362224	0.415654511565	-0.0	-0.0	0.0150851648267	0.375976592925	0.000353618766743	30.0549097433	28.7703233458
3.83826778612	5.38542635659	0.414752842463	-0.0	-0.0	0.0156255701333	0.37563928109	0.000361701796184	31.1737172912	29.9168178348
3.84975695979	5.38749613123	0.413918528383	-0.0	-0.0	0.0161585611733	0.375306409207	0.000369404177757	32.2937981966	31.0642516538
3.85903667698	5.38900895338	0.4131714724	-0.0	-0.0	0.01669558644	0.374970850977	0.000377379885582	33.4381595171	32.2323898218
3.85947856827	5.38981481481	0.412885202859	-0.0	-0.0	0.0169151308667	0.374833605787	0.000380968314246	33.9105004038	32.7138995733
3.85992045957	5.38907744523	0.413175324588	-0.0	-0.0	0.0169067821467	0.374838825104	0.000380756444233	33.8884163252	32.6660582719
3.86036235086	5.39074074074	0.413362058147	-0.0	-0.0	0.0168967420667	0.374845101741	0.000380527140536	33.8639463096	32.6254122156
3.85903667698	5.3905526397	0.413697039553	-0.0	-0.0	0.01688252576	0.374853984396	0.000380391286715	33.8289249785	32.5611192853
3.85771100309	5.38993516517	0.413936693722	-0.0	-0.0	0.0168722147467	0.374860434927	0.000380326644418	33.803349598	32.5146746455
3.85815289439	5.39036442248	0.414333298819	-0.0	-0.0	0.0168547711067	0.374871339542	0.000379953659394	33.7603550445	32.437267343
3.85505965532	5.38820259419	0.414734944161	-0.0	-0.0	0.01683766904	0.374882030442	0.000379937355278	33.7181944506	32.3603264812
3.85373398144	5.39010819165	0.415302957354	-0.0	-0.0	0.0168131410133	0.374897363164	0.000379606636973	33.6577497181	32.2509392614
3.85152452497	5.38763523957	0.417305305821	-0.0	-0.0	0.01672814476	0.374950482704	0.000378226937072	33.4487331218	31.8711761397
3.8404772426	5.38154227315	0.425971969256	-0.0	-0.0	0.01636665716	0.375176393187	0.000372506395134	32.5661228929	30.2825593223
3.82898806894	5.37542662116	0.434608249271	-0.0	-0.0	0.01601647492	0.375395159257	0.000367026379319	31.721225135	28.7846576815
3.82147591692	5.36820863086	0.442601859911	-0.0	-0.0	0.0157008088667	0.375592298351	0.000361813788162	30.9678921174	27.468827831
3.8148475475	5.36691542289	0.450827835293	-0.0	-0.0	0.0153861453067	0.375788741245	0.000356523077556	30.2248611579	26.1855803132
3.81307998232	5.36819172113	0.459516292522	-0.0	-0.0	0.0150615938533	0.375991301591	0.000350575669505	29.466133861	24.8968653243
3.80291648255	5.36105919003	0.468653387904	-0.0	-0.0	0.0147288175867	0.376198922328	0.000345253965072	28.6981402178	23.613182644
3.79054352629	5.35330836454	0.478467677289	-0.0	-0.0	0.01438135024	0.376415631478	0.000339822757169	27.9057040427	22.3109975691
3.78214759169	5.35146966854	0.489128763797	-0.0	-0.0	0.0140122525067	0.376645756285	0.000333670045677	27.078265252	20.978320543
3.77684489616	5.34637046308	0.500566235045	-0.0	-0.0	0.0136243910667	0.376887484478	0.000326884812681	26.2216999322	19.6328866525
3.76049491825	5.33950423596	0.513319366937	-0.0	-0.0	0.0132094509467	0.377145985225	0.000320558255853	25.3212315065	18.2420568208
3.74370304905	5.32903428751	0.527058693415	-0.0	-0.0	0.01277572772	0.377416072902	0.000313895088243	24.3968002987	16.8514049154
3.72735307114	5.31557377049	0.542146967549	-0.0	-0.0	0.01231776044	0.377701130692	0.000306757206242	23.4407251051	15.447543494
3.71498011489	5.30859128238	0.558959000796	-0.0	-0.0	0.01182521716	0.378007564346	0.000298594788845	22.4309716798	14.0132594681
3.69067609368	5.29717729147	0.577413111532	-0.0	-0.0	0.0113024593733	0.378332630648	0.00029085084376	21.3854057373	12.581792405
3.66593018118	5.28985969388	0.59309744101	-0.0	-0.0	0.0108728496533	0.378599647746	0.000284839073829	20.5451179997	11.4717967153
3.66681396376	5.29049744898	0.592407682959	-0.0	-0.0	0.0108816798667	0.378594160624	0.000284937025738	20.5623810892	11.5081603912
3.66725585506	5.28976729359	0.592238299837	-0.0	-0.0	0.0108864721867	0.378591182641	0.000284985962982	20.5711527305	11.5196402831
3.66858152894	5.29072362129	0.591558762159	-0.0	-0.0	0.0108968437467	0.378584737629	0.000285076017111	20.5912381939	11.5572946343
3.66769774635	5.29113520408	0.59080520449	-0.0	-0.0	0.0109103873067	0.378576321397	0.000285390997367	20.6170008674	11.6011127641
3.66858152894	5.29177295918	0.589751013432	-0.0	-0.0	0.0109278105333	0.378565494097	0.000285643424931	20.6505320073	11.6611864412
3.66769774635	5.29177295918	0.587521310386	-0.0	-0.0	0.0109653968133	0.378542136247	0.000286402201647	20.7227618226	11.7896967537
3.68007070261	5.30159235669	0.567746987323	-0.0	-0.0	0.01131748792	0.378323290055	0.000291895267511	21.4061303552	12.9986754058
3.69951391958	5.31891891892	0.548279138146	-0.0	-0.0	0.0117002902933	0.378085263058	0.000297364101961	22.1623017835	14.3251549582
3.71100309324	5.32751507458	0.5313753764	-0.0	-0.0	0.01206754608	0.377856819326	0.000303173349789	22.9006942229	15.608035817
3.71542200619	5.33619047619	0.516311218659	-0.0	-0.0	0.0124285490533	0.377632183244	0.000309431180079	23.6380976781	16.8749726204
3.72514361467	5.33829585049	0.502445606362	-0.0	-0.0	0.01279275704	0.377405470631	0.000315293171386	24.3931556976	18.160968109
3.74237737517	5.34575307862	0.489563907744	-0.0	-0.0	0.0131643214933	0.377174093652	0.00032063481924	25.1748193524	19.478483875
3.75386654883	5.35552050473	0.477873922337	-0.0	-0.0	0.0135363507067	0.376942341114	0.000326455200538	25.968264257	20.7982455363
3.76137870084	5.361373661	0.467774513169	-0.0	-0.0	0.01388941736	0.376722322642	0.000332261454603	26.7311360072	22.0510950867
3.76977463544	5.3677581864	0.458543011448	-0.0	-0.0	0.0142436939733	0.376501469569	0.000337983171692	27.5053773626	23.3056502701
3.77375165709	5.3736229147	0.45030148034	-0.0	-0.0	0.0145923324	0.376284056978	0.000343980599936	28.2752758581	24.5335995004
3.78303137428	5.38050314465	0.442623836596	-0.0	-0.0	0.0149523432267	0.376059471208	0.000349674839415	29.0774277171	25.7903489282
3.79363676536	5.38393977415	0.435834322983	-0.0	-0.0	0.01531051036	0.375835965501	0.000355177564363	29.8815417738	27.0210332606
3.80335837384	5.38666249217	0.430332815745	-0.0	-0.0	0.0156541339733	0.375621451017	0.000360448442627	30.6557901641	28.1570165563
3.80777728679	5.39154929577	0.425521068849	-0.0	-0.0	0.0160203404533	0.375392750041	0.000366556118428	31.4806995572	29.3105136807
3.81661511268	5.40100093838	0.421898901346	-0.0	-0.0	0.0163805580933	0.375167720307	0.000372048085063	32.2885518427	30.3710861358
3.82501104728	5.40443472829	0.419350122844	-0.0	-0.0	0.0167494498533	0.374937175409	0.000377640289063	33.1113170671	31.3690318462
3.83650022095	5.40760361483	0.417454627957	-0.0	-0.0	0.0171536889067	0.374684451715	0.000383435786698	34.0090479427	32.3914876271
3.83384887318	5.40573387348	0.417231285453	-0.0	-0.0	0.0172135081733	0.37464704249	0.000384718870793	34.1417841811	32.5382986741
3.832081308	5.40554862843	0.417343329119	-0.0	-0.0	0.0172105263333	0.37464890719	0.000384835768318	34.1337952693	32.5204580741
3.83252319929	5.40448737925	0.41759918753	-0.0	-0.0	0.0172006025333	0.374655113018	0.000384605576539	34.1093177811	32.4738099027
3.83429076447	5.40604549704	0.417850022561	-0.0	-0.0	0.01718904456	0.374662340696	0.000384214613143	34.0811007423	32.4241077636
3.83517454706	5.4063571206	0.418000733631	-0.0	-0.0	0.0171828699867	0.374666201877	0.00038401089101	34.0659316588	32.3959663222
3.83384887318	5.40542224992	0.418344900191	-0.0	-0.0	0.01716859528	0.374675127351	0.000383877677011	34.0308848471	32.3313785238
3.832081308	5.40448737925	0.418784494306	-0.0	-0.0	0.0171501267867	0.374686675137	0.000383711038641	33.9856835829	32.2485953873
3.82942996023	5.40349236046	0.42087972872	-0.0	-0.0	0.01706294408	0.37474118773	0.000382352253084	33.7723952093	31.8580343319
3.8236853734	5.40256089944	0.428738022296	-0.0	-0.0	0.01674356016	0.374940856826	0.000376967941099	32.9963828021	30.4438578654
3.81175430844	5.39399624765	0.437404121209	-0.0	-0.0	0.0164037507733	0.375153221706	0.000371807375521	32.1804153867	28.9702733294
3.80600972161	5.39029733959	0.445648003212	-0.0	-0.0	0.0160906825333	0.37534880591	0.000366541439369	31.4377609549	27.6438783258
3.79717189571	5.38357881542	0.454059554293	-0.0	-0.0	0.0157808553067	0.375542305897	0.000361637797371	30.7115068379	26.3610174899
3.79142730888	5.38374647003	0.462642271823	-0.0	-0.0	0.0154743623067	0.375733672941	0.000356501246482	30.0012703091	25.1205690748
3.7812638091	5.3768070396	0.471822097004	-0.0	-0.0	0.0151550994533	0.375932950555	0.000351551048911	29.2701676561	23.8621695585
3.77021652673	5.37429111531	0.481401201449	-0.0	-0.0	0.0148316887067	0.376134743514	0.0003465895325	28.5383097369	22.6206159934
3.7649138312	5.36905137094	0.491659446851	-0.0	-0.0	0.0144959934	0.37634414066	0.000340880259926	27.7889515478	21.3675940557
3.75519222271	5.35993690852	0.502168190693	-0.0	-0.0	0.0141610572533	0.376552983688	0.000335587722491	27.0521210157	20.1574044296
3.74900574459	5.35310823604	0.514008174432	-0.0	-0.0	0.0137938848667	0.376781861819	0.000329383620669	26.2557427386	18.8757004138
3.73398144057	5.3431372549	0.526847351461	-0.0	-0.0	0.0134071160933	0.377022849064	0.000323581105841	25.4291194019	17.5759159985
3.71939902784	5.33301647655	0.541105580289	-0.0	-0.0	0.0129895113467	0.377282953001	0.000317167290074	24.5514787683	16.2325562591
3.71056120194	5.32477006026	0.555648108212	-0.0	-0.0	0.0125746587867	0.377541242604	0.000310315875654	23.6949595429	14.9608094073
3.69421122404	5.31172545281	0.572247001861	-0.0	-0.0	0.0121117381733	0.377829324909	0.000303184977031	22.7551511614	13.6166164823
3.68714096332	5.30050825921	0.591068636245	-0.0	-0.0	0.0115982158533	0.378148735699	0.000294330005455	21.7322189846	12.2178188222
3.67167476801	5.29171974522	0.610771906149	-0.0	-0.0	0.0110636225333	0.378481090102	0.000285725881276	20.6894581776	10.8747596937
3.64030048608	5.26694373402	0.635118957475	-0.0	-0.0	0.0104102220533	0.378887058212	0.000276128278736	19.4488166148	9.37765742816
3.60185594344	5.24195624196	0.664844751663	-0.0	-0.0	0.00965482125333	0.379356070257	0.000265156444457	18.0644922368	7.79641583963
3.56915598763	5.21135850274	0.695600098566	-0.0	-0.0	0.00892951114667	0.379806066359	0.000254391088151	16.789931824	6.41207741425
