# C		CN		K0		e_x		e_y		e_z		n		overlap		p		q
3.46000883783	5.24714956405	0.737054500493	-0.0	-0.0	1.87240000048e-07	0.388433694805	0.000130515200069	5.58822650835	1.78173113231
3.47945205479	5.25	0.652404472976	-0.0	-0.0	0.000531443826667	0.38810870986	0.0001392488419	6.16249145035	2.78815448095
3.49447635882	5.24875456659	0.576860445113	-0.0	-0.0	0.00134984762667	0.387607730729	0.000152823227825	7.08316457611	4.17486841429
3.51701281485	5.24678323985	0.535812170244	-0.0	-0.0	0.00212068413333	0.387135494427	0.000164920848935	7.98507561202	5.36763569485
3.53115333628	5.25707702436	0.509798022762	-0.0	-0.0	0.00286652962667	0.386678221691	0.000176781176685	8.88847475796	6.47230604947
3.55103844454	5.25499181669	0.491554574111	-0.0	-0.0	0.00361248325333	0.386220541403	0.000188227047128	9.82216966012	7.55485986306
3.5718073354	5.25919895799	0.478093066055	-0.0	-0.0	0.00433858268	0.385774714652	0.000199223103633	10.7616660322	8.61357929721
3.58550596553	5.26729457616	0.467774705148	-0.0	-0.0	0.00503626472	0.385346031177	0.000210079914357	11.6943004716	9.64687723823
3.60229783473	5.276141146	0.459302691157	-0.0	-0.0	0.00572674384	0.38492147889	0.000220549136514	12.6445399199	10.6903724485
3.61157755192	5.28225024248	0.452327206991	-0.0	-0.0	0.00641326198667	0.384499071345	0.000231344255986	13.6168613142	11.7463584153
3.61820592134	5.28405422853	0.446667513275	-0.0	-0.0	0.00707321445333	0.384092735923	0.00024182947447	14.5760738149	12.7796957077
3.62925320371	5.28769329897	0.441815322426	-0.0	-0.0	0.00772982676	0.383688190834	0.00025193535007	15.5542341291	13.8277669022
3.64516129032	5.29935691318	0.437729705022	-0.0	-0.0	0.00836371930667	0.383297391522	0.000261277519843	16.5207373654	14.858951074
3.6553247901	5.30860629416	0.434275461965	-0.0	-0.0	0.00898968749333	0.38291123446	0.000270832439622	17.494543454	15.890001798
3.67653557225	5.31851614966	0.431000628606	-0.0	-0.0	0.00960245564	0.382532986243	0.000279374671786	18.4704383429	16.9328582874
3.68669907203	5.32237472071	0.42822909188	-0.0	-0.0	0.01020852716	0.382158648568	0.000288550655643	19.4522359626	17.9732935306
3.70039770217	5.32643970729	0.425835540692	-0.0	-0.0	0.0108068733867	0.381788849979	0.000297279482884	20.4387776556	19.0129119143
3.71232876712	5.33280406478	0.423778343388	-0.0	-0.0	0.0114085767867	0.381416758295	0.000306118637864	21.4463769936	20.0662858705
3.7308882015	5.34589800443	0.421436672274	-0.0	-0.0	0.0121410528933	0.380963494868	0.00031651479169	22.696725225	21.3766609303
3.74149359258	5.34849921011	0.419847308455	-0.0	-0.0	0.0127213886267	0.380604144654	0.000325055170395	23.7047103073	22.4260342352
3.75916924437	5.35527559055	0.418445281909	-0.0	-0.0	0.0132863232	0.380254126964	0.000332697844935	24.7012068665	23.4610112524
3.76358815731	5.35608681975	0.417184622199	-0.0	-0.0	0.0138520024667	0.379903448039	0.000341534733261	25.7143296078	24.509852808
3.7728678745	5.35981161695	0.41584950385	-0.0	-0.0	0.01442276032	0.379549428426	0.000350030345817	26.754772248	25.5972407322
3.78921785241	5.3709273183	0.414483281406	-0.0	-0.0	0.0150851648267	0.37913829663	0.000359320143272	27.9808190133	26.8729418001
3.79407865665	5.36878323428	0.413500327486	-0.0	-0.0	0.0156255701333	0.378802688997	0.000367671869867	28.9952566033	27.9239776779
3.80335837384	5.3765625	0.412633548867	-0.0	-0.0	0.0161585611733	0.378471508146	0.000375455570967	30.0080821718	28.9695805383
3.81263809103	5.3829588015	0.41178349186	-0.0	-0.0	0.01669558644	0.378137642003	0.000383303424052	31.0426450992	30.039691111
3.81617322139	5.38521522146	0.411517221514	-0.0	-0.0	0.0169151308667	0.3780011006	0.000386525736914	31.468362314	30.4743380353
3.8148475475	5.38396756082	0.411741008311	-0.0	-0.0	0.0169067821467	0.378006293473	0.000386502436902	31.4494682545	30.436986462
3.81573133009	5.38396756082	0.411947765822	-0.0	-0.0	0.0168967420667	0.378012538308	0.000386226911696	31.4271186205	30.3977727857
3.81440565621	5.38365564566	0.412282107695	-0.0	-0.0	0.01688252576	0.37802138061	0.000386092149142	31.3950839376	30.3383992817
3.8148475475	5.38334373051	0.412529506184	-0.0	-0.0	0.0168722147467	0.378027793807	0.000385852578919	31.3718385255	30.2949592516
3.8148475475	5.38197692548	0.412942314731	-0.0	-0.0	0.0168547711067	0.378038643171	0.000385526491638	31.3327247969	30.2222548933
3.8152894388	5.38260056127	0.413350211977	-0.0	-0.0	0.01683766904	0.378049279905	0.000385159768048	31.2942963052	30.1507440186
3.8148475475	5.38471138846	0.413924559342	-0.0	-0.0	0.0168131410133	0.378064534942	0.000384741785635	31.239268437	30.0493642958
3.81042863456	5.38444722049	0.415953978949	-0.0	-0.0	0.01672814476	0.378117392553	0.000383591336384	31.0491269916	29.6971018632
3.7984975696	5.37797246558	0.424748267458	-0.0	-0.0	0.01636665716	0.378342157103	0.000378005698199	30.2466000271	28.2229386333
3.78391515687	5.36939479461	0.433541692633	-0.0	-0.0	0.01601647492	0.378559810714	0.000372881556374	29.4783982761	26.8305374947
3.77728678745	5.36809045226	0.441774115897	-0.0	-0.0	0.0157008088667	0.378755947706	0.00036759587908	28.7934795528	25.6005107411
3.76977463544	5.36046511628	0.450173475392	-0.0	-0.0	0.0153861453067	0.378951401252	0.000362436492046	28.1195108178	24.4074160777
3.76182059213	5.35051870481	0.459030663036	-0.0	-0.0	0.0150615938533	0.379152930773	0.00035711345341	27.4319863235	23.210723116
3.75298276624	5.34666246851	0.468359950764	-0.0	-0.0	0.0147288175867	0.379359498841	0.000351702491956	26.7353655195	22.0170057063
3.74193548387	5.3390097761	0.478333851986	-0.0	-0.0	0.01438135024	0.379575114416	0.000346179517769	26.0162598502	20.8085440888
3.72470172338	5.33090794053	0.489291311119	-0.0	-0.0	0.0140122525067	0.379804069579	0.000340850721099	25.2648206923	19.5639494235
3.71232876712	5.32192648923	0.500989932973	-0.0	-0.0	0.0136243910667	0.380044572493	0.000334718179273	24.4873832878	18.311049452
3.69200176757	5.30549380756	0.513815138019	-0.0	-0.0	0.0132094509467	0.380301764038	0.000328806996675	23.6695756374	17.0264611361
3.67565178966	5.29913985346	0.527569251609	-0.0	-0.0	0.01277572772	0.380570483277	0.000322196704113	22.8309579433	15.7449921707
3.66902342024	5.2929550526	0.542601583481	-0.0	-0.0	0.01231776044	0.38085409678	0.000314288440593	21.9614481226	14.4520185201
3.65709235528	5.2858056266	0.559312923222	-0.0	-0.0	0.01182521716	0.381158977845	0.00030616230134	21.0446863759	13.1322687339
3.62792752983	5.26861360719	0.577759708725	-0.0	-0.0	0.0113024593733	0.381482397265	0.000298906407866	20.0918016076	11.8072258051
3.61025187804	5.25820991629	0.593305178303	-0.0	-0.0	0.0108728496533	0.381748059925	0.000292375542	19.3248620003	10.7828831256
3.60848431286	5.25829307568	0.592619387109	-0.0	-0.0	0.0108816798667	0.381742602049	0.000292684872011	19.3407123855	10.8167098602
3.60848431286	5.25861513688	0.592387516937	-0.0	-0.0	0.0108864721867	0.381739642092	0.000292769467218	19.3488891791	10.8297403264
3.61069376933	5.2591757888	0.591802710813	-0.0	-0.0	0.0108968437467	0.381733226797	0.000292776355914	19.3667361186	10.8610957442
3.61157755192	5.25844866431	0.5909673747	-0.0	-0.0	0.0109103873067	0.381724853207	0.000292951258057	19.3905338251	10.9050386937
3.61246133451	5.25836550837	0.589915818961	-0.0	-0.0	0.0109278105333	0.381714080765	0.000293197449524	19.42107822	10.9608606713
3.61025187804	5.2594977463	0.587665930249	-0.0	-0.0	0.0109653968133	0.381690846319	0.00029405781415	19.4869833927	11.0812708379
3.62483429076	5.27331189711	0.567763158012	-0.0	-0.0	0.01131748792	0.381473101775	0.000299316970372	20.1114963391	12.2118790109
3.64339372514	5.28649342316	0.548169106101	-0.0	-0.0	0.0117002902933	0.381236282886	0.000304792754144	20.8022971047	13.4507692145
3.65311533363	5.29170669228	0.531045856259	-0.0	-0.0	0.01206754608	0.38100899735	0.00031070529197	21.4763134323	14.6522185923
3.66946531153	5.30466751918	0.515776957269	-0.0	-0.0	0.0124285490533	0.380785501712	0.000315909286661	22.1484852857	15.8373452856
3.67432611578	5.30673475902	0.501754433071	-0.0	-0.0	0.01279275704	0.380559934724	0.000322152675912	22.8364885339	17.0373778253
3.68360583297	5.31844288449	0.488794430261	-0.0	-0.0	0.0131643214933	0.380329730049	0.00032813784523	23.5479627606	18.261404015
3.69288555015	5.32239566741	0.477010254948	-0.0	-0.0	0.0135363507067	0.380099154644	0.000334123774019	24.2702927418	19.4876883059
3.70172337605	5.3317414836	0.466868495279	-0.0	-0.0	0.01388941736	0.379880246758	0.00033979700628	24.9646245396	20.6482493389
3.71188687583	5.34266624244	0.45765664365	-0.0	-0.0	0.0142436939733	0.379660517084	0.000345356399508	25.6698136092	21.8061237741
3.72381794079	5.35335239911	0.449439822611	-0.0	-0.0	0.0145923324	0.379444204177	0.000350615206255	26.3709347312	22.9379253288
3.73398144057	5.35881979695	0.441758355925	-0.0	-0.0	0.0149523432267	0.379220754999	0.000356209223222	27.1015645349	24.09729924
3.74016791869	5.36536631779	0.434941805878	-0.0	-0.0	0.01531051036	0.378998372454	0.000362100541192	27.8334006152	25.2328396095
3.75033141847	5.36792154382	0.429221148489	-0.0	-0.0	0.0156541339733	0.378784944963	0.000367295959673	28.5387756298	26.2951337321
3.76137870084	5.37819905213	0.424146388273	-0.0	-0.0	0.0160203404533	0.378557410325	0.000372737968744	29.2902139451	27.3769540777
3.77198409191	5.39222503161	0.420316915366	-0.0	-0.0	0.0163805580933	0.378333517766	0.000378024969478	30.0263933381	28.3692367598
3.77640300486	5.39280075781	0.417660773311	-0.0	-0.0	0.0167494498533	0.378104150524	0.000383924604192	30.7726078996	29.2920279617
3.78612461335	5.39263224181	0.415732468568	-0.0	-0.0	0.0171536889067	0.377852705205	0.00038976681711	31.584280651	30.227719866
3.79054352629	5.39704030227	0.415503075212	-0.0	-0.0	0.0172135081733	0.377815482553	0.000390318331914	31.7043022208	30.3621052496
3.7896597437	5.39609571788	0.415614603916	-0.0	-0.0	0.0172105263333	0.377817337805	0.000390348744763	31.6970431297	30.3456645811
3.78656650464	5.39326196474	0.415870909976	-0.0	-0.0	0.0172006025333	0.37782351219	0.000390481724212	31.6747605154	30.302549467
3.78303137428	5.39181102362	0.416123817575	-0.0	-0.0	0.01718904456	0.377830703248	0.000390633750485	31.6491965705	30.2566286061
3.78347326558	5.39244094488	0.416276133769	-0.0	-0.0	0.0171828699867	0.377834544866	0.000390473127672	31.6354036221	30.2305267454
3.78258948299	5.39149606299	0.416622237607	-0.0	-0.0	0.01716859528	0.37784342554	0.00039029896245	31.6035334812	30.170769194
3.7817057004	5.39193446755	0.417064181055	-0.0	-0.0	0.0171501267867	0.377854916221	0.000390046824855	31.5624151203	30.0941788254
3.77684489616	5.39211356467	0.419172823461	-0.0	-0.0	0.01706294408	0.377909154149	0.000388927406519	31.3685852467	29.7328092212
3.7649138312	5.38369152971	0.427088586158	-0.0	-0.0	0.01674356016	0.378107808236	0.000384221232364	30.6635287522	28.423635896
3.76182059213	5.38033512488	0.435838539541	-0.0	-0.0	0.0164037507733	0.37831909714	0.000378229757292	29.9216333504	27.0569628045
3.75563411401	5.37168141593	0.444195585897	-0.0	-0.0	0.0160906825333	0.378513694084	0.000373038480817	29.2462473638	25.8238763614
3.74988952718	5.36717267552	0.452695680002	-0.0	-0.0	0.0157808553067	0.378706218276	0.000367852096299	28.5854232893	24.6326177135
3.74016791869	5.3586578031	0.461344073526	-0.0	-0.0	0.0154743623067	0.378896607005	0.000363117437519	27.9392492223	23.482189035
3.73044631021	5.35576007617	0.470584671229	-0.0	-0.0	0.0151550994533	0.379094875381	0.000358131615872	27.2738222388	22.3151776379
3.72116659302	5.34911054638	0.480253271787	-0.0	-0.0	0.0148316887067	0.379295650302	0.000353027819069	26.6083489752	21.1622894629
3.70658418029	5.34203821656	0.490579576016	-0.0	-0.0	0.0144959934	0.379503982869	0.000348192846548	25.9262956531	19.9994803705
3.69465311533	5.33035714286	0.501053080502	-0.0	-0.0	0.0141610572533	0.379711774614	0.000343110261719	25.2548894994	18.881390353
3.68625718073	5.32057416268	0.512854960811	-0.0	-0.0	0.0137938848667	0.379939478469	0.000337111197741	24.5293833783	17.6965625229
3.67609368095	5.31066411239	0.525525030382	-0.0	-0.0	0.0134071160933	0.380179259188	0.000330931158898	23.7779750358	16.5018702349
3.6557666814	5.29811079091	0.539488216376	-0.0	-0.0	0.0129895113467	0.380438045233	0.00032507088824	22.9799888294	15.270816172
3.63941670349	5.28571428571	0.553749553142	-0.0	-0.0	0.0125746587867	0.380695018789	0.000318892972398	22.2010696481	14.1028348078
3.62041537782	5.27568438003	0.56994468285	-0.0	-0.0	0.0121117381733	0.380981641484	0.000312025301784	21.3465363074	12.8700926163
3.60671674768	5.26451612903	0.588157596208	-0.0	-0.0	0.0115982158533	0.381299433142	0.000303748760299	20.4163909875	11.5906954613
3.58992487848	5.2501616031	0.607247573785	-0.0	-0.0	0.0110636225333	0.381630104415	0.000295283098052	19.4675929097	10.3580416822
3.56517896597	5.22949756888	0.631088669122	-0.0	-0.0	0.0104102220533	0.382034015207	0.000285220368668	18.3362039007	8.97069376913
3.54441007512	5.21156971076	0.659517770802	-0.0	-0.0	0.00965482125333	0.382500651358	0.000273026799463	17.073390891	7.52017735768
3.51833848873	5.18703160639	0.688585047805	-0.0	-0.0	0.00892951114667	0.38294836749	0.000261782492216	15.9034882777	6.25018468498
