# C		CN		K0		e_x		e_y		e_z		n		overlap		p		q
3.43968183827	5.23159663866	0.736457566939	-0.0	-0.0	1.87240000048e-07	0.387259934339	0.000132176272055	5.58552429379	1.78577417656
3.4622182943	5.23745819398	0.649261470222	-0.0	-0.0	0.000531443826667	0.38693432566	0.000140809345786	6.15292315788	2.81667916068
3.49270879364	5.25074825407	0.568479287532	-0.0	-0.0	0.00134984762667	0.386432385015	0.000153846641442	7.06686470785	4.28108227631
3.52496685815	5.26387054161	0.524541290199	-0.0	-0.0	0.00212068413333	0.385959242364	0.000165547083836	7.96181328016	5.54225608973
3.54131683606	5.26701742848	0.496812242974	-0.0	-0.0	0.00286652962667	0.385501091999	0.000177268061022	8.85675694681	6.70629553459
3.56031816173	5.27925270403	0.477066189549	-0.0	-0.0	0.00361248325333	0.385042533299	0.000188669735788	9.78099625863	7.8523037102
3.57622624834	5.27765089723	0.462682580377	-0.0	-0.0	0.00433858268	0.384595850887	0.000199732819369	10.7086516842	8.96548645608
3.58638974812	5.28329534354	0.451647352344	-0.0	-0.0	0.00503626472	0.384166344653	0.000210619309525	11.6289259621	10.0511271192
3.59743703049	5.28385839558	0.442712827127	-0.0	-0.0	0.00572674384	0.383740977536	0.000221299759009	12.5666259074	11.1431910487
3.60185594344	5.28307392996	0.435590566728	-0.0	-0.0	0.00641326198667	0.383317759277	0.000232269799779	13.5231851046	12.2371048496
3.62439239947	5.28668171558	0.429555818447	-0.0	-0.0	0.00707321445333	0.382910643987	0.000241617700818	14.4683756928	13.3182976751
3.64162615996	5.29103758432	0.424368237961	-0.0	-0.0	0.00772982676	0.382505322467	0.000251213812189	15.4324741777	14.4153951943
3.65399911622	5.3021167415	0.419960005145	-0.0	-0.0	0.00836371930667	0.382113773106	0.000260743345085	16.3852939067	15.4965309473
3.66151126823	5.31215912737	0.416120234655	-0.0	-0.0	0.00898968749333	0.381726874905	0.000270482862328	17.3481055048	16.58495368
3.6809544852	5.31248005107	0.412833114115	-0.0	-0.0	0.00960245564	0.381347900728	0.000279080545246	18.3102281903	17.6666898365
3.69642068051	5.31985996181	0.410052797192	-0.0	-0.0	0.01020852716	0.380972839664	0.00028782179497	19.279840141	18.7474086067
3.71984091913	5.32226438963	0.407389795152	-0.0	-0.0	0.0108068733867	0.380602340756	0.000295810193742	20.2574396068	19.8449974298
3.72779496244	5.32627921668	0.404980525424	-0.0	-0.0	0.0114085767867	0.380229530437	0.00030507046304	21.2596553999	20.9671511658
3.74944763588	5.33144654088	0.402342672875	-0.0	-0.0	0.0121410528933	0.379775397076	0.000315325450415	22.5050235034	22.3589539732
3.75828546178	5.33762562814	0.400472408028	-0.0	-0.0	0.0127213886267	0.379415357912	0.000324134392123	23.5113921361	23.4805556266
3.77065841803	5.34157795867	0.398831190285	-0.0	-0.0	0.0132863232	0.379064669183	0.000332372637425	24.5072676841	24.5869387416
3.77684489616	5.34543178974	0.39738500199	-0.0	-0.0	0.0138520024667	0.378713315731	0.000341150774066	25.5191544968	25.7050628251
3.79319487406	5.35090455396	0.395890952651	-0.0	-0.0	0.01442276032	0.378358617849	0.000349120641462	26.5587059775	26.8632379634
3.8068935042	5.34886610749	0.394300254299	-0.0	-0.0	0.0150851648267	0.377946700836	0.000358837001435	27.786992805	28.2297378228
3.81042863456	5.34874340676	0.393088844269	-0.0	-0.0	0.0156255701333	0.377610445465	0.000367459718921	28.805293617	29.3625670376
3.81926646045	5.35554866708	0.391976234431	-0.0	-0.0	0.0161585611733	0.377278637164	0.000375450900978	29.8239511105	30.4946539354
3.83384887318	5.36343952985	0.390931402885	-0.0	-0.0	0.01669558644	0.376944120638	0.000382930568041	30.864501053	31.6499086733
3.84091913389	5.36835599506	0.390502998211	-0.0	-0.0	0.0169151308667	0.376807317175	0.000385872286545	31.2944118268	32.1287803963
3.83870967742	5.36816074189	0.390762815245	-0.0	-0.0	0.0169067821467	0.376812520015	0.000385926472078	31.2745277268	32.0853176077
3.83694211224	5.36692426584	0.390957606279	-0.0	-0.0	0.0168967420667	0.376818776835	0.000385918141201	31.2524306898	32.0453886853
3.83473265577	5.36684194247	0.391287720795	-0.0	-0.0	0.01688252576	0.376827636108	0.000385871317054	31.2205458695	31.9834928568
3.83782589483	5.37035891089	0.391520173161	-0.0	-0.0	0.0168722147467	0.376834061613	0.000385364425917	31.1974407852	31.9392885404
3.83340698188	5.37341183762	0.39192015438	-0.0	-0.0	0.0168547711067	0.376844929912	0.000385479684329	31.158469118	31.8641253894
3.83075563411	5.37093275488	0.392317515115	-0.0	-0.0	0.01683766904	0.376855588949	0.00038542252858	31.1201790495	31.7900087377
3.83075563411	5.37166769994	0.392881127029	-0.0	-0.0	0.0168131410133	0.376870873264	0.000384959513345	31.0654094115	31.6846147477
3.82766239505	5.3696124031	0.394848214675	-0.0	-0.0	0.01672814476	0.376923829509	0.000383666908645	30.8758041062	31.3201965515
3.81263809103	5.36047234307	0.403391748652	-0.0	-0.0	0.01636665716	0.377149028258	0.000378333744313	30.0751464999	29.7928566247
3.80203269996	5.3548085901	0.411951823038	-0.0	-0.0	0.01601647492	0.377367098608	0.000372776863401	29.3093437916	28.3490406223
3.79540433053	5.34911242604	0.419905879156	-0.0	-0.0	0.0157008088667	0.377563614473	0.000367468036445	28.6268376752	27.078194536
3.78921785241	5.34809731753	0.428061615957	-0.0	-0.0	0.0153861453067	0.377759436155	0.000362113359767	27.9539529754	25.8408575747
3.78435704817	5.34655010927	0.43674220446	-0.0	-0.0	0.0150615938533	0.377961350441	0.00035644789727	27.2681805322	24.594304359
3.7644719399	5.33907865873	0.445930029972	-0.0	-0.0	0.0147288175867	0.378168323279	0.000352036397071	26.5740371392	23.3482532979
3.75342465753	5.33113622097	0.455869194476	-0.0	-0.0	0.01438135024	0.378384351948	0.000346494428295	25.8577858589	22.0794088717
3.74326115776	5.32672955975	0.466612353881	-0.0	-0.0	0.0140122525067	0.378613738028	0.000340469892194	25.108947322	20.7831023287
3.73265576668	5.32041587902	0.478207486929	-0.0	-0.0	0.0136243910667	0.378854711571	0.000334095625701	24.3326399187	19.469166055
3.71277065842	5.3100505689	0.49098362961	-0.0	-0.0	0.0132094509467	0.379112396206	0.000328058850468	23.5168221618	18.119039158
3.69818824569	5.29756251978	0.504749164878	-0.0	-0.0	0.01277572772	0.37938163119	0.000321201217175	22.6803659071	16.7690661744
3.67830313743	5.28789323165	0.519659460032	-0.0	-0.0	0.01231776044	0.379665789024	0.0003143180827	21.8136391336	15.4139331966
3.65885992046	5.27492832112	0.536343246357	-0.0	-0.0	0.01182521716	0.379971255237	0.000306770085667	20.9007514234	14.0263970278
3.63764913831	5.26752	0.55480325322	-0.0	-0.0	0.0113024593733	0.380295289405	0.00029878350022	19.954445858	12.6331441707
3.62792752983	5.25921179109	0.570461620593	-0.0	-0.0	0.0108728496533	0.380561462758	0.000291623301718	19.1940644189	11.5528485554
3.62969509501	5.26081384172	0.569915155965	-0.0	-0.0	0.0108816798667	0.380555999573	0.00029164298432	19.2094050795	11.582704397
3.63146266019	5.2600064041	0.569632931282	-0.0	-0.0	0.0108864721867	0.380553030992	0.000291589696436	19.2177586615	11.5984047713
3.63146266019	5.25968619917	0.568987480448	-0.0	-0.0	0.0108968437467	0.380546606327	0.000291782218546	19.2360035441	11.6338476904
3.63234644278	5.25824	0.568238105914	-0.0	-0.0	0.0109103873067	0.380538220435	0.000291957898264	19.2594015256	11.6764356687
3.63146266019	5.25864276569	0.567211571682	-0.0	-0.0	0.0109278105333	0.380527423549	0.000292350519183	19.2899029292	11.7340089716
3.63323022536	5.25992317542	0.565047473358	-0.0	-0.0	0.0109653968133	0.380504139442	0.000292898888991	19.3555246522	11.8568437969
3.64030048608	5.27112676056	0.545704356602	-0.0	-0.0	0.01131748792	0.380285988893	0.000298795619216	19.9765286658	13.0179001634
3.6553247901	5.28402555911	0.526596354213	-0.0	-0.0	0.0117002902933	0.380048708647	0.000304607830224	20.6635631186	14.2931631432
3.66725585506	5.29291640077	0.509952572261	-0.0	-0.0	0.01206754608	0.379820986134	0.000310374339098	21.3339872746	15.5274602112
3.67874502872	5.30538731272	0.495017385072	-0.0	-0.0	0.0124285490533	0.379597065775	0.000316045699533	22.0032425587	16.7503429552
3.68758285462	5.31411277477	0.481250337148	-0.0	-0.0	0.01279275704	0.379371062391	0.000321988558286	22.6882710304	17.9916365408
3.70083959346	5.316290886	0.468418678162	-0.0	-0.0	0.0131643214933	0.379140415892	0.000327658018643	23.3968559039	19.2643923574
3.70967741935	5.32793650794	0.456684518	-0.0	-0.0	0.0135363507067	0.378909395019	0.000333708163395	24.1162165974	20.543941495
3.71895713654	5.33650491595	0.446552115214	-0.0	-0.0	0.01388941736	0.378690069921	0.000339365368926	24.8077523545	21.7575945046
3.72956252762	5.34293856871	0.437323327227	-0.0	-0.0	0.0142436939733	0.378469917229	0.000344901672708	25.5095020119	22.9700914816
3.74149359258	5.35199240987	0.429107668452	-0.0	-0.0	0.0145923324	0.378253192411	0.000350192937503	26.2074375772	24.154829925
3.75165709236	5.35299684543	0.421456163286	-0.0	-0.0	0.0149523432267	0.378029320129	0.00035581182762	26.9345223275	25.3665923159
3.75386654883	5.35572374645	0.414613697057	-0.0	-0.0	0.01531051036	0.377806509228	0.000362126104335	27.6647213024	26.559654055
3.76314626602	5.36020151134	0.408793403529	-0.0	-0.0	0.0156541339733	0.377592665947	0.000367460285467	28.3693271912	27.6830795224
3.76623950508	5.36386528171	0.403596064969	-0.0	-0.0	0.0160203404533	0.377364703501	0.0003737484279	29.1209098046	28.8311766826
3.77375165709	5.36886792453	0.399638239305	-0.0	-0.0	0.0163805580933	0.377140369988	0.0003793609405	29.8554668325	29.8854803812
3.78038002651	5.37217336683	0.39678379165	-0.0	-0.0	0.0167494498533	0.376910559818	0.000385113440147	30.6018959182	30.8762710633
3.79098541759	5.38123627236	0.394654677234	-0.0	-0.0	0.0171536889067	0.37665863274	0.000390979632282	31.4148814405	31.8841202576
3.79186920018	5.3824913712	0.394409353003	-0.0	-0.0	0.0172135081733	0.376621348939	0.000391908197753	31.5349140122	32.0276989203
3.79231109147	5.38280514591	0.394566393457	-0.0	-0.0	0.0172105263333	0.376623191608	0.000391798438204	31.527339377	32.0060829303
3.79098541759	5.38292529818	0.394747907973	-0.0	-0.0	0.0172006025333	0.376629378381	0.000391752273987	31.5055089284	31.9678453887
3.79098541759	5.38323917137	0.395004921021	-0.0	-0.0	0.01718904456	0.376636592785	0.000391536752109	31.4799650433	31.9191942251
3.79186920018	5.38430141287	0.395144979468	-0.0	-0.0	0.0171828699867	0.376640441776	0.000391329277118	31.4661645171	31.8928241039
3.78789217852	5.38210361068	0.395478853544	-0.0	-0.0	0.01716859528	0.376649331314	0.000391472132854	31.4344049889	31.8311746841
3.78833406982	5.38210361068	0.395905067109	-0.0	-0.0	0.0171501267867	0.376660852229	0.000391080242709	31.3933422962	31.7520678874
3.78877596111	5.37947269303	0.397934773863	-0.0	-0.0	0.01706294408	0.376715193816	0.000389400901176	31.1998515712	31.3792486466
3.77993813522	5.37386113729	0.405558390495	-0.0	-0.0	0.01674356016	0.376914229612	0.000384312575595	30.4957904779	30.0278264192
3.76579761379	5.36755905512	0.413940986615	-0.0	-0.0	0.0164037507733	0.377125923838	0.000379379101367	29.7558108012	28.6210948672
3.7565178966	5.36108483128	0.42193389106	-0.0	-0.0	0.0160906825333	0.377320893371	0.000374445200199	29.0823125436	27.3525565348
3.75475033142	5.36079545455	0.430082254068	-0.0	-0.0	0.0157808553067	0.377513788662	0.000368815173076	28.4232630232	26.1249829089
3.74370304905	5.35335018963	0.438414059703	-0.0	-0.0	0.0154743623067	0.377704547094	0.000364160883301	27.7788167373	24.9359961465
3.73442333186	5.34672571971	0.447387237394	-0.0	-0.0	0.0151550994533	0.377903185115	0.000359085547813	27.1155774812	23.7248512383
3.73000441891	5.34113924051	0.456825224585	-0.0	-0.0	0.0148316887067	0.378104351467	0.000353464504185	26.4521515817	22.5247116069
3.72470172338	5.33649889205	0.466964957204	-0.0	-0.0	0.0144959934	0.378313083881	0.00034771912575	25.7732238873	21.3110589925
3.70967741935	5.32645939086	0.477412386769	-0.0	-0.0	0.0141610572533	0.378521274433	0.000342896066707	25.1052551451	20.1343294961
3.70128148475	5.32326764145	0.489145934596	-0.0	-0.0	0.0137938848667	0.378749415928	0.000336853535436	24.3835663921	18.8896960268
3.68979231109	5.3164597262	0.501751895788	-0.0	-0.0	0.0134071160933	0.378989656236	0.000330733205248	23.6348260342	17.6331195096
3.67520989837	5.30389030612	0.515609019881	-0.0	-0.0	0.0129895113467	0.379248935512	0.000324309636303	22.8397522805	16.340003549
3.65930181175	5.28977635783	0.529729680212	-0.0	-0.0	0.0125746587867	0.379506405719	0.000318059523876	22.0639439613	15.114672591
3.64604507291	5.2784	0.545994060071	-0.0	-0.0	0.0121117381733	0.37979357852	0.000310675239661	21.2133410839	13.811239316
3.62881131242	5.26788578762	0.564326000487	-0.0	-0.0	0.0115982158533	0.380111986598	0.00030267461823	20.2875030618	12.4568096547
3.61025187804	5.25611325611	0.583895362993	-0.0	-0.0	0.0110636225333	0.380443286026	0.000294342883697	19.343697148	11.138993239
3.5881573133	5.2330754352	0.608666713368	-0.0	-0.0	0.0104102220533	0.380847972455	0.000284098473919	18.2208053934	9.64727393771
3.55368979231	5.2153746351	0.638667567825	-0.0	-0.0	0.00965482125333	0.381315503783	0.000272982239482	16.9670889422	8.07622833168
3.53557224923	5.1975308642	0.669387920242	-0.0	-0.0	0.00892951114667	0.381764079203	0.000261185229811	15.8075376368	6.70371585445
