# f
4.06910549
4.290341616
4.511577742
4.732813868
4.954049994
5.17528612
5.396522246
5.617758372
5.838994498
6.060230624
6.28146675
6.502702876000001
6.723939002
6.945175128000001
7.166411254
7.387647380000001
7.608883506
7.830119632000001
8.051355758
8.272591884
8.493828010000001
8.715064136
8.936300262
9.157536388
9.378772514000001
9.60000864
9.821244766
10.042480892
10.263717018000001
10.484953144
10.70618927
10.927425396
11.148661522000001
11.369897648
11.591133774
11.8123699
12.033606026000001
12.254842152
12.476078278000001
12.697314404
12.918550530000001
13.139786656
13.361022782000001
13.582258908
13.803495034
14.02473116
14.245967286
14.467203412
14.688439538
14.909675664
15.13091179
15.352147916
15.573384042
15.794620168
16.015856294000002
16.23709242
16.458328546
16.679564671999998
16.900800798
17.122036924
17.34327305
17.564509176
17.785745302000002
18.006981428
18.228217554
18.44945368
18.670689806
18.891925932
19.113162058
19.334398184
19.555634310000002
19.776870436000003
19.998106562
20.219342687999998
20.440578814
20.66181494
20.883051066
21.104287192
21.325523318000002
21.546759444000003
21.767995570000004
21.989231695999997
22.210467822
22.431703948
22.652940074
22.8741762
23.095412326
23.316648452000003
23.537884578000003
23.759120703999997
23.980356829999998
24.201592956
24.422829082
24.644065208
24.865301334
25.086537460000002
25.307773586000003
25.529009712000004
25.750245837999998
25.971481964
