# f
5.51418619
5.708388073
5.902589956
6.096791839
6.2909937220000005
6.485195605
6.679397488
6.873599371
7.067801254
7.262003137000001
7.4562050200000005
7.650406903
7.844608786
8.038810669
8.233012552
8.427214435
8.621416318
8.815618201
9.009820084000001
9.204021967
9.39822385
9.592425732999999
9.786627616
9.980829499
10.175031382
10.369233265
10.563435148
10.757637031
10.951838914
11.146040797000001
11.34024268
11.534444563000001
11.728646445999999
11.922848329
12.117050211999999
12.311252095
12.505453978
12.699655861
12.893857744
13.088059627
13.28226151
13.476463393
13.670665276
13.864867159
14.059069041999999
14.253270925
14.447472808
14.641674691
14.835876574
15.030078457
15.22428034
15.418482223
15.612684106
15.806885989
16.001087872
16.195289754999997
16.389491638
16.583693521
16.777895404
16.972097287
17.166299170000002
17.360501053
17.554702935999998
17.748904819
17.943106702
18.137308585
18.331510467999998
18.525712351
18.719914234
18.914116117
19.108317999999997
19.302519883000002
19.496721766
19.690923649
19.885125532
20.079327415
20.273529298
20.467731180999998
20.661933064
20.856134947
21.05033683
21.244538712999997
21.438740596
21.632942479
21.827144362
22.021346245
22.215548128
22.409750011
22.603951893999998
22.798153777
22.99235566
23.186557543
23.380759426
23.574961309
23.769163192
23.963365075
24.157566958
24.351768841
24.545970724
24.740172606999998
