# f
5.15921162
5.359422846999999
5.559634074
5.7598453009999995
5.960056528
6.160267755
6.360478982
6.560690209
6.760901435999999
6.961112663
7.16132389
7.361535117
7.5617463439999995
7.761957571
7.9621687979999995
8.162380025
8.362591252
8.562802479
8.763013705999999
8.963224933
9.16343616
9.363647387
9.563858614
9.764069841
9.964281067999998
10.164492294999999
10.364703522
10.564914749
10.765125976
10.965337203
11.16554843
11.365759657
11.565970883999999
11.766182110999999
11.966393338
12.166604565
12.366815792
12.567027019
12.767238246
12.967449472999999
13.167660699999999
13.367871927
13.568083154
13.768294381
13.968505608000001
14.168716834999998
14.368928061999998
14.569139288999999
14.769350516
14.969561743
15.16977297
15.369984197
15.570195423999998
15.770406650999998
15.970617877999999
16.170829105
16.371040332
16.571251559
16.771462786
16.971674012999998
17.171885239999998
17.372096467
17.572307694
17.772518921
17.972730148
18.172941375
18.373152601999998
18.573363828999998
18.773575056
18.973786283
19.17399751
19.374208737
19.574419964
19.774631190999997
19.974842417999998
20.175053645
20.375264872
20.575476099
20.775687326
20.975898553
21.17610978
21.376321007
21.576532234
21.776743461
21.976954688
22.177165915
22.377377142
22.577588369
22.777799596
22.978010822999998
23.17822205
23.378433277
23.578644504
23.778855731
23.979066958
24.179278185
24.379489411999998
24.579700639
24.779911866
24.980123093
