# f
5.7933101
5.990066937
6.1868237740000005
6.383580611
6.580337448
6.777094285
6.973851122
7.170607959
7.367364796
7.564121633
7.76087847
7.957635307
8.154392144
8.351148981
8.547905818
8.744662654999999
8.941419492
9.138176329
9.334933165999999
9.531690003
9.72844684
9.925203676999999
10.121960514000001
10.318717351
10.515474187999999
10.712231025000001
10.908987862
11.105744698999999
11.302501536000001
11.499258373
11.696015209999999
11.892772047000001
12.089528884
12.286285720999999
12.483042558000001
12.679799395
12.876556231999999
13.073313069000001
13.270069906
13.466826742999999
13.663583580000001
13.860340417
14.057097253999999
14.253854091000001
14.450610928
14.647367764999998
14.844124602
15.040881439
15.237638275999998
15.434395113
15.63115195
15.827908786999998
16.024665624
16.221422461
16.418179298
16.614936135
16.811692972
17.008449809
17.205206646
17.401963483
17.598720319999998
17.795477157
17.992233994
18.188990830999998
18.385747668
18.582504505
18.779261341999998
18.976018179
19.172775016
19.369531852999998
19.56628869
19.763045527
19.959802363999998
20.156559201
20.353316038
20.550072874999998
20.746829712
20.943586549
21.140343385999998
21.337100223
21.53385706
21.730613896999998
21.927370734
22.124127571
22.320884407999998
22.517641245
22.714398082
22.911154918999998
23.107911756
23.304668593
23.501425429999998
23.698182267
23.894939104
24.091695940999998
24.288452778
24.485209615
24.681966451999998
24.878723289
25.075480126
25.272236962999997
