# f
4.21733533
4.441617952
4.665900574
4.890183196
5.114465818
5.33874844
5.563031062
5.787313684
6.0115963059999995
6.235878928
6.4601615500000005
6.684444172
6.908726794
7.133009416
7.357292038
7.581574659999999
7.805857282
8.030139904
8.254422525999999
8.478705148
8.70298777
8.927270392
9.151553014000001
9.375835636
9.600118257999998
9.824400879999999
10.048683502
10.272966124
10.497248746
10.721531368
10.94581399
11.170096612
11.394379233999999
11.618661856
11.842944478
12.0672271
12.291509722
12.515792344000001
12.740074965999998
12.964357587999999
13.188640209999999
13.412922832
13.637205454
13.861488076
14.085770698000001
14.310053319999998
14.534335941999998
14.758618563999999
14.982901186
15.207183808
15.43146643
15.655749052
15.880031673999998
16.104314296
16.328596918
16.55287954
16.777162162
17.001444784
17.225727406
17.450010027999998
17.674292649999998
17.898575272
18.122857894
18.347140516
18.571423138
18.79570576
19.019988381999998
19.244271003999998
19.468553626
19.692836248
19.91711887
20.141401492
20.365684114
20.589966736
20.814249358
21.03853198
21.262814602
21.487097224
21.711379846
21.935662468
22.15994509
22.384227712
22.608510333999998
22.832792956
23.057075578
23.2813582
23.505640822
23.729923444
23.954206066
24.178488687999998
24.40277131
24.627053932
24.851336554
25.075619176
25.299901798
25.52418442
25.748467041999998
25.972749664
26.197032286
26.421314908
