# f
4.36791309
4.586105157
4.804297224
5.022489291
5.240681358
5.458873425
5.6770654920000005
5.895257559
6.1134496259999995
6.331641693
6.54983376
6.768025827
6.986217894
7.204409961
7.422602028
7.640794095
7.858986162
8.077178229
8.295370296
8.513562363
8.731754429999999
8.949946497
9.168138564
9.386330631
9.604522698
9.822714765
10.040906832000001
10.259098899
10.477290966
10.695483032999999
10.913675099999999
11.131867167
11.350059234
11.568251301
11.786443368
12.004635435
12.222827502
12.441019569
12.659211636
12.877403702999999
13.09559577
13.313787837
13.531979904
13.750171971
13.968364037999999
14.186556105
14.404748172
14.622940239
14.841132306
15.059324372999999
15.27751644
15.495708507
15.713900574
15.932092640999999
16.150284708
16.368476774999998
16.586668842
16.804860909
17.023052976
17.241245043
17.45943711
17.677629177
17.895821243999997
18.114013311
18.332205377999998
18.550397445
18.768589512
18.986781579
19.204973646
19.423165713
19.64135778
19.859549846999997
20.077741914
20.295933980999997
20.514126048
20.732318114999998
20.950510182000002
21.168702249
21.386894315999996
21.605086383
21.823278449999997
22.041470517
22.259662583999997
22.477854651
22.696046717999998
22.914238785000002
23.132430852
23.350622918999996
23.568814986
23.787007052999996
24.00519912
24.223391186999997
24.441583254
24.659775320999998
24.877967388000002
25.096159455
25.314351522000003
25.532543589
25.750735655999996
25.968927723
