# f
4.08698532
4.306932794
4.526880268
4.746827742
4.966775216
5.18672269
5.406670164
5.626617638
5.846565112
6.066512586
6.28646006
6.506407534
6.7263550080000005
6.946302482
7.166249956
7.38619743
7.606144904000001
7.826092378
8.046039852
8.265987326000001
8.485934799999999
8.705882274
8.925829748
9.145777222
9.365724696000001
9.58567217
9.805619644
10.025567118000001
10.245514592
10.465462066
10.68540954
10.905357014
11.125304488000001
11.345251961999999
11.565199436
11.78514691
12.005094384
12.225041858
12.444989332
12.664936806
12.88488428
13.104831754000001
13.324779228
13.544726702
13.764674176
13.984621650000001
14.204569124
14.424516598
14.644464072
14.864411546
15.08435902
15.304306494
15.524253968
15.744201442
15.964148916000001
16.18409639
16.404043864000002
16.623991338
16.843938812
17.063886286
17.28383376
17.503781234
17.723728708000003
17.943676182
18.163623656
18.38357113
18.603518604
18.823466078000003
19.043413552
19.263361026
19.4833085
19.703255974
19.923203448000002
20.143150922
20.363098396
20.58304587
20.802993344
21.022940818000002
21.242888292
21.462835766
21.68278324
21.902730714
22.122678188000002
22.342625662
22.562573136
22.78252061
23.002468084
23.222415558
23.442363032
23.662310506
23.882257980000002
24.102205454
24.322152928
24.542100402
24.762047876
24.981995350000002
25.201942824
25.421890298
25.641837772
25.861785246
