# f
5.38871272
5.594177541
5.799642362
6.005107183
6.210572004
6.416036825
6.6215016460000005
6.826966467
7.032431288
7.237896109
7.44336093
7.648825751
7.854290572
8.059755393
8.265220214
8.470685034999999
8.676149856
8.881614677
9.087079498
9.292544319
9.49800914
9.703473961
9.908938782
10.114403603
10.319868424
10.525333244999999
10.730798066
10.936262887
11.141727708
11.347192529
11.55265735
11.758122171
11.963586992
12.169051813
12.374516633999999
12.579981454999999
12.785446276
12.990911097
13.196375918
13.401840739
13.60730556
13.812770381
14.018235202
14.223700023
14.429164843999999
14.634629664999999
14.840094485999998
15.045559307000001
15.251024128000001
15.456488949
15.66195377
15.867418591
16.072883412
16.278348233
16.483813054
16.689277875
16.894742695999998
17.100207517
17.305672338
17.511137159
17.71660198
17.922066801
18.127531622
18.332996443
18.538461264
18.743926085
18.949390905999998
19.154855727
19.360320548
19.565785369
19.77125019
19.976715011
20.182179832
20.387644653
20.593109474
20.798574294999998
21.004039115999998
21.209503937
21.414968758
21.620433579
21.8258984
22.031363221
22.236828042
22.442292863
22.647757684000002
22.853222505
23.058687326
23.264152147
23.469616968
23.675081789
23.88054661
24.086011431
24.291476252
24.496941073
24.702405894
24.907870715
25.113335536
25.318800357
25.524265178
25.729729999
