# f
4.25408996
4.477321979
4.700553998
4.923786017
5.147018036
5.370250055
5.593482074
5.816714093
6.039946112
6.263178131
6.48641015
6.709642169
6.9328741879999995
7.1561062070000006
7.379338226
7.602570245
7.825802264
8.049034283000001
8.272266302
8.495498321
8.71873034
8.941962359
9.165194377999999
9.388426397
9.611658416000001
9.834890435
10.058122454
10.281354473
10.504586492
10.727818510999999
10.95105053
11.174282549
11.397514568
11.620746587
11.843978606
12.067210625000001
12.290442644
12.513674663
12.736906682
12.960138701
13.183370720000001
13.406602739
13.629834758
13.853066777
14.076298796
14.299530815
14.522762834
14.745994853000001
14.969226872
15.192458891
15.41569091
15.638922929
15.862154948
16.085386966999998
16.308618986
16.531851005
16.755083024
16.978315043000002
17.201547062
17.424779081
17.648011099999998
17.871243119
18.094475138
18.317707157
18.540939176000002
18.764171195
18.987403214
19.210635232999998
19.433867252
19.657099271
19.88033129
20.103563309000002
20.326795328000003
20.550027346999997
20.773259365999998
20.996491385
21.219723404
21.442955423
21.666187442000002
21.889419461000003
22.112651480000004
22.335883498999998
22.559115518
22.782347537
23.005579556
23.228811575
23.452043594000003
23.675275613000004
23.898507631999998
24.121739651
24.34497167
24.568203689
24.791435708
25.014667727000003
25.237899746000004
25.461131764999998
25.684363784
25.907595803
26.130827822
26.354059841
