# f
5.57456412
5.785632089
5.996700058
6.207768027
6.418835995999999
6.629903965
6.840971934
7.052039903
7.263107872
7.474175840999999
7.685243809999999
7.8963117789999995
8.107379748
8.318447717
8.529515686
8.740583655
8.951651624
9.162719593
9.373787562
9.584855530999999
9.7959235
10.006991468999999
10.218059438000001
10.429127407
10.640195376
10.851263345
11.062331314
11.273399283
11.484467252
11.695535221
11.906603189999998
12.117671159
12.328739127999999
12.539807097
12.750875065999999
12.961943035000001
13.173011004
13.384078973
13.595146942
13.806214911
14.01728288
14.228350849
14.439418818
14.650486787
14.861554756
15.072622724999999
15.283690693999999
15.494758662999999
15.705826631999999
15.916894601
16.12796257
16.339030539
16.550098507999998
16.761166477
16.972234446
17.183302415
17.394370384
17.605438353
17.816506322
18.027574291
18.23864226
18.449710228999997
18.660778198
18.871846167
19.082914136
19.293982104999998
19.505050074
19.716118043
19.927186012
20.138253981
20.34932195
20.560389919
20.771457888
20.982525857
21.193593825999997
21.404661795
21.615729764
21.826797733
22.037865701999998
22.248933670999996
22.46000164
22.671069609
22.882137578
23.093205546999997
23.304273516000002
23.515341485
23.726409454
23.937477422999997
24.148545392000003
24.359613361
24.57068133
24.781749298999998
24.992817267999996
25.203885237
25.414953206
25.626021174999998
25.837089143999997
26.048157113000002
26.259225082
26.470293051
