# f
3.63781855
3.870933764
4.104048978
4.3371641919999995
4.570279406
4.80339462
5.036509834
5.269625048
5.502740262
5.735855475999999
5.96897069
6.2020859040000005
6.435201118
6.668316332
6.9014315459999995
7.134546759999999
7.367661974
7.600777188
7.833892402
8.067007616
8.30012283
8.533238043999999
8.766353258
8.999468472
9.232583686
9.4656989
9.698814114
9.931929327999999
10.165044542
10.398159756
10.63127497
10.864390184
11.097505398
11.330620611999999
11.563735826
11.79685104
12.029966254
12.263081468
12.496196682
12.729311896
12.96242711
13.195542324
13.428657538
13.661772752
13.894887966
14.12800318
14.361118394
14.594233608
14.827348822
15.060464035999999
15.29357925
15.526694464
15.759809678
15.992924892
16.226040106
16.459155319999997
16.692270534
16.925385748
17.158500961999998
17.391616176
17.624731389999997
17.857846604
18.090961818
18.324077031999998
18.557192246
18.790307459999998
19.023422674
19.256537888
19.489653102
19.722768315999996
19.955883529999998
20.188998744
20.422113957999997
20.655229172
20.888344385999996
21.121459599999998
21.354574814
21.587690027999997
21.820805242
22.053920455999997
22.287035669999998
22.520150883999996
22.753266097999997
22.986381312
23.219496525999997
23.45261174
23.685726953999996
23.918842167999998
24.151957382
24.385072595999997
24.61818781
24.851303023999996
25.084418237999998
25.317533451999996
25.550648665999997
25.78376388
26.016879093999997
26.249994307999998
26.483109521999996
26.716224735999997
