# f
3.67132848
3.8994320470000003
4.127535614
4.355639181
4.583742748000001
4.811846315
5.039949882
5.268053449
5.496157016
5.7242605829999995
5.95236415
6.180467717000001
6.408571284000001
6.636674851
6.864778418
7.092881985
7.320985552
7.549089119
7.777192685999999
8.005296253000001
8.23339982
8.461503387
8.689606954
8.917710521
9.145814088
9.373917655
9.602021222
9.830124789000001
10.058228356
10.286331923
10.51443549
10.742539057
10.970642624
11.198746191
11.426849758
11.654953325000001
11.883056891999999
12.111160459
12.339264026
12.567367593
12.79547116
13.023574727
13.251678294
13.479781861
13.707885428
13.935988995
14.164092562
14.392196129
14.620299696
14.848403263
15.07650683
15.304610397
15.532713964
15.760817531
15.988921098
16.217024665
16.445128232000002
16.673231799
16.901335366
17.129438933
17.3575425
17.585646067000003
17.813749634
18.041853201000002
18.269956768
18.498060335
18.726163902
18.954267469
19.182371036
19.410474603
19.638578170000002
19.866681737
20.094785304
20.322888871
20.550992438
20.779096005
21.007199572
21.235303139
21.463406706
21.691510273
21.91961384
22.147717407000002
22.375820974
22.603924541
22.832028108
23.060131675
23.288235242
23.516338809
23.744442376000002
23.972545943
24.20064951
24.428753077
24.656856644
24.884960211
25.113063778
25.341167345
25.569270912
25.797374479000002
26.025478046
26.253581613
