# f
4.67274415
4.885570435
5.09839672
5.3112230049999996
5.52404929
5.736875575
5.949701859999999
6.162528145
6.37535443
6.588180715
6.801007
7.013833285
7.22665957
7.439485855
7.652312139999999
7.865138425
8.07796471
8.290790995
8.50361728
8.716443564999999
8.92926985
9.142096135
9.35492242
9.567748705
9.78057499
9.993401275
10.20622756
10.419053845
10.631880129999999
10.844706415000001
11.0575327
11.270358985
11.48318527
11.696011555
11.90883784
12.121664124999999
12.33449041
12.547316695
12.76014298
12.972969265
13.18579555
13.398621835
13.61144812
13.824274405
14.037100689999999
14.249926975
14.46275326
14.675579545
14.88840583
15.101232115
15.3140584
15.526884685
15.73971097
15.952537255
16.16536354
16.378189825
16.591016109999998
16.803842395
17.016668680000002
17.229494965
17.44232125
17.655147534999998
17.86797382
18.080800105
18.29362639
18.506452675
18.71927896
18.932105245000002
19.14493153
19.357757815
19.570584099999998
19.783410385
19.996236670000002
20.209062955
20.42188924
20.634715525
20.84754181
21.060368095
21.27319438
21.486020665
21.69884695
21.911673235
22.12449952
22.337325805
22.55015209
22.762978375
22.97580466
23.188630945
23.40145723
23.614283515
23.8271098
24.039936085
24.25276237
24.465588655
24.67841494
24.891241225
25.10406751
25.316893795
25.52972008
25.742546365
