# f
4.89446621
5.1079876650000005
5.32150912
5.535030575
5.74855203
5.962073485
6.17559494
6.389116395
6.60263785
6.816159305
7.02968076
7.243202215
7.456723670000001
7.670245125
7.88376658
8.097288035
8.31080949
8.524330944999999
8.7378524
8.951373855
9.16489531
9.378416765
9.59193822
9.805459675
10.01898113
10.232502584999999
10.446024040000001
10.659545495
10.87306695
11.086588405
11.30010986
11.513631315
11.72715277
11.940674225
12.15419568
12.367717135
12.58123859
12.794760045
13.008281499999999
13.221802955000001
13.43532441
13.648845864999998
13.86236732
14.075888775
14.289410230000001
14.502931685
14.716453139999999
14.929974595000001
15.14349605
15.357017505000002
15.57053896
15.784060414999999
15.997581870000001
16.211103325
16.42462478
16.638146235
16.85166769
17.065189145
17.2787106
17.492232055
17.70575351
17.919274965
18.13279642
18.346317875
18.55983933
18.773360785
18.98688224
19.200403695
19.41392515
19.627446605
19.84096806
20.054489515
20.26801097
20.481532425
20.69505388
20.908575335000002
21.12209679
21.335618245
21.5491397
21.762661155
21.976182610000002
22.189704065
22.40322552
22.616746975
22.83026843
23.043789885000002
23.25731134
23.470832795
23.684354250000002
23.897875705
24.11139716
24.324918615
24.53844007
24.751961525000002
24.96548298
25.179004435
25.39252589
25.606047345
25.819568800000003
26.033090255
