# f
6.17713173
6.369775687
6.562419644
6.755063601
6.947707558
7.140351515
7.332995472
7.525639429
7.718283386
7.910927343
8.1035713
8.296215257
8.488859214
8.681503171
8.874147128
9.066791085
9.259435042
9.452078999000001
9.644722956
9.837366913
10.03001087
10.222654827
10.415298784
10.607942741
10.800586698
10.993230655000001
11.185874612
11.378518569
11.571162526
11.763806483
11.956450440000001
12.149094397
12.341738354
12.534382311
12.727026268
12.919670225
13.112314182
13.304958139
13.497602096000001
13.690246053
13.88289001
14.075533967
14.268177924
14.460821881000001
14.653465837999999
14.846109795
15.038753752000002
15.231397709
15.424041666
15.616685622999999
15.80932958
16.001973537
16.194617494
16.387261451
16.579905408000002
16.772549365
16.965193322
17.157837279
17.350481236
17.543125193
17.73576915
17.928413107
18.121057064000002
18.313701021
18.506344978
18.698988935
18.891632892
19.084276849000002
19.276920806
19.469564763
19.66220872
19.854852677
20.047496634
20.240140591
20.432784548
20.625428505000002
20.818072462
21.010716419
21.203360376
21.396004333
21.588648290000002
21.781292247
21.973936204
22.166580161
22.359224118
22.551868074999998
22.744512032
22.937155989
23.129799946
23.322443903
23.51508786
23.707731817
23.900375774
24.093019731
24.285663688
24.478307645
24.670951602
24.863595559
25.056239515999998
25.248883473
