# f
5.01919269
5.221634449
5.424076208
5.626517967
5.828959726
6.031401485
6.233843243999999
6.436285003
6.638726761999999
6.841168521
7.043610279999999
7.246052039
7.448493797999999
7.6509355569999995
7.8533773159999996
8.055819074999999
8.258260834
8.460702593
8.663144352
8.865586110999999
9.06802787
9.270469629
9.472911388
9.675353147
9.877794905999998
10.080236665
10.282678424
10.485120183
10.687561941999999
10.890003701
11.09244546
11.294887219
11.497328977999999
11.699770737
11.902212496
12.104654255
12.307096013999999
12.509537773
12.711979532
12.914421291
13.11686305
13.319304808999998
13.521746568000001
13.724188327
13.926630086
14.129071844999999
14.331513604000001
14.533955363
14.736397122
14.938838880999999
15.141280639999998
15.343722399
15.546164158
15.748605916999999
15.951047675999998
16.153489435
16.355931194
16.558372953
16.760814712
16.963256471
17.16569823
17.368139989
17.570581748
17.773023507
17.975465266
18.177907025
18.380348784
18.582790542999998
18.785232302
18.987674061
19.19011582
19.392557578999998
19.594999338
19.797441097
19.999882856
20.202324615
20.404766374
20.607208133
20.809649892
21.012091651
21.21453341
21.416975169
21.619416928
21.821858687
22.024300446
22.226742205
22.429183964
22.631625723
22.834067482000002
23.036509241
23.238951
23.441392759
23.643834518000002
23.846276277
24.048718036
24.251159795
24.453601554
24.656043313
24.858485072
25.060926831
