# f
5.44330915
5.643723621
5.844138092000001
6.044552563
6.244967034
6.445381505
6.6457959760000005
6.846210447000001
7.046624918
7.247039389
7.44745386
7.647868331
7.848282802
8.048697273
8.249111744
8.449526215
8.649940686
8.850355157000001
9.050769628000001
9.251184099
9.451598570000002
9.652013041
9.852427512
10.052841983
10.253256454
10.453670925
10.654085396
10.854499867000001
11.054914338
11.255328809000002
11.45574328
11.656157751
11.856572222
12.056986693
12.257401164000001
12.457815635
12.658230106000001
12.858644577
13.059059048000002
13.259473519
13.459887990000002
13.660302461
13.860716931999999
14.061131403000001
14.261545874
14.461960345000001
14.662374816
14.862789287000002
15.063203758
15.263618229000002
15.4640327
15.664447170999999
15.864861642000001
16.065276113
16.265690584
16.466105055
16.666519526000002
16.866933997
17.067348468000002
17.267762939
17.46817741
17.668591881
17.869006352
18.069420823
18.269835294
18.470249765000002
18.670664236
18.871078707000002
19.071493178
19.271907649
19.47232212
19.672736591
19.873151062
20.073565533
20.273980004000002
20.474394475
20.674808946000002
20.875223417
21.075637888
21.276052359
21.476466830000003
21.676881301
21.877295772000004
22.077710243000002
22.278124714
22.478539185000002
22.678953656
22.879368127000003
23.079782598
23.280197069000003
23.48061154
23.681026011000004
23.881440482000002
24.081854953
24.282269424000003
24.482683895
24.683098366000003
24.883512837
25.083927308000003
25.284341779000002
