# f
5.26927212
5.468274186
5.667276252
5.866278318
6.065280384
6.2642824500000005
6.463284516
6.662286582
6.861288648
7.060290714000001
7.25929278
7.458294846
7.657296912
7.856298978
8.055301044
8.25430311
8.453305176
8.652307242
8.851309308000001
9.050311374
9.24931344
9.448315506
9.647317572
9.846319638
10.045321704
10.244323770000001
10.443325836
10.642327902
10.841329968
11.040332034
11.2393341
11.438336166
11.637338232000001
11.836340298
12.035342364
12.23434443
12.433346496
12.632348562
12.831350628
13.030352694000001
13.22935476
13.428356826
13.627358892
13.826360958
14.025363024
14.224365090000001
14.423367156000001
14.622369222
14.821371288
15.020373354
15.21937542
15.418377486
15.617379552000001
15.816381618000001
16.015383684
16.214385749999998
16.413387816
16.612389882000002
16.811391948
17.010394014
17.20939608
17.408398146
17.607400212
17.806402278
18.005404344
18.20440641
18.403408476000003
18.602410542
18.801412608
19.000414673999998
19.19941674
19.398418806000002
19.597420872
19.796422938
19.995425004
20.19442707
20.393429136
20.592431202
20.791433268
20.990435334
21.189437400000003
21.388439466
21.587441532
21.786443598
21.985445664
22.184447730000002
22.383449796
22.582451862
22.781453928
22.980455994
23.17945806
23.378460126
23.577462192000002
23.776464258
23.975466324
24.17446839
24.373470456
24.572472522
24.771474588
24.970476654000002
