# f
4.31503863
4.5361410950000005
4.75724356
4.9783460250000005
5.19944849
5.420550955
5.64165342
5.862755885
6.08385835
6.304960815
6.526063280000001
6.747165745
6.96826821
7.189370675
7.410473140000001
7.631575605
7.85267807
8.073780535000001
8.294883
8.515985465
8.737087930000001
8.958190394999999
9.17929286
9.400395325
9.62149779
9.842600255
10.06370272
10.284805185
10.505907650000001
10.727010114999999
10.94811258
11.169215045
11.39031751
11.611419975
11.83252244
12.053624905
12.27472737
12.495829835
12.7169323
12.938034765
13.15913723
13.380239695
13.60134216
13.822444625
14.04354709
14.264649555
14.48575202
14.706854485
14.92795695
15.149059415
15.37016188
15.591264345
15.81236681
16.033469275
16.25457174
16.475674205
16.69677667
16.917879135
17.1389816
17.360084065000002
17.58118653
17.802288994999998
18.02339146
18.244493925
18.46559639
18.686698855
18.90780132
19.128903785
19.35000625
19.571108715
19.792211180000002
20.013313645
20.234416109999998
20.455518575
20.67662104
20.897723505
21.11882597
21.339928435
21.5610309
21.782133365
22.00323583
22.224338295
22.44544076
22.666543225
22.88764569
23.108748155
23.32985062
23.550953085
23.77205555
23.993158015
24.21426048
24.435362945
24.65646541
24.877567875
25.098670339999998
25.319772805
25.54087527
25.761977735
25.9830802
26.204182665
