# f
4.5472144
4.761952035999999
4.976689672
5.191427308
5.4061649439999995
5.620902579999999
5.835640216
6.050377852
6.265115487999999
6.479853124
6.69459076
6.909328395999999
7.124066032
7.338803668
7.5535413039999995
7.76827894
7.983016576
8.197754212
8.412491848
8.627229484
8.84196712
9.056704756
9.271442392
9.486180028
9.700917664
9.915655300000001
10.130392936
10.345130571999999
10.559868208000001
10.774605844
10.989343479999999
11.204081116000001
11.418818752
11.633556387999999
11.848294024000001
12.06303166
12.277769295999999
12.492506932000001
12.707244568
12.921982204
13.13671984
13.351457476
13.566195112
13.780932748
13.995670384
14.210408020000001
14.425145656
14.639883292
14.854620928000001
15.069358564
15.2840962
15.498833836
15.713571472
15.928309108
16.143046744
16.35778438
16.572522016
16.787259652
17.001997288
17.216734924
17.43147256
17.646210196
17.860947832
18.075685468
18.290423104
18.50516074
18.719898376
18.934636012
19.149373648
19.364111284
19.57884892
19.793586556
20.008324192
20.223061828
20.437799464
20.652537100000004
20.867274736
21.082012372
21.296750008000004
21.511487644
21.72622528
21.940962916000004
22.155700552
22.370438188
22.585175824000004
22.79991346
23.014651096
23.229388732000004
23.444126368
23.658864004
23.873601640000004
24.088339276
24.303076912
24.517814548000004
24.732552184
24.94728982
25.162027456000004
25.376765092
25.591502728000002
25.806240363999997
