# f
5.63126134
5.823184526
6.015107712
6.207030898
6.398954084
6.59087727
6.782800456
6.974723642
7.166646828
7.358570014
7.5504932
7.742416386
7.934339572
8.126262758
8.318185944
8.51010913
8.702032316
8.893955502
9.085878688
9.277801874
9.46972506
9.661648245999999
9.853571431999999
10.045494618
10.237417804
10.42934099
10.621264176
10.813187362
11.005110548000001
11.197033734
11.38895692
11.580880105999999
11.772803291999999
11.964726478
12.156649664
12.34857285
12.540496036
12.732419222
12.924342408000001
13.116265594
13.30818878
13.500111965999999
13.692035151999999
13.883958338
14.075881524
14.26780471
14.459727896
14.651651081999999
14.843574268
15.035497454
15.22742064
15.419343826
15.611267011999999
15.803190198
15.995113384
16.18703657
16.378959756
16.570882941999997
16.762806128
16.954729313999998
17.146652500000002
17.338575686
17.530498872
17.722422058
17.914345244
18.10626843
18.298191616
18.490114802
18.682037987999998
18.873961174
19.06588436
19.257807546000002
19.449730732
19.641653918
19.833577104
20.02550029
20.217423476
20.409346661999997
20.601269848
20.793193033999998
20.985116220000002
21.177039406
21.368962592
21.560885778
21.752808963999996
21.94473215
22.136655335999997
22.328578522
22.520501707999998
22.712424894
22.90434808
23.096271266000002
23.288194452
23.480117638000003
23.672040824
23.863964009999997
24.055887196
24.247810381999997
24.439733568
24.631656753999998
