# f
5.1858008
5.393593139
5.601385478
5.809177817
6.016970156
6.224762495
6.432554833999999
6.640347173
6.8481395119999995
7.055931851
7.26372419
7.4715165290000005
7.679308868
7.887101207
8.094893546
8.302685884999999
8.510478224
8.718270563
8.926062902
9.133855241
9.34164758
9.549439919000001
9.757232258
9.965024597
10.172816936
10.380609275
10.588401613999999
10.796193953
11.003986292
11.211778631
11.419570969999999
11.627363309
11.835155648
12.042947987
12.250740325999999
12.458532665
12.666325004
12.874117343
13.081909682
13.289702021
13.497494360000001
13.705286698999998
13.913079038
14.120871377
14.328663716000001
14.536456054999999
14.744248394
14.952040733
15.159833071999998
15.367625410999999
15.57541775
15.783210089
15.991002427999998
16.198794767
16.406587106
16.614379445
16.822171784
17.029964123
17.237756462
17.445548801
17.65334114
17.861133479
18.068925818
18.276718157
18.484510496
18.692302835
18.900095174
19.107887512999998
19.315679852
19.523472191
19.73126453
19.939056868999998
20.146849208
20.354641547
20.562433886
20.770226225
20.978018564
21.185810903
21.393603241999998
21.601395581
21.80918792
22.016980258999997
22.224772597999998
22.432564937
22.640357276
22.848149614999997
23.055941953999998
23.263734293
23.471526632
23.679318970999997
23.887111309999998
24.094903649
24.302695988
24.510488326999997
24.718280666
24.926073005
25.133865343999997
25.341657682999998
25.549450022
25.757242361
