# f
5.2334192
5.432093676
5.630768152
5.829442628
6.028117104
6.22679158
6.425466056
6.624140532
6.822815008
7.021489484
7.22016396
7.418838436
7.6175129120000005
7.8161873879999995
8.014861864
8.213536340000001
8.412210816
8.610885291999999
8.809559768
9.008234244
9.20690872
9.405583196
9.604257672
9.802932148
10.001606624
10.2002811
10.398955575999999
10.597630052
10.796304528
10.994979004000001
11.19365348
11.392327955999999
11.591002432
11.789676908
11.988351384
12.187025859999999
12.385700336
12.584374812
12.783049288
12.981723764
13.180398239999999
13.379072716
13.577747192
13.776421668
13.975096144
14.173770619999999
14.372445096
14.571119571999999
14.769794048
14.968468524
15.167143
15.365817476
15.564491952
15.763166428
15.961840903999999
16.16051538
16.359189856
16.557864332
16.756538808000002
16.955213284
17.15388776
17.352562235999997
17.551236711999998
17.749911188
17.948585664
18.14726014
18.345934616
18.544609092
18.743283568
18.941958044
19.140632519999997
19.339306995999998
19.537981472
19.736655948
19.935330424
20.1340049
20.332679376
20.531353852
20.730028328
20.928702803999997
21.127377279999997
21.326051756
21.524726232
21.723400708
21.922075184
22.120749659999998
22.319424136
22.518098612
22.716773088
22.915447564
23.114122039999998
23.312796516
23.511470992
23.710145468
23.908819943999998
24.10749442
24.306168896
24.504843372
24.703517848
24.902192323999998
