# f
5.24651593
5.445304532
5.644093134
5.842881736
6.041670338
6.24045894
6.439247542
6.638036144
6.8368247460000005
7.035613348
7.2344019500000005
7.433190552
7.631979154
7.830767756
8.029556358
8.228344960000001
8.427133562
8.625922164
8.824710766
9.023499368
9.22228797
9.421076572
9.619865174000001
9.818653776000001
10.017442378
10.21623098
10.415019582
10.613808184
10.812596786
11.011385388
11.210173990000001
11.408962592000002
11.607751194
11.806539796
12.005328398
12.204117
12.402905602
12.601694204000001
12.800482806000002
12.999271408
13.19806001
13.396848612
13.595637214
13.794425816
13.993214418
14.192003020000001
14.390791622000002
14.589580224000002
14.788368826
14.987157428
15.18594603
15.384734632
15.583523234000001
15.782311836000002
15.981100438000002
16.17988904
16.378677642
16.577466244
16.776254846
16.975043448
17.17383205
17.372620652000002
17.571409254000002
17.770197856
17.968986458
18.16777506
18.366563662
18.565352264
18.764140866
18.962929468000002
19.16171807
19.360506672
19.559295274
19.758083876
19.956872478
20.15566108
20.354449682000002
20.553238284000003
20.752026886
20.950815488
21.14960409
21.348392692
21.547181294
21.745969896000002
21.944758498000002
22.143547100000003
22.342335702000003
22.541124304
22.739912906
22.938701508
23.13749011
23.336278712000002
23.535067314000003
23.733855916000003
23.932644518000004
24.13143312
24.330221722
24.529010324
24.727798926000002
24.926587528000002
