# f
5.41124281
5.607242835
5.80324286
5.999242885
6.19524291
6.391242935
6.58724296
6.783242985
6.97924301
7.175243035
7.37124306
7.567243084999999
7.7632431099999994
7.9592431349999995
8.15524316
8.351243185
8.54724321
8.743243235
8.93924326
9.135243285
9.33124331
9.527243335
9.72324336
9.919243385
10.11524341
10.311243435
10.50724346
10.703243485
10.89924351
11.095243535
11.29124356
11.487243585
11.68324361
11.879243635
12.07524366
12.271243685
12.46724371
12.663243735
12.85924376
13.055243785
13.25124381
13.447243834999998
13.643243859999998
13.839243884999998
14.035243909999998
14.231243934999998
14.427243959999998
14.623243984999998
14.819244009999998
15.015244034999998
15.211244059999999
15.407244084999999
15.603244109999999
15.799244134999999
15.995244159999999
16.191244185
16.38724421
16.583244235
16.77924426
16.975244285
17.17124431
17.367244335
17.56324436
17.759244385
17.95524441
18.151244435
18.34724446
18.543244485
18.73924451
18.935244535
19.13124456
19.327244585
19.52324461
19.719244635
19.91524466
20.111244685
20.30724471
20.503244735
20.69924476
20.895244785
21.09124481
21.287244835
21.48324486
21.679244885
21.87524491
22.071244935
22.26724496
22.463244985
22.65924501
22.855245035
23.05124506
23.247245085
23.44324511
23.639245135
23.83524516
24.031245185
24.22724521
24.423245235
24.61924526
24.815245285
