# f
5.58076894
5.774426941
5.968084942
6.161742942999999
6.355400943999999
6.549058945
6.742716946
6.936374946999999
7.130032947999999
7.3236909489999995
7.51734895
7.711006951
7.904664951999999
8.098322953
8.291980954
8.485638954999999
8.679296956
8.872954957
9.066612958
9.260270959
9.453928959999999
9.647586960999998
9.841244962
10.034902963
10.228560964
10.422218964999999
10.615876965999998
10.809534967
11.003192968
11.196850969
11.390508969999999
11.584166970999998
11.777824972
11.971482973
12.165140974
12.358798975
12.552456975999998
12.746114977
12.939772978
13.133430979
13.32708898
13.520746980999998
13.714404981999998
13.908062983
14.101720984
14.295378985
14.489036985999999
14.682694986999998
14.876352988
15.070010989
15.26366899
15.457326990999999
15.650984991999998
15.844642993
16.038300994
16.231958995
16.425616996
16.619274996999998
16.812932998
17.006590999
17.200249
17.393907001
17.587565001999998
17.781223003
17.974881004
18.168539005
18.362197006
18.555855006999998
18.749513008
18.943171009
19.13682901
19.330487011
19.524145011999998
19.717803013
19.911461014
20.105119015
20.298777016
20.492435017
20.686093017999998
20.879751019
21.07340902
21.267067021
21.460725022
21.654383022999998
21.848041023999997
22.041699025
22.235357026
22.429015027
22.622673027999998
22.816331028999997
23.00998903
23.203647031
23.397305032
23.590963032999998
23.784621033999997
23.978279035
24.171937036
24.365595037
24.559253037999998
24.752911038999997
