# f
3.51529589
3.746810225
3.97832456
4.209838895
4.44135323
4.672867565
4.9043819
5.135896235
5.36741057
5.5989249050000005
5.8304392400000005
6.061953575
6.29346791
6.524982245
6.75649658
6.988010915
7.21952525
7.451039585
7.68255392
7.914068255
8.14558259
8.377096925
8.60861126
8.840125595
9.07163993
9.303154265
9.5346686
9.766182935
9.99769727
10.229211605
10.46072594
10.692240275
10.92375461
11.155268945
11.38678328
11.618297615
11.84981195
12.081326285
12.31284062
12.544354955
12.77586929
13.007383625
13.23889796
13.470412295
13.701926629999999
13.933440964999999
14.164955299999999
14.396469634999999
14.627983969999999
14.859498304999999
15.091012639999999
15.322526974999999
15.554041309999999
15.785555644999999
16.01706998
16.248584315
16.48009865
16.711612985
16.94312732
17.174641655
17.40615599
17.637670325
17.86918466
18.100698995
18.33221333
18.563727665
18.795242
19.026756334999998
19.258270669999998
19.489785004999998
19.72129934
19.952813675
20.18432801
20.415842345
20.64735668
20.878871015
21.11038535
21.341899685
21.57341402
21.804928355
22.03644269
22.267957025
22.49947136
22.730985695
22.96250003
23.194014365
23.4255287
23.657043035
23.88855737
24.120071705
24.35158604
24.583100375
24.81461471
25.046129045
25.27764338
25.509157715
25.74067205
25.972186385
26.20370072
26.435215055
