ID Probability CSE E_m nu 
 9 38.39 8.264     7.9556133050e+00     2.3486775446e-01 
10 26.15 11.244     7.9433945105e+00     2.2479243050e-01 
 0 17.46 13.694     7.9232860889e+00     2.6029646671e-01 
 2 6.69 18.239     7.9198163674e+00     1.5416478411e-01 
12 5.53 19.012     7.8942118369e+00     2.6621854496e-01 
 8 5.34 19.155     8.0553105758e+00     2.9133645969e-01 
 4 0.40 27.530     7.8581546260e+00     2.1067806436e-01 
 7 0.03 34.289     7.7841261400e+00     3.3356590980e-01 
11 0.00 39.758     7.7532227954e+00     3.1169926831e-01 
 6 0.00 40.612     7.7518384330e+00     2.9511948142e-01 
 3 0.00 45.727     7.7020495835e+00     3.3053549015e-01 
 5 0.00 56.388     8.1600187698e+00     3.3562844372e-01 
 1 0.00 81.043     8.2682400612e+00     1.2876913614e-01 
