# C		CN		K0		e_x		e_y		e_z		n		overlap		p		q
3.44277507733	5.25894665766	0.736489739108	-0.0	-0.0	1.87240000048e-07	0.386746167236	0.000130525545675	5.5856791952	1.78555923527
3.47193990278	5.26172922252	0.651552241287	-0.0	-0.0	0.000531443826667	0.386420285542	0.00013894008087	6.16414618699	2.79781000752
3.48917366328	5.2712996993	0.575285517662	-0.0	-0.0	0.00134984762667	0.385917924033	0.000152486693256	7.09222333353	4.20191183493
3.50243040212	5.26695478723	0.5346243275	-0.0	-0.0	0.00212068413333	0.385444384664	0.000165050773164	8.00066326123	5.39806664121
3.51701281485	5.26962570388	0.508995011818	-0.0	-0.0	0.00286652962667	0.384985850151	0.000176922864212	8.90983107962	6.50365678627
3.52850198851	5.26699669967	0.490641692855	-0.0	-0.0	0.00361248325333	0.384526906962	0.000188772801629	9.84889837352	7.59601312811
3.54043305347	5.26677631579	0.477551142106	-0.0	-0.0	0.00433858268	0.384079850017	0.00020014621702	10.7901260079	8.65011880174
3.55103844454	5.27042993108	0.467371682957	-0.0	-0.0	0.00503626472	0.383649983653	0.000211079337011	11.7236955571	9.68248142487
3.57357490057	5.28622832843	0.459424307607	-0.0	-0.0	0.00572674384	0.383224259876	0.000221110661415	12.67300387	10.7106695975
3.58683163942	5.28976531943	0.452560662931	-0.0	-0.0	0.00641326198667	0.38280068676	0.00023159758053	13.6448801963	11.7626275046
3.60671674768	5.29545454545	0.447124130916	-0.0	-0.0	0.00707321445333	0.38239323098	0.000241119189032	14.6018303068	12.7855463041
3.62439239947	5.3020698577	0.44244445771	-0.0	-0.0	0.00772982676	0.381987568742	0.000250702675324	15.5772687498	13.8234021975
3.65311533363	5.31083252973	0.438498184762	-0.0	-0.0	0.00836371930667	0.381595691077	0.000259092844399	16.5405089201	14.8442361441
3.66813963765	5.32039769083	0.435147096777	-0.0	-0.0	0.00898968749333	0.381208468471	0.000268266160515	17.5118323952	15.866395891
3.67918692002	5.32448	0.432268876	-0.0	-0.0	0.00960245564	0.380829176534	0.000277488835512	18.4822795549	16.8829491404
3.70083959346	5.33258999681	0.429510183969	-0.0	-0.0	0.01020852716	0.380453805627	0.000285785044695	19.4639881788	17.9191264822
3.71365444101	5.33280406478	0.427067180295	-0.0	-0.0	0.0108068733867	0.380082992586	0.000294607157019	20.4536122216	18.9606740035
3.72160848431	5.3355513308	0.424878640083	-0.0	-0.0	0.0114085767867	0.379709872673	0.00030381272039	21.4669963602	20.0233754002
3.73840035351	5.34598355471	0.422466032839	-0.0	-0.0	0.0121410528933	0.379255354377	0.000314431846253	22.725558808	21.3418949866
3.75209898365	5.35056746532	0.420731472369	-0.0	-0.0	0.0127213886267	0.378895009528	0.000322779917196	23.7408877837	22.4044949975
3.76977463544	5.35510204082	0.41919379081	-0.0	-0.0	0.0132863232	0.378544026713	0.000330500805389	24.7449379553	23.4531832473
3.78612461335	5.36454744754	0.417895765484	-0.0	-0.0	0.0138520024667	0.378192382504	0.000338279025013	25.7634470336	24.5077036706
3.79407865665	5.36039975016	0.416622984112	-0.0	-0.0	0.01442276032	0.377837387717	0.000346891906493	26.8086229402	25.593185075
3.80821917808	5.37367436057	0.41524694315	-0.0	-0.0	0.0150851648267	0.377425119849	0.000356408516581	28.0413228459	26.8734837766
3.82147591692	5.38535825545	0.414158118803	-0.0	-0.0	0.0156255701333	0.377088589413	0.000363989290321	29.0638090684	27.9384871651
3.832081308	5.39054726368	0.413135718835	-0.0	-0.0	0.0161585611733	0.376756491383	0.000371694535705	30.0863275569	29.0043264605
3.84622182943	5.39913097455	0.412246847797	-0.0	-0.0	0.01669558644	0.376421703985	0.000379080416032	31.1289165831	30.0841579621
3.84357048166	5.39832350202	0.41178632032	-0.0	-0.0	0.0169151308667	0.376284785817	0.000382949048426	31.5613553532	30.5414007991
3.84268669907	5.39664804469	0.412074563453	-0.0	-0.0	0.0169067821467	0.37628998267	0.000382868945739	31.5410116007	30.4971168327
3.84445426425	5.39757914339	0.412272630855	-0.0	-0.0	0.0168967420667	0.376296250913	0.00038250759282	31.5185688879	30.4585355493
3.84091913389	5.39826032929	0.412609128363	-0.0	-0.0	0.01688252576	0.376305121786	0.000382592025527	31.4863328176	30.3987499745
3.84224480778	5.39888164026	0.412858068019	-0.0	-0.0	0.0168722147467	0.376311552679	0.000382266813142	31.4629580634	30.3550288325
3.83915156871	5.3983840895	0.413274785689	-0.0	-0.0	0.0168547711067	0.376322422032	0.000382247795698	31.4234834103	30.2816036213
3.83915156871	5.39912962387	0.41368418508	-0.0	-0.0	0.01683766904	0.376333098065	0.000381925768292	31.3846875467	30.2095717898
3.83738400354	5.39894278607	0.414274747861	-0.0	-0.0	0.0168131410133	0.376348395196	0.000381640956708	31.329147062	30.1062770329
3.83561643836	5.3991910392	0.416338652607	-0.0	-0.0	0.01672814476	0.376401393912	0.000380218328936	31.1370126428	29.7490518944
3.82854617764	5.39551541576	0.425262507149	-0.0	-0.0	0.01636665716	0.376626783415	0.000374114840273	30.3257177405	28.2557547427
3.81396376491	5.3868248517	0.434218067637	-0.0	-0.0	0.01601647492	0.376845039427	0.000368960193222	29.5496024597	26.843782666
3.80114891737	5.3803565843	0.44256872596	-0.0	-0.0	0.0157008088667	0.377041714486	0.000364244622321	28.857724604	25.5995097474
3.79275298277	5.37550892578	0.451079452155	-0.0	-0.0	0.0153861453067	0.377237704	0.00035911529223	28.1752773795	24.3922660612
3.78082191781	5.36637390213	0.460081097267	-0.0	-0.0	0.0150615938533	0.377439794296	0.000354115027518	27.4790243126	23.1799866135
3.7733097658	5.36138147567	0.469564620316	-0.0	-0.0	0.0147288175867	0.377646929208	0.000348562953486	26.7749582459	21.9723134162
3.75430844012	5.34781240164	0.479674024552	-0.0	-0.0	0.01438135024	0.377863140882	0.000343763851633	26.0489934335	20.7527722152
3.74105170128	5.34006309148	0.490695942069	-0.0	-0.0	0.0140122525067	0.378092729824	0.000338038072203	25.2892986145	19.5013553498
3.72381794079	5.32585335019	0.502503672939	-0.0	-0.0	0.0136243910667	0.378333896901	0.000332299528969	24.50320622	18.2397163593
3.71100309324	5.31538948702	0.515432183413	-0.0	-0.0	0.0132094509467	0.378591791022	0.000325648466562	23.6758653209	16.9473095571
3.69332744145	5.30972045743	0.529474438405	-0.0	-0.0	0.01277572772	0.378861258329	0.000319014870049	22.8244975059	15.6480468671
3.68139637649	5.30012730745	0.544539291588	-0.0	-0.0	0.01231776044	0.379145654422	0.000311416503947	21.9438059004	14.3525592495
3.6473707468	5.28571428571	0.561290563068	-0.0	-0.0	0.01182521716	0.379451376761	0.00030498522297	21.0135783818	13.0296859229
3.62925320371	5.26925545571	0.579513746095	-0.0	-0.0	0.0113024593733	0.37977568861	0.000296720581628	20.0516771143	11.7156283903
3.61467079099	5.25514138817	0.594962741273	-0.0	-0.0	0.0108728496533	0.380042085775	0.000289881991385	19.2785799951	10.69699849
3.61776403005	5.25867609254	0.594375942694	-0.0	-0.0	0.0108816798667	0.38003661139	0.000289794953672	19.2940162121	10.7268217882
3.61820592134	5.25931876607	0.59398776011	-0.0	-0.0	0.0108864721867	0.38003364032	0.000289851033797	19.3027226755	10.7457440867
3.61908970393	5.25996143959	0.593439829455	-0.0	-0.0	0.0108968437467	0.380027210268	0.000289969425911	19.3208273723	10.7757354268
3.62041537782	5.26060411311	0.592642030903	-0.0	-0.0	0.0109103873067	0.380018813573	0.000290111921458	19.3445784726	10.8180465012
3.61864781264	5.26060411311	0.591583346578	-0.0	-0.0	0.0109278105333	0.380008011406	0.000290574752359	19.3753902806	10.873973227
3.61908970393	5.26124678663	0.589335843532	-0.0	-0.0	0.0109653968133	0.379984707776	0.000291232032813	19.4418013307	10.9939248641
3.62527618206	5.26928020566	0.56933613963	-0.0	-0.0	0.01131748792	0.37976636747	0.000297216064558	20.0699124912	12.1244186048
3.6389748122	5.2812700449	0.54951550432	-0.0	-0.0	0.0117002902933	0.379528898791	0.000303119739029	20.7642367036	13.3689783444
3.65841802916	5.30044843049	0.532226785892	-0.0	-0.0	0.01206754608	0.37930098484	0.000308260612558	21.4421678757	14.5753897134
3.67300044189	5.3112815596	0.516724437088	-0.0	-0.0	0.0124285490533	0.379076872468	0.000313677999404	22.1197033361	15.771105264
3.68714096332	5.32365145228	0.502500885959	-0.0	-0.0	0.01279275704	0.378850680668	0.000319172939603	22.813481935	16.9820603799
3.69642068051	5.33333333333	0.489337042316	-0.0	-0.0	0.0131643214933	0.378619840778	0.000325197648772	23.5312753191	18.2190954224
3.71674768007	5.34392879847	0.477350361665	-0.0	-0.0	0.0135363507067	0.378388630432	0.000330237781149	24.2596535863	19.4597040176
3.72602739726	5.35185773261	0.467018660551	-0.0	-0.0	0.01388941736	0.378169117203	0.000335882205358	24.9595355371	20.6350206443
3.7397260274	5.35994930292	0.457691747227	-0.0	-0.0	0.0142436939733	0.377948778036	0.000341116025589	25.6692324965	21.8034195223
3.75254087494	5.36536030341	0.449424103324	-0.0	-0.0	0.0145923324	0.377731869267	0.000346293720988	26.3744911832	22.9420536329
3.76270437472	5.37235721048	0.441819468078	-0.0	-0.0	0.0149523432267	0.377507809104	0.000351881189797	27.1086717556	24.0994160767
3.77463543968	5.37921259843	0.435088475823	-0.0	-0.0	0.01531051036	0.377284818707	0.000357239831647	27.8447814387	25.2326464227
3.78435704817	5.39011335013	0.429489015098	-0.0	-0.0	0.0156541339733	0.377070793083	0.000362476775621	28.5535275955	26.2888009751
3.79186920018	5.39635105379	0.424638533945	-0.0	-0.0	0.0160203404533	0.376842638499	0.000368237473272	29.3064635067	27.3541646639
3.80070702607	5.40414833438	0.421075213961	-0.0	-0.0	0.0163805580933	0.376618117885	0.000373647039489	30.0418509444	28.3233744648
3.80733539549	5.41061891298	0.418507285206	-0.0	-0.0	0.0167494498533	0.376388115025	0.000379227968655	30.7845784544	29.2338586545
3.81087052585	5.40840652447	0.416369929076	-0.0	-0.0	0.0171536889067	0.376135986471	0.000385770141437	31.6067318267	30.1951840939
3.81175430844	5.41287284144	0.416179425724	-0.0	-0.0	0.0172135081733	0.376098655584	0.000386687140404	31.7274952168	30.3267525297
3.81131241715	5.4125588697	0.416295798521	-0.0	-0.0	0.0172105263333	0.376100506069	0.000386674200102	31.7205589297	30.3102287772
3.81131241715	5.4125588697	0.416503086363	-0.0	-0.0	0.0172006025333	0.376106707378	0.000386490503253	31.6982972301	30.2713523989
3.80866106938	5.41098901099	0.416776173611	-0.0	-0.0	0.01718904456	0.376113918278	0.000386544666915	31.672375224	30.2234357753
3.80954485197	5.41161695447	0.416931154104	-0.0	-0.0	0.0171828699867	0.376117770497	0.000386340092187	31.6584363001	30.1970019785
3.80998674326	5.41086001255	0.417283059983	-0.0	-0.0	0.01716859528	0.376126676169	0.000386028023867	31.626206591	30.1364875245
3.80954485197	5.40947599623	0.417735135676	-0.0	-0.0	0.0171501267867	0.376138198063	0.00038572858213	31.5846497491	30.0587246025
3.80733539549	5.40910518053	0.419892849568	-0.0	-0.0	0.01706294408	0.376192585653	0.000384325449067	31.3886442261	29.6916814276
3.80159080866	5.40433553252	0.427994825868	-0.0	-0.0	0.01674356016	0.376391779965	0.000378941883702	30.6756307427	28.3621508689
3.79496243924	5.40094339623	0.436923697897	-0.0	-0.0	0.0164037507733	0.376603656628	0.000373263326681	29.9259636362	26.977545203
3.78700839593	5.39578085642	0.445404269384	-0.0	-0.0	0.0160906825333	0.376798794869	0.000368210998699	29.2437352294	25.7325642015
3.77861246133	5.38733060195	0.454068127679	-0.0	-0.0	0.0157808553067	0.376991849662	0.000363249396721	28.5764574157	24.5278064249
3.77021652673	5.37736443884	0.462898937892	-0.0	-0.0	0.0154743623067	0.37718276804	0.000358356118106	27.9244044072	23.3641766684
3.75475033142	5.36946902655	0.472374259787	-0.0	-0.0	0.0151550994533	0.377381576977	0.000353894665046	27.2534524676	22.1822352148
3.74016791869	5.35972134262	0.482110552958	-0.0	-0.0	0.0148316887067	0.377582907639	0.00034927324353	26.5826038291	21.0264261338
3.72425983208	5.3541931385	0.492443691263	-0.0	-0.0	0.0144959934	0.377791808342	0.000344549156079	25.8959842983	19.8656160304
3.71321254971	5.3441475827	0.503046995359	-0.0	-0.0	0.0141610572533	0.378000180185	0.000339370848921	25.2202054861	18.7427761889
3.70128148475	5.33280254777	0.514979991789	-0.0	-0.0	0.0137938848667	0.37822851937	0.000333682060813	24.4903593868	17.5545051237
3.69244365886	5.3227142402	0.527938317472	-0.0	-0.0	0.0134071160933	0.378468947142	0.000327340723406	23.7334308509	16.3487095128
3.67034909412	5.30872483221	0.542217770619	-0.0	-0.0	0.0129895113467	0.378728454841	0.000321564202009	22.9294705678	15.1072613387
3.65399911622	5.29702018584	0.55673737635	-0.0	-0.0	0.0125746587867	0.378986137478	0.00031533397204	22.1445217784	13.9332236788
3.63720724702	5.2811296534	0.573100737371	-0.0	-0.0	0.0121117381733	0.379273551066	0.000308231064104	21.2836092945	12.7005184101
3.61997348652	5.26898326898	0.591549384459	-0.0	-0.0	0.0115982158533	0.379592226122	0.000300195380815	20.3469835983	11.4205615799
3.60406539991	5.25048293625	0.61079789375	-0.0	-0.0	0.0110636225333	0.379923803336	0.00029160687973	19.3905939437	10.1911338419
3.58241272647	5.23111684958	0.634702585278	-0.0	-0.0	0.0104102220533	0.380328829084	0.000281255557613	18.2507115001	8.81324033404
3.54396818383	5.2020759001	0.663589364754	-0.0	-0.0	0.00965482125333	0.380796752425	0.000270280441898	16.9771478876	7.36251113819
3.51215201061	5.18270799347	0.692299023752	-0.0	-0.0	0.00892951114667	0.381245703965	0.000259366794274	15.8018944184	6.11707915831
