# C		CN		K0		e_x		e_y		e_z		n		overlap		p		q
3.38002651348	5.16875211363	0.735343421331	-0.0	-0.0	1.87240000048e-07	0.389681131035	0.000131659791279	5.58547964168	1.79492670621
3.42686699072	5.18413123535	0.649432416752	-0.0	-0.0	0.000531443826667	0.389356808974	0.000139343292706	6.15276931827	2.81481725949
3.45779938135	5.19468438538	0.571518695312	-0.0	-0.0	0.00134984762667	0.38885685171	0.000152295673633	7.06395853051	4.23712742576
3.46928855502	5.19741636303	0.529289316171	-0.0	-0.0	0.00212068413333	0.388385578647	0.000164921484685	7.95684442808	5.4581908454
3.4790101635	5.20158625248	0.502261541205	-0.0	-0.0	0.00286652962667	0.387929238629	0.000177029801227	8.8517639185	6.59388265829
3.50552364118	5.21407431766	0.482951030834	-0.0	-0.0	0.00361248325333	0.38747249189	0.000188110979663	9.77671777252	7.71407987915
3.52187361909	5.22342519685	0.468662339004	-0.0	-0.0	0.00433858268	0.38702757451	0.000199301344569	10.7081893521	8.81060002248
3.55589924878	5.23470052083	0.457630797507	-0.0	-0.0	0.00503626472	0.386599765437	0.000208931326495	11.6320648785	9.88200322283
3.56827220504	5.24366471735	0.448743874284	-0.0	-0.0	0.00572674384	0.386176079127	0.000219678639182	12.5751663292	10.9599719041
3.58020327	5.24312075105	0.44118321749	-0.0	-0.0	0.00641326198667	0.385754535025	0.000230345628718	13.5415188553	12.0601831658
3.59566946531	5.25096899225	0.43520336723	-0.0	-0.0	0.00707321445333	0.38534902658	0.000240251599733	14.4936491131	13.129707135
3.61290322581	5.25289203085	0.430011538938	-0.0	-0.0	0.00772982676	0.384945306657	0.000249936268023	15.4642199073	14.2166411987
3.61953159523	5.26156812339	0.425703835057	-0.0	-0.0	0.00836371930667	0.384555308408	0.000259954773448	16.4233995801	15.2833363712
3.63411400795	5.2587971849	0.421936097419	-0.0	-0.0	0.00898968749333	0.384169935072	0.000269204658275	17.3911971827	16.3567030439
3.64781263809	5.27092651757	0.418706455863	-0.0	-0.0	0.00960245564	0.383792459033	0.00027826052991	18.3584867208	17.4239601934
3.65444100751	5.27336523126	0.415814200081	-0.0	-0.0	0.01020852716	0.383418879346	0.00028774909573	19.3363315457	18.5015863107
3.66725585506	5.27503974563	0.413214533986	-0.0	-0.0	0.0108068733867	0.383049842612	0.000296615261186	20.3207749541	19.5856531364
3.67697746354	5.27823604061	0.410840424932	-0.0	-0.0	0.0114085767867	0.38267850725	0.000305759987849	21.3293293203	20.6946984151
3.70083959346	5.28607514998	0.408268139301	-0.0	-0.0	0.0121410528933	0.382226168363	0.000315848925084	22.5817173521	22.0678030776
3.71277065842	5.29820132534	0.40642414029	-0.0	-0.0	0.0127213886267	0.381867548083	0.00032439704546	23.5933017259	23.1752670734
3.71718957137	5.30148218228	0.404820122625	-0.0	-0.0	0.0132863232	0.381518245033	0.000333331286704	24.5940877679	24.2665460943
3.72956252762	5.30805538074	0.403134944345	-0.0	-0.0	0.0138520024667	0.381168283753	0.000341596298443	25.6160023113	25.3937078964
3.74502872293	5.31430363864	0.401659529731	-0.0	-0.0	0.01442276032	0.380814979876	0.000349610754593	26.6617427243	26.5390635054
3.75695978789	5.32528987778	0.400106998031	-0.0	-0.0	0.0150851648267	0.380404694728	0.000359441921408	27.8947451654	27.8864553654
3.76800707026	5.33062245855	0.399015479847	-0.0	-0.0	0.0156255701333	0.380069769974	0.000367297054057	28.9153328216	28.9944964415
3.78082191781	5.33322942643	0.397911117344	-0.0	-0.0	0.0161585611733	0.379739264722	0.00037483417534	29.9372488056	30.1113623637
3.79142730888	5.34299065421	0.396947249755	-0.0	-0.0	0.01669558644	0.379406079502	0.000382646870026	30.9807441862	31.244350754
3.79584622183	5.34526774595	0.396568833612	-0.0	-0.0	0.0169151308667	0.379269816609	0.000385828143825	31.4114854976	31.7120146628
3.79319487406	5.34308841843	0.396834640951	-0.0	-0.0	0.0169067821467	0.379274998889	0.000385929844947	31.3914035273	31.6683917776
3.79540433053	5.34225264468	0.397035138911	-0.0	-0.0	0.0168967420667	0.379281230987	0.000385518781882	31.3691429022	31.6283444294
3.79142730888	5.34215442092	0.397370762779	-0.0	-0.0	0.01688252576	0.379290052957	0.000385655733381	31.337154384	31.5666938791
3.79142730888	5.34184308842	0.397609014951	-0.0	-0.0	0.0168722147467	0.379296454704	0.000385462119617	31.3140084007	31.522538297
3.790101635	5.3413266895	0.398023115192	-0.0	-0.0	0.0168547711067	0.379307278766	0.00038526798973	31.274702753	31.4468210529
3.79054352629	5.34267912773	0.398422236173	-0.0	-0.0	0.01683766904	0.379317895368	0.000384900945783	31.2362353137	31.373374067
3.78833406982	5.34185104394	0.399001061346	-0.0	-0.0	0.0168131410133	0.379333121561	0.000384663452018	31.1810892819	31.2677076317
3.78435704817	5.34290171607	0.40103489968	-0.0	-0.0	0.01672814476	0.379385866775	0.000383462761076	30.9899685455	30.9009833449
3.77242598321	5.33541731791	0.409822484609	-0.0	-0.0	0.01636665716	0.379610177445	0.00037784178669	30.1845078182	29.3698245462
3.76182059213	5.33072345756	0.418655855881	-0.0	-0.0	0.01601647492	0.379827388163	0.000372277185099	29.4128977618	27.9196215306
3.75475033142	5.32967377666	0.426870290285	-0.0	-0.0	0.0157008088667	0.380023125454	0.000367005812951	28.7252424889	26.643355702
3.74679628811	5.32213500785	0.435291615486	-0.0	-0.0	0.0153861453067	0.380218178895	0.000361832981899	28.0474802819	25.401672084
3.73574900574	5.31468091795	0.444226266829	-0.0	-0.0	0.0150615938533	0.380419290259	0.000356768140624	27.3572029185	24.1537680045
3.72602739726	5.30689329556	0.453591095918	-0.0	-0.0	0.0147288175867	0.380625444798	0.000351407603053	26.6583700723	22.9129196542
3.7145382236	5.29927467676	0.46371235218	-0.0	-0.0	0.01438135024	0.380840619846	0.000345933570409	25.9382403843	21.6512083084
3.69818824569	5.29013906448	0.474865625286	-0.0	-0.0	0.0140122525067	0.381069104338	0.000340485405944	25.1834615406	20.3484987873
3.68802474591	5.2826843938	0.486956297462	-0.0	-0.0	0.0136243910667	0.381309113349	0.000334084616906	24.4014966726	19.026730311
3.6721166593	5.27157360406	0.500253997531	-0.0	-0.0	0.0132094509467	0.38156578285	0.000327676729159	23.5779358443	17.6699806455
3.664162616	5.2665184244	0.514504800108	-0.0	-0.0	0.01277572772	0.381833958413	0.000320228092195	22.7337579287	16.3189918107
3.6473707468	5.25437758676	0.529964085717	-0.0	-0.0	0.01231776044	0.382116985961	0.000313104870212	21.860564185	14.9644784939
3.62306672559	5.23937360179	0.547207467187	-0.0	-0.0	0.01182521716	0.382421252605	0.000305965752501	20.9420713931	13.5824282851
3.60715863897	5.22781159885	0.566072484175	-0.0	-0.0	0.0113024593733	0.382744012334	0.000297560891232	19.9913258244	12.2057174561
3.59213433495	5.22036620623	0.582175031364	-0.0	-0.0	0.0108728496533	0.383009134552	0.000290830804227	19.2270243061	11.135256213
3.59257622625	5.22068743977	0.581581014929	-0.0	-0.0	0.0108816798667	0.383003686367	0.000290961294445	19.2427218859	11.1663204842
3.59301811754	5.22132990684	0.581322030253	-0.0	-0.0	0.0108864721867	0.383000729516	0.000291012762867	19.251023354	11.1807294422
3.59301811754	5.22132990684	0.580701181433	-0.0	-0.0	0.0108968437467	0.382994330238	0.000291203608557	19.2691403361	11.214285572
3.59434379143	5.22093770071	0.57986085835	-0.0	-0.0	0.0109103873067	0.382985979079	0.000291347696772	19.2929897989	11.2594230701
3.59522757402	5.22222222222	0.578799674655	-0.0	-0.0	0.0109278105333	0.38297522326	0.000291599031138	19.323668354	11.3169324975
3.59434379143	5.22293607453	0.576518696672	-0.0	-0.0	0.0109653968133	0.382952032804	0.000292366766575	19.3898806616	11.4413971062
3.60318161732	5.23178170144	0.556308548009	-0.0	-0.0	0.01131748792	0.382734735804	0.000298159288233	20.0160980159	12.6113316161
3.62041537782	5.24679487179	0.536396695894	-0.0	-0.0	0.0117002902933	0.382498399964	0.000303799625706	20.7086950728	13.8951901779
3.63190455148	5.25423728814	0.519069426054	-0.0	-0.0	0.01206754608	0.382271577279	0.00030962239525	21.3846045215	15.1380904919
3.63985859479	5.26438618926	0.503622380037	-0.0	-0.0	0.0124285490533	0.382048535225	0.00031560620688	22.0588696305	16.3650135111
3.65488289881	5.27841634738	0.489413738171	-0.0	-0.0	0.01279275704	0.381823431376	0.000321023890949	22.749153314	17.6095267868
3.66681396376	5.28944851769	0.476182739779	-0.0	-0.0	0.0131643214933	0.381593697009	0.000326844976347	23.4643228344	18.886346991
3.67874502872	5.30274059911	0.464094503678	-0.0	-0.0	0.0135363507067	0.381363588248	0.00033265714969	24.1907132466	20.170122544
3.68802474591	5.3072519084	0.453609751565	-0.0	-0.0	0.01388941736	0.381145129798	0.000338322912328	24.8888008436	21.3908226932
3.69200176757	5.31234096692	0.444019090006	-0.0	-0.0	0.0142436939733	0.380925851282	0.000344483329756	25.5970855377	22.6131405516
3.6977463544	5.31902035623	0.435448826837	-0.0	-0.0	0.0145923324	0.380709974944	0.000350351015781	26.301021836	23.8093292336
3.71498011489	5.32667934094	0.427500618783	-0.0	-0.0	0.0149523432267	0.380486992381	0.000355310124337	27.0341448294	25.0302224168
3.72646928856	5.33575949367	0.420424933434	-0.0	-0.0	0.01531051036	0.380265054287	0.000360742872293	27.7692365572	26.2286850478
3.73663278833	5.33965244866	0.414477055656	-0.0	-0.0	0.0156541339733	0.38005207122	0.000365987094325	28.478454645	27.3513509896
3.74105170128	5.33880126183	0.409269929183	-0.0	-0.0	0.0160203404533	0.379824997924	0.000372111237241	29.2334053619	28.4883251915
3.74502872293	5.34100220611	0.405394041318	-0.0	-0.0	0.0163805580933	0.379601555075	0.000378059441686	29.9706316897	29.5242436579
3.7565178966	5.34981108312	0.402573854409	-0.0	-0.0	0.0167494498533	0.379372652434	0.000383297497544	30.719683718	30.5006767276
3.76712328767	5.35039246468	0.400578275535	-0.0	-0.0	0.0171536889067	0.379121718768	0.000389114561681	31.5352612462	31.4846380229
3.76712328767	5.35207286432	0.400350180765	-0.0	-0.0	0.0172135081733	0.379084586388	0.000390125679117	31.6554919964	31.6247119049
3.76579761379	5.35113065327	0.400512977917	-0.0	-0.0	0.0172105263333	0.379086428642	0.000390198387727	31.6477886385	31.6027181701
3.7649138312	5.35050251256	0.400702281087	-0.0	-0.0	0.0172006025333	0.379092590433	0.000390105518584	31.6257276696	31.5640809111
3.76358815731	5.34956030151	0.40096746806	-0.0	-0.0	0.01718904456	0.379099766823	0.000390027526918	31.6000362054	31.5152051022
3.7649138312	5.35061262959	0.401112242786	-0.0	-0.0	0.0171828699867	0.379103600605	0.000389773908151	31.5861308888	31.4886639903
3.76358815731	5.3510370836	0.40145269632	-0.0	-0.0	0.01716859528	0.379112463656	0.000389643680239	31.554135055	31.4270108696
3.75961113566	5.35136835483	0.401892408381	-0.0	-0.0	0.0171501267867	0.379123930407	0.000389709468124	31.5127823891	31.3474770463
3.75784357048	5.35053492763	0.403991467807	-0.0	-0.0	0.01706294408	0.379178057704	0.000388256658165	31.3177503597	30.9720507685
3.74547061423	5.34563229265	0.411866879117	-0.0	-0.0	0.01674356016	0.37937630313	0.000383527595867	30.6082742576	29.6124471832
3.73442333186	5.33775671406	0.420587281495	-0.0	-0.0	0.0164037507733	0.379587164518	0.000378265740093	29.8622325982	28.1926945735
3.72558550597	5.33280607403	0.42893359827	-0.0	-0.0	0.0160906825333	0.379781361483	0.000373293765475	29.183252431	26.9108173947
3.72072470172	5.33058898037	0.437449195702	-0.0	-0.0	0.0157808553067	0.379973493517	0.000367991378621	28.5191839979	25.6709749757
3.7145382236	5.32656943564	0.446103419695	-0.0	-0.0	0.0154743623067	0.38016350119	0.000362878957415	27.8697331423	24.474517627
3.7057003977	5.32148524278	0.455402387814	-0.0	-0.0	0.0151550994533	0.380361351302	0.000357783351135	27.2010735507	23.2576973224
3.69642068051	5.31416772554	0.465104374645	-0.0	-0.0	0.0148316887067	0.380561725766	0.000352633717073	26.5318587339	22.0573684186
3.68979231109	5.30705657978	0.475495815119	-0.0	-0.0	0.0144959934	0.380769633389	0.000347011140985	25.8469431432	20.8460604877
3.68007070261	5.30213307864	0.48625870164	-0.0	-0.0	0.0141610572533	0.380977000338	0.000341694149553	25.1729117997	19.668821735
3.66681396376	5.29314194577	0.49850240775	-0.0	-0.0	0.0137938848667	0.381204247722	0.000336091994019	24.444527435	18.4158869681
3.65444100751	5.28274760383	0.511714518819	-0.0	-0.0	0.0134071160933	0.38144353232	0.000330037666989	23.689164532	17.1497120291
3.63764913831	5.26078619367	0.526264582868	-0.0	-0.0	0.0129895113467	0.381701790508	0.000323794604178	22.8870849034	15.8474084968
3.62792752983	5.25175943698	0.541155048782	-0.0	-0.0	0.0125746587867	0.381958238035	0.000316961977835	22.1042375154	14.6122584667
3.61732213875	5.24207492795	0.558042745438	-0.0	-0.0	0.0121117381733	0.382244277964	0.000309305970621	21.2478736139	13.3132407856
3.5969951392	5.22575465639	0.577077192179	-0.0	-0.0	0.0115982158533	0.382561427877	0.000301541315913	20.3183855127	11.9672601655
3.57666813964	5.21256038647	0.597076833823	-0.0	-0.0	0.0110636225333	0.3828914182	0.000293367511413	19.3711931189	10.6716807202
3.55015466195	5.19631306598	0.622240070785	-0.0	-0.0	0.0104102220533	0.38329450554	0.000283506879775	18.2445413166	9.21200839606
3.53026955369	5.17898832685	0.652690727279	-0.0	-0.0	0.00965482125333	0.383760189453	0.000271234732316	16.9861742432	7.67698006468
3.50022094565	5.15089430894	0.683510525463	-0.0	-0.0	0.00892951114667	0.384206992361	0.000260320386643	15.8237665636	6.3472890065
