# C		CN		K0		e_x		e_y		e_z		n		overlap		p		q
3.46045072912	5.24597855228	0.736261733817	-0.0	-0.0	1.87240000048e-07	0.388479743258	0.000130401343632545	5.58820568173	1.78824229198
3.48166151127	5.24833333333	0.651512462547	-0.0	-0.0	0.000531443826667	0.388154782783	0.0001391176489110674	6.16373874635	2.79804110734
3.50243040212	5.23883559378	0.575654121944	-0.0	-0.0	0.00134984762667	0.387653841374	0.0001525517375256671	7.08827642952	4.19449080893
3.51966416262	5.24374176548	0.534769827741	-0.0	-0.0	0.00212068413333	0.387181640629	0.0001649223263912941	7.99266057068	5.39022315072
3.54308440124	5.25319776976	0.508687758215	-0.0	-0.0	0.00286652962667	0.386724402324	0.00017635106993291785	8.89891163349	6.50173087037
3.55236411843	5.25687172775	0.490369534212	-0.0	-0.0	0.00361248325333	0.386266756498	0.00018834565481145167	9.83602638635	7.59222472362
3.56650463986	5.26673196213	0.476902584847	-0.0	-0.0	0.00433858268	0.385820963316	0.0001997146041742631	10.7790760534	8.6577314495
3.58197083517	5.27580592641	0.466726727345	-0.0	-0.0	0.00503626472	0.385392312119	0.00021046720225897234	11.7142103293	9.69282492485
3.59832081308	5.2783003568	0.458467525731	-0.0	-0.0	0.00572674384	0.384967791799	0.00022094081116158642	12.6660288229	10.7344261702
3.60583296509	5.28321451717	0.451592678703	-0.0	-0.0	0.00641326198667	0.38454541606	0.00023184170531462253	13.6389353986	11.7902736034
3.62350861688	5.28741935484	0.446115007448	-0.0	-0.0	0.00707321445333	0.384139111233	0.00024157852219399898	14.5977390553	12.8189520158
3.64516129032	5.29011553273	0.441333298919	-0.0	-0.0	0.00772982676	0.383734596604	0.0002509755265541656	15.5771326614	13.8671796583
3.65311533363	5.29679487179	0.437291253912	-0.0	-0.0	0.00836371930667	0.383343826718	0.00026088410439473403	16.5454842145	14.8997795033
3.66681396376	5.30889884763	0.433823163172	-0.0	-0.0	0.00898968749333	0.382957698732	0.00027020244075097926	17.5219552357	15.9353380516
3.67697746354	5.3152173913	0.430660401677	-0.0	-0.0	0.00960245564	0.382579478996	0.00027956360925062345	18.4998283677	16.9761464541
3.69288555015	5.31868831582	0.427807893647	-0.0	-0.0	0.01020852716	0.382205164583	0.0002883322881880006	19.485853252	18.0257974081
3.70658418029	5.32538925961	0.425404259778	-0.0	-0.0	0.0108068733867	0.381835398762	0.0002970893596732827	20.4766059196	19.0712930234
3.71807335395	5.32784288882	0.423248300839	-0.0	-0.0	0.0114085767867	0.381463335095	0.00030603939263308357	21.490403825	20.1375300292
3.73044631021	5.33112164297	0.420974571667	-0.0	-0.0	0.0121410528933	0.381010105797	0.00031701943203334067	22.7476520068	21.4524961145
3.74591250552	5.33774417139	0.41935996366	-0.0	-0.0	0.0127213886267	0.380650779588	0.0003251910684967006	23.7617234988	22.5107822962
3.75033141847	5.33794839522	0.418000111796	-0.0	-0.0	0.0132863232	0.380300788949	0.00033406203512698643	24.7644088708	23.5504598677
3.76314626602	5.35051870481	0.416684185626	-0.0	-0.0	0.0138520024667	0.379950138785	0.0003421921572546723	25.7842193866	24.6109998929
3.77198409191	5.35288582183	0.415450367293	-0.0	-0.0	0.01442276032	0.379596139443	0.0003507553429202911	26.8290770125	25.6970683619
3.79186920018	5.35602748282	0.414157971408	-0.0	-0.0	0.0150851648267	0.379185044989	0.00035973353063427523	28.0584546532	26.9720702121
3.80733539549	5.35905413815	0.413065932114	-0.0	-0.0	0.0156255701333	0.378849466688	0.0003671204826995522	29.0798480122	28.0395197439
3.8152894388	5.36295835923	0.412164961097	-0.0	-0.0	0.0161585611733	0.378518306711	0.0003750464377951038	30.0988760978	29.095352414
3.82191780822	5.37165941579	0.411322724917	-0.0	-0.0	0.01669558644	0.378184465707	0.000383142140402397	31.1383489727	30.1711532962
3.82501104728	5.37193418193	0.410994501921	-0.0	-0.0	0.0169151308667	0.378047934585	0.00038640979762091495	31.5673053356	30.6148660003
3.82191780822	5.37080745342	0.411278772863	-0.0	-0.0	0.0169067821467	0.378053126353	0.0003865528549843406	31.5470484437	30.570914673
3.8232434821	5.37278657968	0.411471840511	-0.0	-0.0	0.0168967420667	0.37805936614	0.0003862348228070976	31.5248783248	30.5329431926
3.82545293858	5.37391304348	0.411802777544	-0.0	-0.0	0.01688252576	0.378068213068	0.00038574270908529434	31.492800064	30.4736583084
3.8236853734	5.37402920162	0.412046370755	-0.0	-0.0	0.0168722147467	0.378074625782	0.00038572739111211154	31.4695873665	30.4304562185
3.82191780822	5.37321317589	0.412454602693	-0.0	-0.0	0.0168547711067	0.37808547433	0.0003855794190065574	31.4303964264	30.3578688211
3.81882456916	5.37597261127	0.412860974545	-0.0	-0.0	0.01683766904	0.378096110262	0.00038557011254806495	31.3918652125	30.2861930711
3.81307998232	5.37266500623	0.413436995145	-0.0	-0.0	0.0168131410133	0.37811136415	0.0003856899039365875	31.3367412827	30.1843037235
3.80777728679	5.36958554067	0.41545191561	-0.0	-0.0	0.01672814476	0.378164211835	0.0003846290069321419	31.1460188364	29.8317344747
3.80026513478	5.36264421578	0.424241520391	-0.0	-0.0	0.01636665716	0.378388962251	0.0003785861839244682	30.3400192134	28.3505819878
3.79186920018	5.35560412114	0.433003275305	-0.0	-0.0	0.01601647492	0.378606604444	0.0003728381298157505	29.569185791	26.9542968484
3.7817057004	5.3535669587	0.441136014706	-0.0	-0.0	0.0157008088667	0.378802720433	0.00036789601391164797	28.8819312974	25.7259380828
3.77021652673	5.34995296331	0.449422937892	-0.0	-0.0	0.0153861453067	0.378998163684	0.00036310518100948145	28.204921502	24.5343495472
3.76579761379	5.3446221386	0.458211801497	-0.0	-0.0	0.0150615938533	0.37919967803	0.00035743509689985947	27.5143856253	23.3356071136
3.75916924437	5.34559748428	0.467482197143	-0.0	-0.0	0.0147288175867	0.379406231273	0.000351828044487542	26.8156730897	22.1396683443
3.748121962	5.34183994959	0.477435798565	-0.0	-0.0	0.01438135024	0.379621829884	0.0003463546826594355	26.0961088675	20.9275519338
3.73751657092	5.33070617907	0.488351181555	-0.0	-0.0	0.0140122525067	0.379850761527	0.0003404014835542458	25.3412963265	19.6779918393
3.71232876712	5.3208742477	0.499948030192	-0.0	-0.0	0.0136243910667	0.380091253142	0.00033543731725236187	24.5619126942	18.4243067452
3.69818824569	5.31279771356	0.512682532389	-0.0	-0.0	0.0132094509467	0.380348419908	0.0003289601294754567	23.7415865131	17.1371917357
3.68448961555	5.30754536772	0.526345555149	-0.0	-0.0	0.01277572772	0.380617123798	0.00032211682142831453	22.899570899	15.8520931188
3.67079098542	5.2962372449	0.54133067504	-0.0	-0.0	0.01231776044	0.380900715946	0.0003148140399995537	22.026792079	14.5530340593
3.65223155104	5.28608	0.55797240272	-0.0	-0.0	0.01182521716	0.381205574054	0.0003072460580941199	21.1051696326	13.2268111137
3.62881131242	5.26651699808	0.576278671946	-0.0	-0.0	0.0113024593733	0.381528969123	0.0002995152366292741	20.1499247102	11.8992688617
3.62085726911	5.25939004815	0.591574021245	-0.0	-0.0	0.0108728496533	0.381794613224	0.00029219071504388744	19.3807899453	10.8773449373
3.622182943	5.2606741573	0.590893303776	-0.0	-0.0	0.0108816798667	0.381789156687	0.0002922516705300606	19.3967360305	10.9112429706
3.62306672559	5.26163723917	0.590667527556	-0.0	-0.0	0.0108864721867	0.381786191643	0.00029226666459611947	19.4049998537	10.9241767549
3.62262483429	5.26268464997	0.590093277514	-0.0	-0.0	0.0108968437467	0.381779779768	0.0002924916777155713	19.4230333136	10.9554366914
3.622182943	5.26204238921	0.589256230574	-0.0	-0.0	0.0109103873067	0.381771406809	0.00029277836235181614	19.4470364506	10.9998210224
3.62395050817	5.26396917148	0.588219221723	-0.0	-0.0	0.0109278105333	0.381760635178	0.00029295826513637147	19.477812237	11.0555693034
3.62350861688	5.26396917148	0.586007504068	-0.0	-0.0	0.0109653968133	0.381737397423	0.00029368775388566537	19.544248743	11.175575152
3.63720724702	5.27549711353	0.566193492042	-0.0	-0.0	0.01131748792	0.381519678076	0.0002990739598088752	20.1729893079	12.3118000326
3.64206805126	5.28310355883	0.546725514538	-0.0	-0.0	0.0117002902933	0.381282875143	0.00030572485898266137	20.8678206493	13.5549155956
3.65223155104	5.29106628242	0.529780108773	-0.0	-0.0	0.01206754608	0.381055604099	0.0003116270362462971	21.5450603477	14.7569114711
3.66593018118	5.30051150895	0.514635680745	-0.0	-0.0	0.0124285490533	0.380832122996	0.0003170962593846323	22.2207331138	15.9443697957
3.67786124613	5.30781499203	0.500722698684	-0.0	-0.0	0.01279275704	0.380606576039	0.0003227548816357227	22.9121088676	17.1468518171
3.68802474591	5.31835564054	0.487830862484	-0.0	-0.0	0.0131643214933	0.380376388698	0.0003286843063881095	23.6269125152	18.3750718842
3.70216526734	5.33407643312	0.476113375736	-0.0	-0.0	0.0135363507067	0.380145827729	0.000334250348835092	24.352351542	19.6051066803
3.71188687583	5.34500318269	0.46603449485	-0.0	-0.0	0.01388941736	0.379926939252	0.000339842106843826	25.0496705819	20.7689167582
3.72205037561	5.35155753338	0.456875438882	-0.0	-0.0	0.0142436939733	0.37970722295	0.00034540519539687106	25.7579830197	21.9304300033
3.72779496244	5.35748331745	0.448661553108	-0.0	-0.0	0.0145923324	0.379490930196	0.00035123775776142616	26.462127988	23.0686937273
3.72558550597	5.35834658188	0.441050058904	-0.0	-0.0	0.0149523432267	0.379267502593	0.0003580016867923661	27.1951220539	24.2293888507
3.73574900574	5.3616751269	0.434310649316	-0.0	-0.0	0.01531051036	0.379045135328	0.00036350318463056376	27.9294272101	25.3652993601
3.75165709236	5.36401012018	0.428641774123	-0.0	-0.0	0.0156541339733	0.378831719928	0.00036812764975201634	28.6370442522	26.4289383499
3.75430844012	5.36512950095	0.423581985794	-0.0	-0.0	0.0160203404533	0.378604202422	0.0003743996953273056	29.3915941133	27.5154418997
3.76712328767	5.37125748503	0.419692046351	-0.0	-0.0	0.0163805580933	0.378380333781	0.0003794763599825826	30.1313415272	28.5184435569
3.77551922227	5.37858267717	0.417075229086	-0.0	-0.0	0.0167494498533	0.378150971698	0.0003850325171422812	30.8820194853	29.4445213918
3.78656650464	5.38045868677	0.41503195384	-0.0	-0.0	0.0171536889067	0.37789955394	0.00039080817013018964	31.7013687258	30.3994100637
3.78568272205	5.37876884422	0.414796095422	-0.0	-0.0	0.0172135081733	0.377862339671	0.00039191071874257965	31.8223062508	30.5355553503
3.78435704817	5.37888784166	0.414967447261	-0.0	-0.0	0.0172105263333	0.377864176497	0.00039198423694290535	31.8147161651	30.5136177278
3.78303137428	5.37837837838	0.415154989325	-0.0	-0.0	0.0172006025333	0.377870359547	0.0003919372889885104	31.7926044371	30.4763886417
3.7817057004	5.37924528302	0.415413270125	-0.0	-0.0	0.01718904456	0.377877550064	0.0003918602517886795	31.7669584821	30.4297681439
3.78038002651	5.37967914439	0.415566848156	-0.0	-0.0	0.0171828699867	0.377881391233	0.00039188163615108565	31.7530673664	30.4033702384
3.77993813522	5.37936458006	0.415909042909	-0.0	-0.0	0.01716859528	0.377890262862	0.0003916595183788427	31.7210363223	30.3435760497
3.78214759169	5.38062283737	0.416348684882	-0.0	-0.0	0.0171501267867	0.377901755308	0.00039108559546296897	31.6797530726	30.2667475523
3.77419354839	5.37996219282	0.418448734577	-0.0	-0.0	0.01706294408	0.377955994624	0.0003902808869208408	31.484939323	29.9038568225
3.76712328767	5.37559129612	0.426347301857	-0.0	-0.0	0.01674356016	0.378154633488	0.00038503949426349157	30.7762373967	28.5878820815
3.75695978789	5.36553030303	0.435073887656	-0.0	-0.0	0.0164037507733	0.378365907181	0.0003797256194264816	30.0310304262	27.2149294708
3.74723817941	5.36285985448	0.443375721523	-0.0	-0.0	0.0160906825333	0.378560489525	0.0003748534219438028	29.3527007348	25.9786617809
3.73353954927	5.36008883249	0.451837608314	-0.0	-0.0	0.0157808553067	0.378752999668	0.0003704455677419091	28.6892169062	24.7831399246
3.72735307114	5.3546031746	0.460363878621	-0.0	-0.0	0.0154743623067	0.378943378348	0.00036535711045712025	28.0408488613	23.6345648611
3.72072470172	5.34985700667	0.469524269762	-0.0	-0.0	0.0151550994533	0.3791416241	0.0003600683210658807	27.3731639874	22.4658622915
3.70658418029	5.34512428298	0.479073649048	-0.0	-0.0	0.0148316887067	0.37934238492	0.0003554150411380808	26.7049987946	21.3130098861
3.6973044631	5.3374800638	0.489346602183	-0.0	-0.0	0.0144959934	0.379550701734	0.00035007113348012726	26.02050082	20.1458070316
3.68846663721	5.33120408815	0.499824329588	-0.0	-0.0	0.0141610572533	0.379758479792	0.0003446855050376071	25.3464631923	19.0198675577
3.6809544852	5.31864623244	0.511503411204	-0.0	-0.0	0.0137938848667	0.379986173183	0.0003385804911378977	24.6180358198	17.833592632
3.66283694211	5.3056978233	0.524018394476	-0.0	-0.0	0.0134071160933	0.380225926195	0.000333095473346864	23.8632797464	16.6381027939
3.65974370305	5.29888	0.537979059055	-0.0	-0.0	0.0129895113467	0.380484695726	0.0003256800318455201	23.0612615228	15.3973998635
3.65399911622	5.29056	0.552123758372	-0.0	-0.0	0.0125746587867	0.380741649375	0.0003185685582676752	22.27828434	14.2253905694
3.64074237738	5.27738629084	0.568288510569	-0.0	-0.0	0.0121117381733	0.381028251046	0.00031120192543312184	21.4196944358	12.9840320708
3.62571807335	5.26371511068	0.586449723222	-0.0	-0.0	0.0115982158533	0.381346021149	0.00030300695544102776	20.4849861113	11.6962223309
3.60715863897	5.24485861183	0.605417246801	-0.0	-0.0	0.0110636225333	0.381676665151	0.00029467388296172345	19.5307379698	10.4573531611
3.59566946531	5.23591889282	0.628903033636	-0.0	-0.0	0.0104102220533	0.382080545953	0.00028356659574942306	18.3954388737	9.07051981997
3.56252761821	5.2128072445	0.657677051847	-0.0	-0.0	0.00965482125333	0.382547146545	0.000272301068575861	17.1263472596	7.59634348238
3.53380468405	5.19259499838	0.686635669837	-0.0	-0.0	0.00892951114667	0.382994828966	0.00026126341779385574	15.9536077065	6.31949433138
