# C		CN		K0		e_x		e_y		e_z		n		overlap		p		q
3.45117101193	5.24521330198	0.736754066869	-0.0	-0.0	1.87240000048e-07	0.388436702529	0.00012969683520808962	5.58687260377	1.78376792678
3.47370746796	5.24507512521	0.651638472018	-0.0	-0.0	0.000531443826667	0.388111719396	0.00013835561363853167	6.16539784872	2.79747611866
3.49933716306	5.24842454395	0.575926966193	-0.0	-0.0	0.00134984762667	0.387610742516	0.00015153388674258382	7.09367180547	4.19392070916
3.51082633672	5.25380542687	0.534681229599	-0.0	-0.0	0.00212068413333	0.387138508535	0.00016415962754721416	8.00343339637	5.39897846861
3.54043305347	5.25155788783	0.508636372993	-0.0	-0.0	0.00286652962667	0.386681238049	0.0001753158014114924	8.91619931924	6.51537484756
3.54794520548	5.25507531107	0.490409699865	-0.0	-0.0	0.00361248325333	0.386223560012	0.00018746228093153978	9.86107528283	7.61065089587
3.56871409633	5.25773867709	0.476879789218	-0.0	-0.0	0.00433858268	0.385777735454	0.00019848903827973639	10.8118652015	8.68464871354
3.58992487848	5.26800778715	0.466566655386	-0.0	-0.0	0.00503626472	0.385349054087	0.00020893391403688244	11.7552030524	9.73127499164
3.60362350862	5.27508090615	0.458242575519	-0.0	-0.0	0.00572674384	0.384924503888	0.0002195776477150449	12.715719623	10.7835463942
3.60936809545	5.27528271405	0.451145116746	-0.0	-0.0	0.00641326198667	0.38450209842	0.0002305839866663841	13.6993528447	11.8577437457
3.61467079099	5.28280542986	0.445555940723	-0.0	-0.0	0.00707321445333	0.384095764996	0.00024115585688790436	14.6694497752	12.9025511825
3.62439239947	5.28410190261	0.440792894841	-0.0	-0.0	0.00772982676	0.383691221897	0.00025132701586531836	15.6583274026	13.9609599304
3.63455589925	5.29072762395	0.436716743682	-0.0	-0.0	0.00836371930667	0.383300424507	0.00026109060853163904	16.6364250061	15.0061686964
3.65488289881	5.29903846154	0.433233606047	-0.0	-0.0	0.00898968749333	0.382914269344	0.00026994912166728607	17.6226281583	16.0537190504
3.68139637649	5.304652645	0.430006503066	-0.0	-0.0	0.00960245564	0.382536022988	0.0002781251567785187	18.6110723085	17.1098645308
3.69155987627	5.31518624642	0.427291381528	-0.0	-0.0	0.01020852716	0.38216168223	0.00028736138550388427	19.6072259839	18.1645611007
3.70525850641	5.32105430295	0.424876057566	-0.0	-0.0	0.0108068733867	0.381791890383	0.00029617830505749063	20.6095048216	19.2236887867
3.71763146266	5.32310126582	0.422700191342	-0.0	-0.0	0.0114085767867	0.381419800529	0.0003051039632606744	21.6349733353	20.3043189175
3.73707467963	5.33228147681	0.420375066912	-0.0	-0.0	0.0121410528933	0.380966539331	0.0003155346910952831	22.9056392328	21.6379388441
3.74502872293	5.3357480315	0.418761778694	-0.0	-0.0	0.0127213886267	0.380607190397	0.00032437260935745514	23.9302730409	22.7085894193
3.75740167919	5.33354251647	0.417309088661	-0.0	-0.0	0.0132863232	0.380257172559	0.00033259088949994523	24.9444385414	23.7677209452
3.76579761379	5.33573441904	0.415989244495	-0.0	-0.0	0.0138520024667	0.379906497715	0.0003411455681940987	25.9753098621	24.8417660386
3.77684489616	5.34511889862	0.414763743093	-0.0	-0.0	0.01442276032	0.379552477613	0.0003495164614801891	27.0307587085	25.9401077612
3.78921785241	5.35426429241	0.413505130329	-0.0	-0.0	0.0150851648267	0.37914135007	0.00035925027192036104	28.27540649	27.2303574885
3.8064516129	5.36176836862	0.412511533415	-0.0	-0.0	0.0156255701333	0.378805744088	0.0003664874544519338	29.3069560294	28.302379796
3.82191780822	5.3736400373	0.41152173564	-0.0	-0.0	0.0161585611733	0.378474564865	0.0003737507325958249	30.3396827568	29.3809403855
3.82898806894	5.37263419175	0.410671123311	-0.0	-0.0	0.01669558644	0.378140700364	0.00038186141333921853	31.3929019813	30.473257338
3.82810428635	5.37085271318	0.410353898271	-0.0	-0.0	0.0169151308667	0.378004159632	0.000385544617720671	31.8269009928	30.9219438773
3.82677861246	5.37065756824	0.41063985261	-0.0	-0.0	0.0169067821467	0.378009345251	0.00038550972402925915	31.8064842772	30.87742241
3.82633672117	5.37003722084	0.410831043528	-0.0	-0.0	0.0168967420667	0.378015597284	0.0003853688841754329	31.7840045955	30.8391149265
3.82456915599	5.37015203227	0.411169288938	-0.0	-0.0	0.01688252576	0.378024433376	0.0003852792115383542	31.7516671884	30.7786220326
3.82412726469	5.37329192547	0.411412200796	-0.0	-0.0	0.0168722147467	0.378030843132	0.0003851297368488876	31.7281670531	30.7349605407
3.8232434821	5.37298136646	0.411819175847	-0.0	-0.0	0.0168547711067	0.378041697278	0.00038488984703545547	31.6884679639	30.6615878952
3.82589482987	5.37422360248	0.412221109001	-0.0	-0.0	0.01683766904	0.37805233449	0.00038430157340228164	31.6495889559	30.5895579156
3.82147591692	5.37321317589	0.412796906547	-0.0	-0.0	0.0168131410133	0.378067585243	0.00038428078148709793	31.5937391443	30.4864223787
3.81440565621	5.3719265484	0.41481545904	-0.0	-0.0	0.01672814476	0.378120444779	0.00038338015729890557	31.4004221983	30.1290956582
3.8064516129	5.36740417576	0.423572158055	-0.0	-0.0	0.01636665716	0.378345214458	0.00037735733973385773	30.5850753423	28.633532564
3.79584622183	5.36142322097	0.432361185872	-0.0	-0.0	0.01601647492	0.378562868812	0.0003718090094552898	29.8054194906	27.2191397989
3.79275298277	5.35642946317	0.440507459242	-0.0	-0.0	0.0157008088667	0.37875900446	0.00036615759697110497	29.1105405268	25.9760783216
3.77375165709	5.34794863764	0.448825826133	-0.0	-0.0	0.0153861453067	0.378954455199	0.0003620498138751895	28.4260386355	24.7690850043
3.76623950508	5.34473023839	0.457640638631	-0.0	-0.0	0.0150615938533	0.37915598414	0.00035665298838117514	27.7284902431	23.5560276789
3.75519222271	5.34066624764	0.466895802824	-0.0	-0.0	0.0147288175867	0.379362551922	0.00035143095621906754	27.0222326088	22.3483216786
3.74281926646	5.32882315922	0.476785785651	-0.0	-0.0	0.01438135024	0.379578165708	0.000346043397141	26.294655324	21.1270541029
3.72646928856	5.3226010101	0.48755542532	-0.0	-0.0	0.0140122525067	0.379807119744	0.0003406002619628704	25.5327537974	19.8734989824
3.70746796288	5.31664025357	0.499035758619	-0.0	-0.0	0.0136243910667	0.380047620371	0.00033504869970768796	24.7445077289	18.6121168874
3.68669907203	5.30703149857	0.511584822915	-0.0	-0.0	0.0132094509467	0.380304811756	0.00032911719259602433	23.9140625681	17.3193451099
3.68139637649	5.30455559095	0.525150525569	-0.0	-0.0	0.01277572772	0.380573529673	0.00032147317510245507	23.0616159952	16.0232023908
3.66062748564	5.28927203065	0.540031965981	-0.0	-0.0	0.01231776044	0.380857141782	0.00031475557569348497	22.1803521801	14.7143356933
3.64516129032	5.28283151826	0.556468190339	-0.0	-0.0	0.01182521716	0.381162021346	0.0003068490906357559	21.2485621406	13.3810179593
3.62615996465	5.27418836387	0.574505242839	-0.0	-0.0	0.0113024593733	0.381485439176	0.00029866276595872553	20.2820982335	12.0473024959
3.61025187804	5.2639381244	0.58982956185	-0.0	-0.0	0.0108728496533	0.381751096868	0.00029196997324473675	19.5056963661	11.0118044669
3.61290322581	5.26683854335	0.58915433063	-0.0	-0.0	0.0108816798667	0.38174564899	0.0002919229714457764	19.5217387211	11.0458475717
3.6133451171	5.26643041237	0.588929769329	-0.0	-0.0	0.0108864721867	0.3817426798	0.00029197340827826314	19.5300788438	11.0588867732
3.61290322581	5.26610824742	0.588361736753	-0.0	-0.0	0.0108968437467	0.381736267474	0.0002921987861275119	19.5482534799	11.0902591118
3.61511268228	5.26739690722	0.587530289852	-0.0	-0.0	0.0109103873067	0.381727893926	0.00029227097146348254	19.572438795	11.1349149058
3.6137870084	5.26707474227	0.586500896798	-0.0	-0.0	0.0109278105333	0.381717128093	0.00029270071719512947	19.6034650041	11.1909919579
3.61732213875	5.27053140097	0.584305308016	-0.0	-0.0	0.0109653968133	0.381693882147	0.00029310807367298767	19.670428516	11.3117025196
3.62660185594	5.27418836387	0.564595744824	-0.0	-0.0	0.01131748792	0.381476143732	0.0002988378230967713	20.3037154604	12.4558887498
3.63941670349	5.28475120385	0.545120501548	-0.0	-0.0	0.0117002902933	0.381239326821	0.00030482707707478116	21.0040295355	13.7127284458
3.64781263809	5.29185375241	0.528249500663	-0.0	-0.0	0.01206754608	0.381012040836	0.000310871664584428	21.6867356839	14.9244833787
3.66195315952	5.30291386487	0.513130473449	-0.0	-0.0	0.0124285490533	0.380788544003	0.00031628248398452344	22.3677134018	16.1235275012
3.66990720283	5.31296	0.499342004493	-0.0	-0.0	0.01279275704	0.380562981172	0.000322264619792068	23.063647629	17.3319037013
3.67830313743	5.32107451231	0.486571567321	-0.0	-0.0	0.0131643214933	0.38033277763	0.00032832655007751456	23.7833753276	18.5659026513
3.68493150685	5.3268370607	0.47501863576	-0.0	-0.0	0.0135363507067	0.380102200432	0.0003345367396065711	24.5135038393	19.7982872571
3.69642068051	5.34003831418	0.465068690236	-0.0	-0.0	0.01388941736	0.379883296549	0.000339955007718855	25.2154606304	20.9651491926
3.70437472382	5.34577352472	0.456070621629	-0.0	-0.0	0.0142436939733	0.379663564783	0.0003456968772435507	25.9276957218	22.1262453277
3.7140963323	5.35468451243	0.448011658305	-0.0	-0.0	0.0145923324	0.379447254153	0.0003511608287209401	26.6358685455	23.263462183
3.7229341582	5.36198662846	0.440550009698	-0.0	-0.0	0.0149523432267	0.379223808033	0.00035688406117332115	27.3733217603	24.4229510958
3.72956252762	5.36470588235	0.433877849977	-0.0	-0.0	0.01531051036	0.379001435686	0.0003627510984309653	28.112682474	25.5631058903
3.73486522316	5.36999364272	0.428310645972	-0.0	-0.0	0.0156541339733	0.378788000141	0.0003684294320880375	28.8248999346	26.6272209013
3.74944763588	5.37666455295	0.423324248152	-0.0	-0.0	0.0160203404533	0.378560468485	0.00037352809147762537	29.584880804	27.7165092574
3.76668139638	5.3915796138	0.419550240811	-0.0	-0.0	0.0163805580933	0.378336576606	0.0003781546525153554	30.3297282699	28.7176535156
3.77242598321	5.39159292035	0.416853736495	-0.0	-0.0	0.0167494498533	0.378107203997	0.00038395821599627105	31.0865918441	29.6579964025
3.78435704817	5.39149606299	0.414934675743	-0.0	-0.0	0.0171536889067	0.377855759824	0.0003896163030623333	31.9094335245	30.6072721368
3.78656650464	5.39018250472	0.414644412711	-0.0	-0.0	0.0172135081733	0.377818545201	0.0003904076409393497	32.0319042257	30.749743588
3.78612461335	5.38880150991	0.414820547664	-0.0	-0.0	0.0172105263333	0.377820397741	0.00039038850973330264	32.0241422748	30.7271247116
3.78347326558	5.39193446755	0.415007381574	-0.0	-0.0	0.0172006025333	0.377826563449	0.00039047801239917965	32.0018765067	30.6896893553
3.78745028723	5.39263224181	0.415267660222	-0.0	-0.0	0.01718904456	0.377833755356	0.00038985460240890723	31.9760325427	30.642545025
3.78656650464	5.3947700063	0.415414567888	-0.0	-0.0	0.0171828699867	0.377837604718	0.0003898279874183668	31.961957619	30.6164476642
3.7817057004	5.38929133858	0.415756197302	-0.0	-0.0	0.01716859528	0.37784648584	0.00039006141849651455	31.9297280362	30.5562972688
3.77905435263	5.38953671604	0.416196860188	-0.0	-0.0	0.0171501267867	0.377857973702	0.00038998968033421077	31.8880857754	30.4787629284
3.77551922227	5.38958990536	0.418299154806	-0.0	-0.0	0.01706294408	0.377912213633	0.00038871989483139967	31.6916511345	30.1128343972
3.75828546178	5.38783269962	0.42617867491	-0.0	-0.0	0.01674356016	0.378110859344	0.0003845235103955526	30.9775939704	28.7886201147
3.74591250552	5.37678401522	0.434878301387	-0.0	-0.0	0.0164037507733	0.378322152873	0.0003794456787052546	30.2266021459	27.4073781411
3.74016791869	5.37503969514	0.443136790428	-0.0	-0.0	0.0160906825333	0.378516744013	0.0003741965419833025	29.5430934514	26.1650197623
3.73221387539	5.36745073109	0.451557042042	-0.0	-0.0	0.0157808553067	0.378709269682	0.0003692249634956213	28.8746161939	24.963421869
3.73044631021	5.36395422759	0.460100525979	-0.0	-0.0	0.0154743623067	0.37889966642	0.00036370459592521094	28.2211197952	23.804644391
3.72425983208	5.35930047695	0.469238159696	-0.0	-0.0	0.0151550994533	0.379097929034	0.00035837198609571795	27.5483758325	22.6285353728
3.71144498453	5.35395408163	0.47872869475	-0.0	-0.0	0.0148316887067	0.379298702968	0.0003535755882790423	26.8750684938	21.4705087951
3.69818824569	5.34270201214	0.488915024494	-0.0	-0.0	0.0144959934	0.379507034511	0.0003486016789969694	26.1855562201	20.2995869633
3.68979231109	5.33461169703	0.499302674232	-0.0	-0.0	0.0141610572533	0.379714825233	0.00034320080320141564	25.5069097104	19.1702301163
3.67520989837	5.31893793986	0.510807230496	-0.0	-0.0	0.0137938848667	0.379942535014	0.0003377626801103906	24.7730270775	17.9838232644
3.66018559434	5.30769230769	0.523202583666	-0.0	-0.0	0.0134071160933	0.380182307508	0.00033201293599341767	24.012178846	16.7839854254
3.64958020327	5.29855537721	0.537036615795	-0.0	-0.0	0.0129895113467	0.38044109228	0.00032527564490234326	23.2043457773	15.5386448545
3.63720724702	5.28856041131	0.551107377414	-0.0	-0.0	0.0125746587867	0.380698064572	0.00031873653970223583	22.4157738061	14.359535059
3.62881131242	5.28079768414	0.567020456784	-0.0	-0.0	0.0121117381733	0.380984685858	0.00031093357017577427	21.5502369841	13.1171033876
3.61069376933	5.26756931012	0.585154047231	-0.0	-0.0	0.0115982158533	0.381302482433	0.00030298547547324484	20.6066551702	11.8166460134
3.59611135661	5.25209812782	0.604204176286	-0.0	-0.0	0.0110636225333	0.3816331456	0.00029429877960324434	19.6442826504	10.5620752029
3.57401679187	5.23801813472	0.628154298046	-0.0	-0.0	0.0104102220533	0.382037052233	0.00028402010562265007	18.4993834736	9.14624388529
3.53999116217	5.21347217703	0.656964394674	-0.0	-0.0	0.00965482125333	0.382503685504	0.00027278709479217436	17.2204271473	7.65868812944
3.50994255413	5.18993135011	0.685958475333	-0.0	-0.0	0.00892951114667	0.382951402192	0.0002618117275369922	16.03914585	6.37074305954
