# C		CN		K0		e_x		e_y		e_z		n		overlap		p		q
3.45117101193	5.24983187626	0.736441357917	-0.0	-0.0	1.87240000048e-07	0.386519416818	0.000142963139064	5.58541248025	1.78587167035
3.48210340256	5.24974991664	0.656082611654	-0.0	-0.0	0.000531443826667	0.38619341463	0.000151161253899	6.10917863765	2.72608472027
3.51038444543	5.2542204568	0.577536378018	-0.0	-0.0	0.00134984762667	0.385690867373	0.000164252218757	6.95268469611	4.08884992536
3.53601414052	5.2587113741	0.532454318596	-0.0	-0.0	0.00212068413333	0.385217152912	0.000176268195869	7.77920828388	5.28420750297
3.55148033584	5.26524590164	0.503634673386	-0.0	-0.0	0.00286652962667	0.384758448856	0.000188113032134	8.60591488646	6.38431174217
3.5629695095	5.27808712742	0.482816777285	-0.0	-0.0	0.00361248325333	0.384299335973	0.00020002373748	9.46016227884	7.46726754343
3.57578435705	5.28011753183	0.467360474358	-0.0	-0.0	0.00433858268	0.383852113729	0.000211404848351	10.3178091276	8.52165212205
3.59743703049	5.28140214216	0.45574979805	-0.0	-0.0	0.00503626472	0.383422088422	0.000221706628672	11.1649342919	9.53678110453
3.60760053027	5.27984471045	0.446509503768	-0.0	-0.0	0.00572674384	0.382996210487	0.000232518722558	12.0255119019	10.5482404405
3.6217410517	5.2868667312	0.438928509542	-0.0	-0.0	0.00641326198667	0.382572478043	0.000242978633084	12.9037323775	11.5662421856
3.63455589925	5.29330328397	0.432720651752	-0.0	-0.0	0.00707321445333	0.382164870199	0.000253072969511	13.7702944169	12.5626096527
3.65090587715	5.29730596536	0.42732574306	-0.0	-0.0	0.00772982676	0.381759060608	0.000262855917167	14.6547692892	13.5751797728
3.66062748564	5.30301089045	0.422880045455	-0.0	-0.0	0.00836371930667	0.381367036272	0.000272683498921	15.5277484849	14.5653384922
3.67167476801	5.30607028754	0.418833095223	-0.0	-0.0	0.00898968749333	0.380979673281	0.000282261046019	16.4095548363	15.5686983456
3.68360583297	5.31208160663	0.41537442846	-0.0	-0.0	0.00960245564	0.380600238311	0.000291503215073	17.289115681	16.5631551781
3.69686257181	5.32346386501	0.412293655019	-0.0	-0.0	0.01020852716	0.380224726693	0.000300496168629	18.1764580061	17.5641137708
3.70879363677	5.32846251588	0.409578789329	-0.0	-0.0	0.0108068733867	0.379853772807	0.000309448414499	19.0690889116	18.5670466819
3.7224922669	5.33217226092	0.406995242574	-0.0	-0.0	0.0114085767867	0.37948051643	0.000318329665415	19.984681268	19.5993493316
3.73840035351	5.33933080808	0.404262344502	-0.0	-0.0	0.0121410528933	0.379025834233	0.000329160008169	21.1207606773	20.8718728443
3.74944763588	5.34363177806	0.402280355978	-0.0	-0.0	0.0127213886267	0.378665356146	0.000337829930657	22.0375165679	21.8982766346
3.76049491825	5.34632306725	0.400480597898	-0.0	-0.0	0.0132863232	0.378314247219	0.000346204251062	22.9438080632	22.9131945609
3.77198409191	5.35561833019	0.398852878693	-0.0	-0.0	0.0138520024667	0.377962469327	0.000354529324622	23.8647793055	23.9409202332
3.77507733098	5.35622452179	0.397323110949	-0.0	-0.0	0.01442276032	0.377607336592	0.000363739399306	24.808770558	24.9937940058
3.77861246133	5.35452552459	0.395685694506	-0.0	-0.0	0.0150851648267	0.377194930825	0.000374401385836	25.9202607237	26.2323900899
3.79231109147	5.3615625	0.394507456391	-0.0	-0.0	0.0156255701333	0.376858264774	0.000381985802743	26.839224559	27.251226746
3.80866106938	5.37137511693	0.393371706733	-0.0	-0.0	0.0161585611733	0.376526047286	0.000389176870354	27.7584077258	28.2732854236
3.8232434821	5.37748756219	0.392294847314	-0.0	-0.0	0.01669558644	0.3761911361	0.000396608513394	28.696917592	29.3164273099
3.82677861246	5.38036047234	0.391882483862	-0.0	-0.0	0.0169151308667	0.376054167306	0.000399878570343	29.0833186931	29.7450771453
3.82456915599	5.38195956454	0.39214663973	-0.0	-0.0	0.0169067821467	0.376059376433	0.000399940322997	29.0653116381	29.704949657
3.8236853734	5.38102643857	0.392325602545	-0.0	-0.0	0.0168967420667	0.376065637603	0.000399846808422	29.0454183287	29.669927151
3.82501104728	5.38102643857	0.392766459151	-0.0	-0.0	0.01688252576	0.376074510795	0.000399363296835	29.0109709641	29.5986163706
3.82235969951	5.37947122862	0.392991716601	-0.0	-0.0	0.0168722147467	0.376080944066	0.000399446166548	28.9902424787	29.5590378867
3.82059213433	5.37853810264	0.393368770204	-0.0	-0.0	0.0168547711067	0.37609182739	0.000399304714149	28.9553362021	29.4926548732
3.82147591692	5.37916018663	0.393742351273	-0.0	-0.0	0.01683766904	0.376102497418	0.000398892066822	28.9210789102	29.4273152779
3.82191780822	5.37916018663	0.39427658226	-0.0	-0.0	0.0168131410133	0.376117797476	0.000398386286472	28.8719732487	29.3339286637
3.81838267786	5.3778400249	0.396131993375	-0.0	-0.0	0.01672814476	0.376170818562	0.000397161559511	28.7021785974	29.0118992016
3.80203269996	5.36985018727	0.404180473167	-0.0	-0.0	0.01636665716	0.37639628691	0.000392061196496	27.9845589207	27.6610928066
3.79319487406	5.36133666458	0.412286162122	-0.0	-0.0	0.01601647492	0.37661462807	0.000386348080584	27.2961445621	26.3771213671
3.78391515687	5.352297593	0.419834182668	-0.0	-0.0	0.0157008088667	0.376811371059	0.000381364213315	26.6835329487	25.2451050323
3.77198409191	5.3477443609	0.427573808444	-0.0	-0.0	0.0153861453067	0.377007434334	0.000376656615529	26.0795268082	24.1413740974
3.75828546178	5.33898305085	0.435751518845	-0.0	-0.0	0.0150615938533	0.377209602849	0.00037192402632	25.4635714903	23.0314051041
3.75254087494	5.33364750236	0.444374177746	-0.0	-0.0	0.0147288175867	0.377416818232	0.000366245296777	24.8395777638	21.9216775692
3.74326115776	5.32746146587	0.453596313146	-0.0	-0.0	0.01438135024	0.377633107979	0.000360627849545	24.1960343817	20.7962251077
3.73486522316	5.32765689057	0.463693284514	-0.0	-0.0	0.0140122525067	0.3778627798	0.000354508818666	23.5212227847	19.6347581828
3.72160848431	5.31838281744	0.474633903549	-0.0	-0.0	0.0136243910667	0.378104036048	0.000348506117	22.8223991649	18.4532592965
3.7145382236	5.31090047393	0.486662199192	-0.0	-0.0	0.0132094509467	0.378362032104	0.000341399826163	22.0864591553	17.236620162
3.70172337605	5.29696394687	0.499549932341	-0.0	-0.0	0.01277572772	0.378631591581	0.000334477755534	21.330805503	16.0197145412
3.6893504198	5.2912836767	0.513584798335	-0.0	-0.0	0.01231776044	0.378916088234	0.000327058924639	20.547447735	14.7909542696
3.66858152894	5.27726550079	0.529142470604	-0.0	-0.0	0.01182521716	0.379221926966	0.000319777069608	19.7228461208	13.5355174755
3.65267344233	5.26641172721	0.546316592916	-0.0	-0.0	0.0113024593733	0.379546360859	0.000311518203247	18.8669060085	12.271050068
3.63941670349	5.25534631344	0.561069568423	-0.0	-0.0	0.0108728496533	0.379812856525	0.000304735342975	18.1783118146	11.2796764051
3.6385329209	5.25470794765	0.560593650598	-0.0	-0.0	0.0108816798667	0.379807380116	0.000304971511247	18.1922991889	11.3056660804
3.6385329209	5.25470794765	0.56025169572	-0.0	-0.0	0.0108864721867	0.379804407947	0.000305062889802	18.2001360939	11.3229891788
3.64030048608	5.25598467922	0.559763223529	-0.0	-0.0	0.0108968437467	0.379797975518	0.000305102753563	18.2164148222	11.3509351365
3.64339372514	5.25917650814	0.559054277087	-0.0	-0.0	0.0109103873067	0.379789575718	0.000305091424951	18.2377900497	11.3901747415
3.64206805126	5.25821895946	0.558124290463	-0.0	-0.0	0.0109278105333	0.379778769557	0.000305522220369	18.2654703574	11.4415684626
3.64206805126	5.25821895946	0.556121040592	-0.0	-0.0	0.0109653968133	0.37975545731	0.000306212305792	18.3252331345	11.5529164301
3.65355722492	5.27545483562	0.538300722328	-0.0	-0.0	0.01131748792	0.37953704297	0.000311707243235	18.8900992263	12.5997386601
3.66813963765	5.27998727331	0.520563649893	-0.0	-0.0	0.0117002902933	0.379299482162	0.000317490369199	19.5145325266	13.7511897218
3.67962881131	5.28875476493	0.505022709524	-0.0	-0.0	0.01206754608	0.379071484842	0.000323241656044	20.123316013	14.8662080087
3.6889085285	5.29968253968	0.491103849983	-0.0	-0.0	0.0124285490533	0.37884728088	0.000329064071219	20.7306268827	15.9666459901
3.69863013699	5.30827783064	0.478263097121	-0.0	-0.0	0.01279275704	0.378621018719	0.00033489307876	21.3518194151	17.0813437079
3.70481661511	5.31620678719	0.466336069352	-0.0	-0.0	0.0131643214933	0.378390085653	0.000341161736973	21.9939640841	18.2194151122
3.71365444101	5.32182451695	0.455427034458	-0.0	-0.0	0.0135363507067	0.378158790696	0.000347182212686	22.6453781638	19.361071486
3.72116659302	5.33016777461	0.445947414723	-0.0	-0.0	0.01388941736	0.377939196966	0.000352957443025	23.2711538666	20.4452849516
3.7313300928	5.33565107459	0.437271657201	-0.0	-0.0	0.0142436939733	0.377718774786	0.000358479480145	23.905828312	21.529223218
3.73707467963	5.3395451674	0.429536033264	-0.0	-0.0	0.0145923324	0.377501785815	0.000364297156411	24.5365820549	22.5874556149
3.74591250552	5.34247871334	0.422271360152	-0.0	-0.0	0.0149523432267	0.377277639374	0.000370000033885	25.1940593262	23.67306997
3.75386654883	5.34771653543	0.415768700529	-0.0	-0.0	0.01531051036	0.377054566474	0.000375725580438	25.8530532195	24.740138316
3.75916924437	5.35653543307	0.410184950082	-0.0	-0.0	0.0156541339733	0.376840465199	0.000381414377627	26.4889781585	25.7479504139
3.76933274414	5.3650094399	0.405050716998	-0.0	-0.0	0.0160203404533	0.376612224348	0.000386947207907	27.16798188	26.7889484587
3.78038002651	5.36860282575	0.401030119702	-0.0	-0.0	0.0163805580933	0.376387628938	0.00039218630637	27.8332023046	27.753650219
3.79673000442	5.38244514107	0.398122431159	-0.0	-0.0	0.0167494498533	0.376157543427	0.000396915264473	28.508708774	28.6577058969
3.79673000442	5.38157894737	0.396104503874	-0.0	-0.0	0.0171536889067	0.375905302255	0.000403845974274	29.2421327495	29.5599322202
3.79717189571	5.3838921968	0.395911762079	-0.0	-0.0	0.0172135081733	0.375867968251	0.00040481206828	29.3498780441	29.6847025477
3.79761378701	5.38420557819	0.396016477483	-0.0	-0.0	0.0172105263333	0.375869829311	0.000404706892114	29.34368844	29.6698298854
3.79584622183	5.38295205265	0.396199633111	-0.0	-0.0	0.0172006025333	0.375876019727	0.000404712472701	29.3240372758	29.6349113718
3.79496243924	5.38307210031	0.396440836309	-0.0	-0.0	0.01718904456	0.375883236589	0.000404592077028	29.3010240682	29.5918607212
3.79496243924	5.38275862069	0.396578317177	-0.0	-0.0	0.0171828699867	0.375887083744	0.000404477219958	29.2886985289	29.5681404771
3.79452054795	5.38244514107	0.396890978211	-0.0	-0.0	0.01716859528	0.375895994799	0.000404258154736	29.2601446716	29.5137162582
3.79673000442	5.38432601881	0.397292090361	-0.0	-0.0	0.0171501267867	0.375907525351	0.000403679143621	29.2232986943	29.4437788843
3.79452054795	5.38213166144	0.399206881863	-0.0	-0.0	0.01706294408	0.375961933051	0.000402290665989	29.0496118699	29.113667691
3.790101635	5.38241758242	0.406390009237	-0.0	-0.0	0.01674356016	0.37616120895	0.00039680153694	28.4173504965	27.9164978549
3.77507733098	5.37095253065	0.414297583872	-0.0	-0.0	0.0164037507733	0.376373159214	0.000392036359243	27.752058925	26.6671074904
3.7649138312	5.36154814349	0.421828973375	-0.0	-0.0	0.0160906825333	0.376568361043	0.000387261212152	27.1461527917	25.5390958874
3.75475033142	5.35118110236	0.429520317693	-0.0	-0.0	0.0157808553067	0.376761492588	0.00038254287411	26.5529058276	24.4446942028
3.74723817941	5.34173228346	0.437368446684	-0.0	-0.0	0.0154743623067	0.376952480108	0.000377616589424	25.9724674402	23.3839688402
3.74458683164	5.33868935098	0.445737248916	-0.0	-0.0	0.0151550994533	0.377151365737	0.000371972967583	25.3749107685	22.3069904466
3.73309765798	5.33438585412	0.45442403501	-0.0	-0.0	0.0148316887067	0.377352759998	0.000367123899984	24.7770900348	21.2449356515
3.72602739726	5.32901390645	0.463725318726	-0.0	-0.0	0.0144959934	0.377561746649	0.000361618188547	24.164553805	20.1699148161
3.71674768007	5.32415321304	0.473366636985	-0.0	-0.0	0.0141610572533	0.377770193678	0.000356344416239	23.5610410995	19.1213102631
3.70967741935	5.31538948702	0.484199783962	-0.0	-0.0	0.0137938848667	0.377998617537	0.00035026052534	22.9085704417	18.0089130919
3.6973044631	5.30405833862	0.495892859345	-0.0	-0.0	0.0134071160933	0.378239143799	0.000344318952893	22.231822684	16.8801600388
3.68669907203	5.29682539683	0.508858323728	-0.0	-0.0	0.0129895113467	0.378498734544	0.000337630940556	21.5123638789	15.7092698859
3.67741935484	5.28925619835	0.52204850182	-0.0	-0.0	0.0125746587867	0.378756517791	0.000330859764982	20.8092666253	14.5968906689
3.66593018118	5.28039465309	0.537230771669	-0.0	-0.0	0.0121117381733	0.37904403765	0.000323397376655	20.0379629793	13.4101584506
3.6473707468	5.26203379025	0.554442211165	-0.0	-0.0	0.0115982158533	0.379362830536	0.000315609858094	19.1987533639	12.1687381346
3.62660185594	5.24752158618	0.572870294277	-0.0	-0.0	0.0110636225333	0.379694530351	0.00030758152418	18.3424303111	10.9536962242
3.60892620415	5.22631241997	0.5965051084	-0.0	-0.0	0.0104102220533	0.380099705857	0.000297083052646	17.3218421736	9.56120693366
3.57843570482	5.20810550016	0.625365789887	-0.0	-0.0	0.00965482125333	0.380567802213	0.000285793003937	16.1812812276	8.080121458
3.5466195316	5.18114304165	0.654564573173	-0.0	-0.0	0.00892951114667	0.381016919752	0.000275047680559	15.1217348337	6.78643236767
