# C		CN		K0		e_x		e_y		e_z		n		overlap		p		q
3.4449845338	5.24537192864	0.736329455551	-0.0	-0.0	1.87240000048e-07	0.387090521984	0.000127733080268	5.58496124647	1.78664727994
3.47724259832	5.2510851419	0.650052974816	-0.0	-0.0	0.000531443826667	0.386764823279	0.000136048960736	6.17460124993	2.81828322663
3.50640742377	5.26460823373	0.572356533959	-0.0	-0.0	0.00134984762667	0.386262743857	0.000149131668335	7.12288746031	4.26078853248
3.52275740168	5.27408142999	0.530771241489	-0.0	-0.0	0.00212068413333	0.385789471487	0.000161533516387	8.05176741517	5.49800092781
3.53866548829	5.27563468513	0.504337500853	-0.0	-0.0	0.00286652962667	0.385331193353	0.000173388642876	8.98526776869	6.65163892707
3.55634114008	5.27236971485	0.485366744108	-0.0	-0.0	0.00361248325333	0.384872509675	0.000185010293196	9.95252445167	7.79694478253
3.56208572691	5.26880313931	0.471566368753	-0.0	-0.0	0.00433858268	0.384425701957	0.000196797774194	10.9247868202	8.91296511853
3.58152894388	5.27278645833	0.461347527449	-0.0	-0.0	0.00503626472	0.383996076972	0.000207268197419	11.886731809	9.99037907205
3.59080866107	5.27305194805	0.452870418518	-0.0	-0.0	0.00572674384	0.383570594981	0.000218187533688	12.8698746331	11.0846485286
3.60141405214	5.27900194426	0.446125555404	-0.0	-0.0	0.00641326198667	0.383147256976	0.000228928223713	13.8745240633	12.1834955187
3.61776403005	5.27732989358	0.440583965601	-0.0	-0.0	0.00707321445333	0.382740029126	0.000238789499061	14.8653682605	13.2618548683
3.64162615996	5.28975265018	0.435883576841	-0.0	-0.0	0.00772982676	0.382334595541	0.000248057268355	15.8750958998	14.3533916043
3.66106937693	5.28968380709	0.431887006781	-0.0	-0.0	0.00836371930667	0.381942937924	0.000257205557917	16.872906437	15.429527363
3.67388422448	5.30185067007	0.428394372839	-0.0	-0.0	0.00898968749333	0.381555935066	0.000266635190906	17.8806661088	16.5134930761
3.68625718073	5.31156419242	0.42532401685	-0.0	-0.0	0.00960245564	0.381176853795	0.000275850852587	18.8883314973	17.5960046573
3.70083959346	5.31355125357	0.422627963828	-0.0	-0.0	0.01020852716	0.380801689033	0.000284735813877	19.9044381978	18.6840196618
3.706142289	5.31505546751	0.420260961844	-0.0	-0.0	0.0108068733867	0.380431084157	0.000294154030109	20.9254403535	19.7736758917
3.72823685373	5.32102272727	0.418088847478	-0.0	-0.0	0.0114085767867	0.380058181148	0.000302267238418	21.9710302378	20.8888075967
3.7308882015	5.32187894073	0.415686205657	-0.0	-0.0	0.0121410528933	0.379603915372	0.000314076428209	23.2689692479	22.2724438148
3.74370304905	5.33091939547	0.413920216533	-0.0	-0.0	0.0127213886267	0.379243772863	0.00032251183708	24.3178310615	23.3918490451
3.75828546178	5.34412319296	0.412383970417	-0.0	-0.0	0.0132863232	0.378892987133	0.000330507875379	25.3550140788	24.4946423645
3.7733097658	5.34910686305	0.411039007664	-0.0	-0.0	0.0138520024667	0.378541540379	0.000338466151973	26.4104086514	25.6103751154
3.78700839593	5.35846105724	0.409743785789	-0.0	-0.0	0.01442276032	0.378186736839	0.00034663679968	27.4934590317	26.7572891902
3.79407865665	5.36269915651	0.408230685762	-0.0	-0.0	0.0150851648267	0.377774709724	0.000356977200865	28.7757408725	28.123802757
3.80512593902	5.36491118729	0.40726319867	-0.0	-0.0	0.0156255701333	0.377438363759	0.000364808277081	29.8332764429	29.2361922282
3.81838267786	5.37690631808	0.406207092623	-0.0	-0.0	0.0161585611733	0.377106455541	0.000372325081343	30.8941306099	30.3651049276
3.82633672117	5.3797389683	0.405316312668	-0.0	-0.0	0.01669558644	0.376771864056	0.000380422511419	31.9761111837	31.506675798
3.83340698188	5.38070121005	0.404961199294	-0.0	-0.0	0.0169151308667	0.376635017881	0.000383351917615	32.4229926069	31.9786174002
3.8316394167	5.37914986038	0.405242061848	-0.0	-0.0	0.0169067821467	0.376640219125	0.000383358790104	32.4019354239	31.9328538471
3.83031374282	5.37821905057	0.405435247554	-0.0	-0.0	0.0168967420667	0.376646477675	0.000383305619335	32.3787845689	31.8928671327
3.83252319929	5.38081936685	0.405764012621	-0.0	-0.0	0.01688252576	0.376655339397	0.000382817029237	32.3455059444	31.8309130099
3.832081308	5.38050900062	0.406024090033	-0.0	-0.0	0.0168722147467	0.37666175996	0.00038266636281	32.3213024582	31.7840473285
3.83252319929	5.38050900062	0.4064140097	-0.0	-0.0	0.0168547711067	0.376672639872	0.000382295068793	32.280620362	31.7095562294
3.82898806894	5.38043478261	0.406815901171	-0.0	-0.0	0.01683766904	0.376683292925	0.000382325200771	32.240602154	31.6347769868
3.82589482987	5.37899968934	0.40739039572	-0.0	-0.0	0.0168131410133	0.376698583878	0.000382170995917	32.183237667	31.527933007
3.82501104728	5.37775706741	0.409391950741	-0.0	-0.0	0.01672814476	0.376751554319	0.000380655126965	31.9848752726	31.1590477162
3.81705700398	5.37932108377	0.418095888512	-0.0	-0.0	0.01636665716	0.37697681102	0.000374627362985	31.1476546157	29.6128353981
3.80777728679	5.37199875273	0.426789906766	-0.0	-0.0	0.01601647492	0.377194949358	0.000368944582399	30.346626257	28.153617674
3.79363676536	5.36102435978	0.434858103705	-0.0	-0.0	0.0157008088667	0.377391521248	0.000364371592482	29.6329445384	26.870631601
3.79098541759	5.36	0.443165057757	-0.0	-0.0	0.0153861453067	0.37758739674	0.000358700157051	28.9290199485	25.6190934233
3.77949624392	5.35640463514	0.452003079687	-0.0	-0.0	0.0150615938533	0.377789374765	0.000353654179494	28.210835356	24.3582997121
3.76933274414	5.35142767493	0.461320851417	-0.0	-0.0	0.0147288175867	0.377996391865	0.000348338066903	27.483683792	23.100852379
3.75519222271	5.34256055363	0.471253479138	-0.0	-0.0	0.01438135024	0.378212485643	0.000343087744781	26.7337819111	21.8306463945
3.74679628811	5.34089477001	0.482128417273	-0.0	-0.0	0.0140122525067	0.378441943481	0.000336898412831	25.9475987916	20.5230657486
3.73177198409	5.33217556047	0.493824014003	-0.0	-0.0	0.0136243910667	0.378682975313	0.000330930973241	25.1356471469	19.2031901005
3.7224922669	5.32259083728	0.506585039757	-0.0	-0.0	0.0132094509467	0.378940731193	0.000323958203758	24.2826476816	17.8545594766
3.70349094123	5.31462099588	0.520288390868	-0.0	-0.0	0.01277572772	0.379210037065	0.000317412727503	23.405734369	16.5071012239
3.6809544852	5.30477707006	0.53503887136	-0.0	-0.0	0.01231776044	0.379494271956	0.000310768558438	22.4986568966	15.1603015012
3.66593018118	5.29374201788	0.551409638745	-0.0	-0.0	0.01182521716	0.379799827684	0.000302840363263	21.5433538707	13.7874057922
3.64206805126	5.27223288548	0.569464768968	-0.0	-0.0	0.0113024593733	0.380123957426	0.000295019138371	20.5507605526	12.4097025434
3.62925320371	5.2597693786	0.58469752394	-0.0	-0.0	0.0108728496533	0.380390205003	0.000288019066232	19.7520159887	11.3437999529
3.6301369863	5.2600896861	0.584105372915	-0.0	-0.0	0.0108816798667	0.380384733692	0.000288114239705	19.7682762206	11.3755360949
3.6301369863	5.26073030109	0.583880370374	-0.0	-0.0	0.0108864721867	0.380381764291	0.000288198983065	19.7767292853	11.3889209875
3.62925320371	5.2600896861	0.583212955296	-0.0	-0.0	0.0108968437467	0.38037533785	0.000288462261837	19.7957812081	11.4252120605
3.62925320371	5.26081384172	0.582459313922	-0.0	-0.0	0.0109103873067	0.380366945869	0.000288708112075	19.820153595	11.4679421533
3.62969509501	5.26073030109	0.581419766807	-0.0	-0.0	0.0109278105333	0.380356152468	0.000288993607482	19.8518955383	11.5259744442
3.63499779054	5.26617552851	0.579208925818	-0.0	-0.0	0.0109653968133	0.380332863278	0.000289261417681	19.9203364103	11.6506167929
3.65046398586	5.27877237852	0.5595386549	-0.0	-0.0	0.01131748792	0.38011464152	0.00029447429812	20.5677664251	12.8253547288
3.66106937693	5.29539641944	0.540073223545	-0.0	-0.0	0.0117002902933	0.379877302509	0.000300622540124	21.2841890875	14.1179989854
3.67653557225	5.30452806122	0.523063323258	-0.0	-0.0	0.01206754608	0.379649517035	0.00030607355373	21.9835732385	15.3726149568
3.69244365886	5.31444939529	0.507785383461	-0.0	-0.0	0.0124285490533	0.37942553122	0.000311366748641	22.6823375481	16.6174935582
3.69686257181	5.32103086223	0.493861769547	-0.0	-0.0	0.01279275704	0.379199468895	0.000317674832928	23.3979706665	17.8736236249
3.70835174547	5.33449920509	0.480967964719	-0.0	-0.0	0.0131643214933	0.378968759295	0.00032350713927	24.1385785246	19.1576524275
3.72205037561	5.33967649857	0.46932976827	-0.0	-0.0	0.0135363507067	0.378737673879	0.000329128534264	24.8900027002	20.4394581695
3.73177198409	5.35012674271	0.459360389848	-0.0	-0.0	0.01388941736	0.378518295359	0.00033474966081	25.6125340016	21.6505974358
3.74370304905	5.35134281201	0.450325407692	-0.0	-0.0	0.0142436939733	0.3782980727	0.000340185362042	26.346600073	22.8585753942
3.75342465753	5.36047979798	0.442250287975	-0.0	-0.0	0.0145923324	0.378081293598	0.000345690246516	27.0769549909	24.0416437778
3.76314626602	5.3636936653	0.434698967945	-0.0	-0.0	0.0149523432267	0.377857347952	0.000351371003514	27.838614796	25.2549722662
3.76712328767	5.36543909348	0.428036908491	-0.0	-0.0	0.01531051036	0.377634483439	0.000357515852294	28.6020741621	26.441832127
3.77419354839	5.37150047185	0.422551118992	-0.0	-0.0	0.0156541339733	0.37742058618	0.000363051693189	29.3372207965	27.5444010181
3.78612461335	5.37664783427	0.417703785024	-0.0	-0.0	0.0160203404533	0.377192546385	0.000368443713868	30.119727667	28.667098855
3.79673000442	5.3838921968	0.414101823152	-0.0	-0.0	0.0163805580933	0.376968159743	0.000373760082539	30.8860426141	29.6948473342
3.80380026513	5.39022862512	0.411378196132	-0.0	-0.0	0.0167494498533	0.376738286034	0.000379497198569	31.6678289199	30.6794281384
3.80777728679	5.39417658109	0.409400618086	-0.0	-0.0	0.0171536889067	0.376486288379	0.000386048501655	32.519102282	31.6787145172
3.80777728679	5.39280125196	0.409100657231	-0.0	-0.0	0.0172135081733	0.376448992104	0.000387075957486	32.6457645186	31.8287540188
3.8068935042	5.39217527387	0.409273219494	-0.0	-0.0	0.0172105263333	0.376450846419	0.000387101435822	32.6378134706	31.8056719271
3.8064516129	5.39292423294	0.409460508853	-0.0	-0.0	0.0172006025333	0.376457036403	0.000386962402294	32.6148119387	31.7666368006
3.80777728679	5.39417658109	0.409719575949	-0.0	-0.0	0.01718904456	0.376464243254	0.000386613878745	32.5881393087	31.7176982865
3.80866106938	5.39480275517	0.409868925242	-0.0	-0.0	0.0171828699867	0.37646809331	0.000386408404361	32.5736988551	31.6904194344
3.80777728679	5.39448966813	0.410210709333	-0.0	-0.0	0.01716859528	0.376476987629	0.000386231494982	32.5404736915	31.6278791817
3.8068935042	5.39386349405	0.410649466147	-0.0	-0.0	0.0171501267867	0.37648850544	0.000385975598696	32.4975070441	31.5474128696
3.8068935042	5.39430003132	0.412731568994	-0.0	-0.0	0.01706294408	0.376542866455	0.000384345479808	32.2949755765	31.1687799795
3.7984975696	5.39209535759	0.420575242068	-0.0	-0.0	0.01674356016	0.376741950914	0.000379214574062	31.5582207657	29.79487215
3.79363676536	5.38932496075	0.429217948623	-0.0	-0.0	0.0164037507733	0.376953703103	0.000373341587989	30.7838009738	28.3639178974
3.78214759169	5.37531407035	0.437477523934	-0.0	-0.0	0.0160906825333	0.377148735273	0.000368625727489	30.079248088	27.0730540424
3.77242598321	5.37035871617	0.445945348968	-0.0	-0.0	0.0157808553067	0.377341680234	0.000363799058775	29.3901002375	25.8213464689
3.76226248343	5.36558462023	0.454573972788	-0.0	-0.0	0.0154743623067	0.377532492835	0.000359057948113	28.7156912857	24.6114275002
3.75430844012	5.36332070707	0.463843766224	-0.0	-0.0	0.0151550994533	0.377731186119	0.000353884056764	28.0216093726	23.3813213387
3.74635439682	5.3570300158	0.47349720663	-0.0	-0.0	0.0148316887067	0.377932407747	0.000348628925994	27.3276507525	22.169685274
3.7308882015	5.34367088608	0.483815798575	-0.0	-0.0	0.0144959934	0.378141197344	0.000343824007453	26.6165893959	20.9476148307
3.72337604949	5.33935361217	0.49432627341	-0.0	-0.0	0.0141610572533	0.378349441844	0.000338293337158	25.9168762772	19.7703969398
3.71232876712	5.33333333333	0.506057268007	-0.0	-0.0	0.0137938848667	0.378577657004	0.000332486586741	25.1615749728	18.5303224954
3.70260715864	5.32411820782	0.518691125864	-0.0	-0.0	0.0134071160933	0.378817957288	0.000326188048133	24.3781974145	17.2772331865
3.6889085285	5.3176170755	0.532471233326	-0.0	-0.0	0.0129895113467	0.3790773117	0.000319666149804	23.5471773986	15.9941252392
3.67432611578	5.30673475902	0.546459080526	-0.0	-0.0	0.0125746587867	0.379334842247	0.000313255626696	22.7357662195	14.7807026209
3.65178965974	5.2880921895	0.562429064442	-0.0	-0.0	0.0121117381733	0.379622101843	0.000306606520776	21.8467190923	13.4966506923
3.62527618206	5.26790876968	0.580408762059	-0.0	-0.0	0.0115982158533	0.379940597956	0.000299322546545	20.8791698569	12.1630586058
3.60583296509	5.25	0.599495015187	-0.0	-0.0	0.0110636225333	0.380271984885	0.000290969522177	19.8912718726	10.8684715654
3.58594785683	5.23660426081	0.623067513302	-0.0	-0.0	0.0104102220533	0.3806767873	0.000280431735753	18.7153322786	9.42207389799
3.55103844454	5.21428571429	0.651625828711	-0.0	-0.0	0.00965482125333	0.381144447893	0.000269177942944	17.4037153711	7.89710264642
3.52585064074	5.20019563091	0.681072566443	-0.0	-0.0	0.00892951114667	0.381593147336	0.000257717527899	16.1897190091	6.55761425709
