# C		CN		K0		e_x		e_y		e_z		n		overlap		p		q
3.43393725144	5.25829383886	0.735990268077	-0.0	-0.0	1.87240000048e-07	0.386275917821	0.000131633283504	5.58678257495	1.79002012558
3.47459125055	5.26718069058	0.651487029321	-0.0	-0.0	0.000531443826667	0.385949786238	0.000139587830963	6.16172146071	2.79739128113
3.49315068493	5.27093760427	0.572752902227	-0.0	-0.0	0.00134984762667	0.385447039513	0.000153122384781	7.08892258068	4.23497563042
3.50596553248	5.27302959761	0.529343603552	-0.0	-0.0	0.00212068413333	0.384973137028	0.000165777380962	7.99998462844	5.48686161336
3.52364118427	5.28031809145	0.501990019964	-0.0	-0.0	0.00286652962667	0.384514250906	0.000177528130492	8.91319794496	6.64506847701
3.54485196642	5.26749917844	0.482476251007	-0.0	-0.0	0.00361248325333	0.384054955795	0.000188974168075	9.8592464041	7.79010305247
3.5634114008	5.27504911591	0.468407559485	-0.0	-0.0	0.00433858268	0.383607556043	0.000200132384584	10.8104909123	8.90137916255
3.58550596553	5.27790432802	0.457928732629	-0.0	-0.0	0.00503626472	0.383177360052	0.000210493288173	11.7520515349	9.97534981375
3.59920459567	5.27682333874	0.449641269234	-0.0	-0.0	0.00572674384	0.382751309826	0.000221179042445	12.7112632104	11.0501010964
3.60804242156	5.28571428571	0.442522764151	-0.0	-0.0	0.00641326198667	0.382327411909	0.000232083528106	13.6942190517	12.1496514585
3.62350861688	5.29809246686	0.436790949668	-0.0	-0.0	0.00707321445333	0.381919642822	0.000242108196245	14.6652297844	13.2253468226
3.64074237738	5.299742434	0.431768734978	-0.0	-0.0	0.00772982676	0.381513670384	0.0002519120434	15.6569123574	14.3223529314
3.65311533363	5.30571612075	0.427593376357	-0.0	-0.0	0.00836371930667	0.381121492223	0.000261628698059	16.6366814559	15.3994415606
3.67874502872	5.30791320996	0.423918629376	-0.0	-0.0	0.00898968749333	0.380733972691	0.000270234299989	17.626568276	16.4857660983
3.69642068051	5.31743002545	0.420774223072	-0.0	-0.0	0.00960245564	0.380354389909	0.000279165770591	18.6167784217	17.566713438
3.71498011489	5.3296319797	0.418009657208	-0.0	-0.0	0.01020852716	0.379978728733	0.000287855703793	19.6160765681	18.6539984135
3.72912063632	5.32975363234	0.41549894794	-0.0	-0.0	0.0108068733867	0.379607628123	0.000296727948963	20.6218491599	19.7490546928
3.74281926646	5.33869441816	0.413240889894	-0.0	-0.0	0.0114085767867	0.379234223596	0.00030562845897	21.6513037054	20.8665093221
3.75872735307	5.34076633166	0.410785149675	-0.0	-0.0	0.0121410528933	0.378779368387	0.000316465950673	22.9297565986	22.2509443205
3.77640300486	5.35025062657	0.409055921667	-0.0	-0.0	0.0127213886267	0.378418739763	0.000324594587718	23.9614245641	23.3646714417
3.79098541759	5.3537308773	0.407364116087	-0.0	-0.0	0.0132863232	0.378067491233	0.000332734495186	24.9849516372	24.4780104847
3.80070702607	5.35805546899	0.405862375895	-0.0	-0.0	0.0138520024667	0.377715573958	0.0003412852796	26.0253856138	25.6043211195
3.80777728679	5.36530675802	0.404449193568	-0.0	-0.0	0.01442276032	0.377360298857	0.000350123268331	27.0918052687	26.7586282185
3.82191780822	5.37426173454	0.402955592891	-0.0	-0.0	0.0150851648267	0.376947724645	0.000359803559595	28.349067132	28.1170836825
3.82412726469	5.3766314481	0.401849654164	-0.0	-0.0	0.0156255701333	0.376610931131	0.000368575270454	29.390982898	29.2402838496
3.83605832965	5.38788819876	0.400895345287	-0.0	-0.0	0.0161585611733	0.376278581781	0.000376303399111	30.4328859778	30.3572724752
3.85196641626	5.39034952057	0.399861452912	-0.0	-0.0	0.01669558644	0.375943537664	0.000383734132411	31.5008554325	31.5129804985
3.85815289439	5.39412673879	0.399452678013	-0.0	-0.0	0.0169151308667	0.375806514505	0.000386803445801	31.9417211989	31.9903129891
3.85594343791	5.39289026275	0.399637824715	-0.0	-0.0	0.0169067821467	0.3758117257	0.000386867247928	31.9226472662	31.9547757338
3.8568272205	5.39381761978	0.399858545134	-0.0	-0.0	0.0168967420667	0.375817992569	0.000386589761094	31.8997455301	31.9122818733
3.85903667698	5.39536321484	0.400170604319	-0.0	-0.0	0.01688252576	0.375826866069	0.000386100555609	31.8673164311	31.8522173438
3.85771100309	5.39548546691	0.400450784363	-0.0	-0.0	0.0168722147467	0.375833301893	0.000386013527327	31.842684552	31.802831779
3.85594343791	5.39455782313	0.400838068291	-0.0	-0.0	0.0168547711067	0.375844184444	0.000385861852562	31.8030058035	31.7290383179
3.85417587274	5.39239332096	0.401220723439	-0.0	-0.0	0.01683766904	0.3758548638	0.000385715638026	31.7640457843	31.6564830248
3.85329209015	5.39251469224	0.401761872147	-0.0	-0.0	0.0168131410133	0.375870165067	0.000385341233787	31.7082718584	31.5533919429
3.84357048166	5.39088654681	0.403651138531	-0.0	-0.0	0.01672814476	0.375923209491	0.000384709734357	31.5151706221	31.1968335756
3.82942996023	5.38502175264	0.4118500728	-0.0	-0.0	0.01636665716	0.376148774351	0.000379277965032	30.6992364541	29.7018460998
3.81882456916	5.37710018668	0.420061625904	-0.0	-0.0	0.01601647492	0.37636719208	0.000373690404569	29.9179831262	28.28710491
3.80998674326	5.37133956386	0.427723066483	-0.0	-0.0	0.0157008088667	0.376564026362	0.000368594230268	29.2228197369	27.039662382
3.7980556783	5.36664584635	0.435575981072	-0.0	-0.0	0.0153861453067	0.376760168084	0.000363816756296	28.5379969574	25.8250499063
3.78435704817	5.35490931832	0.443909319519	-0.0	-0.0	0.0150615938533	0.376962400045	0.000359011191214	27.8399061353	24.6022240068
3.77596111357	5.34971822167	0.452619535357	-0.0	-0.0	0.0147288175867	0.377169702741	0.000353533636403	27.1328369179	23.3860177038
3.76314626602	5.34557438795	0.461921556452	-0.0	-0.0	0.01438135024	0.377386074308	0.00034818591051	26.4045235957	22.1551926928
3.75342465753	5.34392699811	0.472063891028	-0.0	-0.0	0.0140122525067	0.377615844863	0.000342136873804	25.6413267464	20.8890316722
3.73884224481	5.32986767486	0.482994052968	-0.0	-0.0	0.0136243910667	0.377857196869	0.000336183162592	24.851238575	19.6057719204
3.72116659302	5.3211125158	0.495017385919	-0.0	-0.0	0.0132094509467	0.378115295327	0.00032997210106	24.0189356652	18.284823599
3.71277065842	5.3164556962	0.508076615109	-0.0	-0.0	0.01277572772	0.378384962683	0.000322606481964	23.1640642091	16.9554744691
3.6977463544	5.3060577228	0.522268626298	-0.0	-0.0	0.01231776044	0.378669574256	0.000315344476355	22.2783285414	15.6168196266
3.68404772426	5.29942784488	0.538285883726	-0.0	-0.0	0.01182521716	0.378975533341	0.000307311893239	21.343994966	14.2371536509
3.66858152894	5.29008606949	0.556057718784	-0.0	-0.0	0.0113024593733	0.379300094159	0.000298866423939	20.3748740245	12.8476898938
3.64560318162	5.27493606138	0.571044287301	-0.0	-0.0	0.0108728496533	0.379566690888	0.000292751089205	19.5963965534	11.7726031728
3.64781263809	5.27685421995	0.570408826357	-0.0	-0.0	0.0108816798667	0.379561217018	0.000292741361577	19.6125131432	11.8067447668
3.6473707468	5.27621483376	0.570204069419	-0.0	-0.0	0.0108864721867	0.37955824367	0.00029286305646	19.62086163	11.8196613955
3.65002209456	5.27845268542	0.56966569946	-0.0	-0.0	0.0108968437467	0.379551808687	0.000292838899657	19.6391409723	11.8514541475
3.65090587715	5.27909207161	0.568909682966	-0.0	-0.0	0.0109103873067	0.379543405553	0.000293017975573	19.6633139589	11.8952953419
3.65090587715	5.28037084399	0.56793598283	-0.0	-0.0	0.0109278105333	0.379532596908	0.00029333962485	19.6944657453	11.9519383035
3.65399911622	5.28388746803	0.565875020327	-0.0	-0.0	0.0109653968133	0.379509273603	0.000293784254432	19.7616437917	12.073211745
3.66593018118	5.29364826045	0.547372037799	-0.0	-0.0	0.01131748792	0.379290765871	0.000299307042032	20.3975315492	13.2223691379
3.67388422448	5.30207336523	0.529090527876	-0.0	-0.0	0.0117002902933	0.379053116249	0.000305717831129	21.1011136324	14.4837320129
3.6809544852	5.30963010204	0.513137780057	-0.0	-0.0	0.01206754608	0.378825025397	0.000311909565743	21.7874863449	15.7049280626
3.69421122404	5.31383147854	0.498850290536	-0.0	-0.0	0.0124285490533	0.378600736705	0.000317432205429	22.4722698417	16.9124016014
3.70923552806	5.32645284217	0.485748914486	-0.0	-0.0	0.01279275704	0.378374376912	0.000322836156984	23.1730139575	18.1335440605
3.7140963323	5.33386226595	0.473597358061	-0.0	-0.0	0.0131643214933	0.37814336354	0.000329241112751	23.8980524152	19.3817256554
3.72425983208	5.33797909408	0.462500785516	-0.0	-0.0	0.0135363507067	0.377911974376	0.000335188946344	24.6340776247	20.634992052
3.73795846222	5.35402153262	0.452845899503	-0.0	-0.0	0.01388941736	0.377692290817	0.00034045026608	25.3413476916	21.8276989628
3.74679628811	5.36084756483	0.444034208656	-0.0	-0.0	0.0142436939733	0.377471790257	0.000346164301644	26.0590676071	23.0202730119
3.75342465753	5.36260265319	0.436192485941	-0.0	-0.0	0.0145923324	0.377254707595	0.000351952876171	26.772549925	24.1850341328
3.75828546178	5.37018319646	0.428878250335	-0.0	-0.0	0.0149523432267	0.377030472186	0.000358098263779	27.5166579798	25.3779682827
3.76712328767	5.37602523659	0.422350010809	-0.0	-0.0	0.01531051036	0.376807305013	0.000363797011009	28.2630001705	26.5508563208
3.77817057004	5.38437303088	0.416872482331	-0.0	-0.0	0.0156541339733	0.376593124491	0.000368968333412	28.9825186969	27.6491625212
3.78656650464	5.38911607424	0.411861331068	-0.0	-0.0	0.0160203404533	0.376364791492	0.000374747469186	29.7516380661	28.784127939
3.7984975696	5.39792713568	0.408108978944	-0.0	-0.0	0.0163805580933	0.376140102177	0.000379967782527	30.5042129472	29.8232428594
3.80512593902	5.40332705587	0.405330866597	-0.0	-0.0	0.0167494498533	0.375909931479	0.000385781346046	31.2701150282	30.8097948904
3.81263809103	5.40796487927	0.403352879229	-0.0	-0.0	0.0171536889067	0.375657590368	0.000392009670858	32.1032786283	31.8053927783
3.81307998232	5.40721003135	0.403063083636	-0.0	-0.0	0.0172135081733	0.375620241546	0.000392997320325	32.2272386656	31.9539611693
3.81219619973	5.40551551238	0.403232172096	-0.0	-0.0	0.0172105263333	0.375622101493	0.000393024053794	32.219508998	31.9312691601
3.81396376491	5.4078369906	0.403406355846	-0.0	-0.0	0.0172006025333	0.375628292032	0.000392657718232	32.1970702372	31.8935670636
3.81042863456	5.40608341173	0.403646822779	-0.0	-0.0	0.01718904456	0.375635515944	0.000392806426449	32.1710173943	31.8464381557
3.81087052585	5.40639698965	0.403823822112	-0.0	-0.0	0.0171828699867	0.375639371117	0.000392643314605	32.1568166155	31.8167007007
3.81219619973	5.4082784572	0.404101994448	-0.0	-0.0	0.01716859528	0.375648274668	0.000392241597936	32.1246891597	31.7603074379
3.80998674326	5.40777917189	0.404516460525	-0.0	-0.0	0.0171501267867	0.375659814347	0.00039212108232	32.0827709631	31.6822791675
3.80821917808	5.4080351538	0.406484059862	-0.0	-0.0	0.01706294408	0.375714233417	0.000390666248583	31.885418937	31.315229746
3.7984975696	5.40037712131	0.413822967359	-0.0	-0.0	0.01674356016	0.375913590694	0.000385667808217	31.1675219323	29.9888810638
3.79231109147	5.3932725558	0.421903316321	-0.0	-0.0	0.0164037507733	0.376125633026	0.000379924973152	30.4127260287	28.6063013565
3.78082191781	5.38231592196	0.429602989273	-0.0	-0.0	0.0160906825333	0.376320917706	0.000375207460054	29.7255346947	27.3590279847
3.77198409191	5.37775677379	0.437483109358	-0.0	-0.0	0.0157808553067	0.376514120535	0.000370284882921	29.0530306756	26.148983885
3.76403004861	5.37117628508	0.445499799464	-0.0	-0.0	0.0154743623067	0.376705185311	0.00036533070347	28.3954413902	24.9792934183
3.75342465753	5.36650868878	0.454110148201	-0.0	-0.0	0.0151550994533	0.376904142517	0.000360399055853	27.7188517164	23.788825458
3.74370304905	5.35800126502	0.463029395586	-0.0	-0.0	0.0148316887067	0.377105631408	0.000355301839611	27.0424710483	22.6177083849
3.73442333186	5.34979423868	0.4725546874	-0.0	-0.0	0.0144959934	0.377314692367	0.000349938832557	26.3494171447	21.4351080861
3.72116659302	5.34168781726	0.482285519215	-0.0	-0.0	0.0141610572533	0.377523224256	0.000344961831266	25.6666240979	20.291426538
3.71365444101	5.33852511125	0.493236491248	-0.0	-0.0	0.0137938848667	0.377751738585	0.000338849050231	24.9285816477	19.0783800464
3.70216526734	5.32147395172	0.505129708749	-0.0	-0.0	0.0134071160933	0.377992358246	0.000332735254858	24.1627262023	17.8445855034
3.69200176757	5.31498568247	0.518388891462	-0.0	-0.0	0.0129895113467	0.37825205736	0.000325910988727	23.3491595283	16.5632422419
3.67918692002	5.30972886762	0.531907127962	-0.0	-0.0	0.0125746587867	0.378509937246	0.000319382087034	22.5548856406	15.3469933174
3.66593018118	5.29597701149	0.547439601283	-0.0	-0.0	0.0121117381733	0.378797571571	0.000311999444245	21.6841676486	14.0534053872
3.66062748564	5.28735632184	0.56504360801	-0.0	-0.0	0.0115982158533	0.37911649099	0.000303005335198	20.736980415	12.7032575675
3.64295183385	5.27014066496	0.583812272095	-0.0	-0.0	0.0110636225333	0.379448316978	0.000294626738922	19.7717755095	11.3886470994
3.62262483429	5.26236351959	0.607136538174	-0.0	-0.0	0.0104102220533	0.379853652344	0.000284225516742	18.6219463901	9.91189714075
3.58506407424	5.23387096774	0.635320004238	-0.0	-0.0	0.00965482125333	0.38032193942	0.000273237049529	17.3333649754	8.35156357966
3.55634114008	5.21192482178	0.664262646004	-0.0	-0.0	0.00892951114667	0.380771236737	0.000262093563077	16.140532258	6.98164577938
