# C		CN		K0		e_x		e_y		e_z		n		overlap		p		q
3.461776403	5.23671013039	0.736945599305	-0.0	-0.0	1.87240000048e-07	0.388519986488	0.000129793107853	5.58773536718	1.78246930878
3.47591692444	5.24108036012	0.65203798558	-0.0	-0.0	0.000531443826667	0.388195047397	0.000138759499218	6.16487940665	2.79306396644
3.49536014141	5.24046434494	0.576006056543	-0.0	-0.0	0.00134984762667	0.387694139595	0.000152217081883	7.09182281619	4.1917374496
3.51171011931	5.24694214876	0.534916079228	-0.0	-0.0	0.00212068413333	0.387221969284	0.000164583774715	7.99878572685	5.39189607051
3.53601414052	5.2498358503	0.508582735916	-0.0	-0.0	0.00286652962667	0.386764761069	0.000175953128574	8.90833015473	6.51068138931
3.55810870526	5.26119646943	0.490081957446	-0.0	-0.0	0.00361248325333	0.38630714536	0.000187322216198	9.85014336309	7.60962128157
3.57401679187	5.26857887875	0.476660219706	-0.0	-0.0	0.00433858268	0.385861381515	0.000198625944242	10.7980163976	8.67911595323
3.59036676977	5.27730819246	0.466355131341	-0.0	-0.0	0.00503626472	0.385432758527	0.000209326835526	11.7380589975	9.72306362672
3.60141405214	5.28145265888	0.457870679477	-0.0	-0.0	0.00572674384	0.385008266145	0.000220139802241	12.6968313453	10.7791031151
3.62129916041	5.28608330643	0.450744949692	-0.0	-0.0	0.00641326198667	0.384585918201	0.000230278405219	13.6772727577	11.8522498684
3.62483429076	5.28115942029	0.445286488265	-0.0	-0.0	0.00707321445333	0.384179640112	0.000240937801416	14.642219916	12.8885327306
3.63941670349	5.28961748634	0.440455343099	-0.0	-0.0	0.00772982676	0.383775152104	0.000250797875114	15.6270790462	13.9465132196
3.65797613787	5.29334612924	0.436220440447	-0.0	-0.0	0.00836371930667	0.383384407934	0.000259986219094	16.6023597615	14.996582006
3.67079098542	5.303514377	0.432596277038	-0.0	-0.0	0.00898968749333	0.382998305359	0.00026940890103	17.5870272641	16.0502647145
3.68228015908	5.30678560051	0.429589503487	-0.0	-0.0	0.00960245564	0.382620110513	0.000278630428524	18.5687731873	17.0911296229
3.69642068051	5.31089234678	0.426696696169	-0.0	-0.0	0.01020852716	0.382245826623	0.000287539243964	19.5613072065	18.1524798164
3.70393283252	5.31557247066	0.424391599332	-0.0	-0.0	0.0108068733867	0.381876079245	0.000296766989917	20.5565496095	19.2005033135
3.72072470172	5.32995566814	0.422225168609	-0.0	-0.0	0.0114085767867	0.381504040063	0.000305284656444	21.5762176399	20.2762773126
3.72691117985	5.33343878519	0.419871049847	-0.0	-0.0	0.0121410528933	0.381050840592	0.000316766839477	22.8411464377	21.6076106081
3.73265576668	5.33385975995	0.418151394841	-0.0	-0.0	0.0127213886267	0.380691538029	0.000325774462338	23.8617138922	22.6823784556
3.75342465753	5.33899371069	0.416685655257	-0.0	-0.0	0.0132863232	0.380341570422	0.000333221401137	24.8707123522	23.7389608899
3.7733097658	5.35067376998	0.415292804018	-0.0	-0.0	0.0138520024667	0.379990947672	0.00034075384365	25.8978759841	24.8161152072
3.78347326558	5.35922330097	0.41394366877	-0.0	-0.0	0.01442276032	0.379636974943	0.000349228050466	26.9518753211	25.9238906787
3.79407865665	5.3655409631	0.412538534249	-0.0	-0.0	0.0150851648267	0.379225901475	0.000359105043549	28.1939306686	27.2254494702
3.80203269996	5.36891385768	0.411499910322	-0.0	-0.0	0.0156255701333	0.378890341728	0.000367193708953	29.2213240865	28.299649266
3.81440565621	5.36462542742	0.410581782481	-0.0	-0.0	0.0161585611733	0.378559205488	0.000374693146806	30.2471361195	29.3683885395
3.81926646045	5.37678904792	0.409703825552	-0.0	-0.0	0.01669558644	0.37822539203	0.000383018046657	31.2955871667	30.4610108192
3.82059213433	5.37678904792	0.409371558672	-0.0	-0.0	0.0169151308667	0.37808886491	0.000386475282124	31.7274952357	30.9100733572
3.81882456916	5.37616677038	0.409657713151	-0.0	-0.0	0.0169067821467	0.378094047581	0.00038648490359	31.7070775515	30.8655031455
3.81970835175	5.37752878929	0.409853097037	-0.0	-0.0	0.0168967420667	0.37810030041	0.00038621157135	31.6846764117	30.8268670789
3.81970835175	5.3781512605	0.410182338784	-0.0	-0.0	0.01688252576	0.378109141464	0.000385944974028	31.6524729533	30.7672212042
3.81838267786	5.37858032379	0.410443701217	-0.0	-0.0	0.0168722147467	0.378115553756	0.000385885070778	31.6290204135	30.7219790485
3.81838267786	5.37752878929	0.410830415772	-0.0	-0.0	0.0168547711067	0.37812640159	0.00038556008205	31.5896834214	30.6506244055
3.81573133009	5.37745250701	0.411236540442	-0.0	-0.0	0.01683766904	0.378137029155	0.000385507818539	31.5510359683	30.5783892516
3.81661511268	5.37776393647	0.411818811767	-0.0	-0.0	0.0168131410133	0.378152289707	0.00038495782666	31.495489371	30.4748938986
3.81573133009	5.37651821862	0.413823641087	-0.0	-0.0	0.01672814476	0.378205142186	0.000383453673964	31.3035788465	30.1197359822
3.80335837384	5.36911076443	0.422568272665	-0.0	-0.0	0.01636665716	0.378429872696	0.00037790795424	30.4932521741	28.6284036585
3.79407865665	5.36133666458	0.43129598439	-0.0	-0.0	0.01601647492	0.378647487763	0.000372248029066	29.7174199468	27.2208025278
3.78258948299	5.35470753832	0.439420794992	-0.0	-0.0	0.0157008088667	0.378843604705	0.000367417379796	29.0254715331	25.9804911341
3.77021652673	5.34722657474	0.447755798191	-0.0	-0.0	0.0153861453067	0.379039030881	0.000362686704508	28.3438941634	24.7733929536
3.76358815731	5.3493559535	0.456568222971	-0.0	-0.0	0.0150615938533	0.379240531966	0.000357224640814	27.6497097232	23.5619329522
3.75298276624	5.3436123348	0.46586574427	-0.0	-0.0	0.0147288175867	0.379447069326	0.000351982730012	26.9462132637	22.3523232681
3.74502872293	5.33669291339	0.475861719438	-0.0	-0.0	0.01438135024	0.379662650843	0.000346199138842	26.221177085	21.1252102596
3.73663278833	5.3334384858	0.486666664439	-0.0	-0.0	0.0140122525067	0.379891578897	0.00034002533168	25.4610125343	19.8699119399
3.72912063632	5.3240769959	0.498250619608	-0.0	-0.0	0.0136243910667	0.380132048405	0.000333443385691	24.6750998767	18.6036189175
3.70702607159	5.3085443038	0.510964797581	-0.0	-0.0	0.0132094509467	0.380389203131	0.00032763847827	23.8483278214	17.3042699183
3.69067609368	5.30463786531	0.524622547235	-0.0	-0.0	0.01277572772	0.380657884455	0.000320959244016	22.9992591496	16.005888109
3.67476800707	5.29417382999	0.539529561069	-0.0	-0.0	0.01231776044	0.38094145794	0.000313793740424	22.1199134111	14.697368818
3.65311533363	5.28461784458	0.556124817826	-0.0	-0.0	0.01182521716	0.381246295986	0.000306414484099	21.1917478665	13.359913695
3.63499779054	5.27220262905	0.57436274482	-0.0	-0.0	0.0113024593733	0.381569669772	0.000298219271269	20.2316415984	12.0229509622
3.61688024746	5.26036644166	0.589815177341	-0.0	-0.0	0.0108728496533	0.381835296391	0.000291718997585	19.458268834	10.9855598227
3.62085726911	5.26188946015	0.589242756793	-0.0	-0.0	0.0108816798667	0.381829837841	0.000291561627619	19.4738715818	11.0154973567
3.6217410517	5.2611628654	0.588863753537	-0.0	-0.0	0.0108864721867	0.381826875364	0.000291581900275	19.4826112202	11.034448923
3.6217410517	5.26075786769	0.588320340539	-0.0	-0.0	0.0108968437467	0.381820463912	0.000291770905709	19.5007930137	11.0648669257
3.62262483429	5.26236351959	0.587528463201	-0.0	-0.0	0.0109103873067	0.381812091503	0.000291948530316	19.5246736263	11.1078087728
3.62262483429	5.26236351959	0.586487056664	-0.0	-0.0	0.0109278105333	0.381801320581	0.000292270194948	19.5556290497	11.1641998092
3.62483429076	5.26493256262	0.584271119307	-0.0	-0.0	0.0109653968133	0.381778084356	0.000292785367242	19.6223347772	11.2853295568
3.64074237738	5.27756410256	0.56453652244	-0.0	-0.0	0.01131748792	0.381560375593	0.00029797861746	20.2532429782	12.427306297
3.64781263809	5.28740788209	0.545062811476	-0.0	-0.0	0.0117002902933	0.381323590119	0.000304441558782	20.9511464064	13.6806929753
3.66195315952	5.2992	0.52814360237	-0.0	-0.0	0.01206754608	0.3810963359	0.000309994542791	21.6313202734	14.8912226414
3.6721166593	5.30597253274	0.513015484274	-0.0	-0.0	0.0124285490533	0.380872869503	0.000315743654012	22.3096656675	16.087308486
3.68448961555	5.31982125758	0.499162764598	-0.0	-0.0	0.01279275704	0.380647345107	0.0003213384008	23.0035517762	17.2960337658
3.69509500663	5.33046251994	0.486338250693	-0.0	-0.0	0.0131643214933	0.380417165197	0.000327202987043	23.7214740803	18.5303781897
3.70879363677	5.33821189946	0.474702294336	-0.0	-0.0	0.0135363507067	0.3801866194	0.000332794198677	24.4501877216	19.7654621126
3.7224922669	5.34911054638	0.464648052485	-0.0	-0.0	0.01388941736	0.379967745328	0.000338030435424	25.1509790228	20.9371058705
3.73353954927	5.35850253807	0.455554879687	-0.0	-0.0	0.0142436939733	0.379748051466	0.000343495946576	25.8616802424	22.1027581624
3.74016791869	5.36600063432	0.447422191826	-0.0	-0.0	0.0145923324	0.379531762119	0.000349238031908	26.5683075725	23.2436879122
3.74900574459	5.36878759101	0.439861562996	-0.0	-0.0	0.0149523432267	0.379308346622	0.000354952302696	27.3046238939	24.4095034095
3.76049491825	5.36825497002	0.433080156875	-0.0	-0.0	0.01531051036	0.379085995455	0.000360351014934	28.0429466995	25.5574553159
3.7644719399	5.37117628508	0.427375885598	-0.0	-0.0	0.0156541339733	0.378872603333	0.000366160395287	28.7539423213	26.6319207988
3.77198409191	5.37744171393	0.422328111665	-0.0	-0.0	0.0160203404533	0.378645095546	0.000371955289841	29.5120230135	27.7259239643
3.78347326558	5.386406545	0.418471984271	-0.0	-0.0	0.0163805580933	0.378421232231	0.000377155810426	30.2554730791	28.7342545977
3.79319487406	5.39145460258	0.415733407592	-0.0	-0.0	0.0167494498533	0.37819189576	0.000382559103029	31.0110583806	29.6790396475
3.79717189571	5.39478643216	0.413684430993	-0.0	-0.0	0.0171536889067	0.377940484716	0.000389022419185	31.8335826897	30.6416381551
3.79893946089	5.3997485858	0.413513662454	-0.0	-0.0	0.0172135081733	0.377903272459	0.000389829730606	31.9538973051	30.7721575019
3.79893946089	5.3997485858	0.413627274657	-0.0	-0.0	0.0172105263333	0.37790512745	0.000389771528285	31.9469275948	30.7556607378
3.79673000442	5.39849151477	0.413820585966	-0.0	-0.0	0.0172006025333	0.377911300964	0.000389815902562	31.9248022524	30.7177286737
3.79584622183	5.39723444375	0.414098160609	-0.0	-0.0	0.01718904456	0.377918491007	0.000389691354533	31.8987400597	30.668802237
3.79496243924	5.39629164048	0.414284194678	-0.0	-0.0	0.0171828699867	0.377922325867	0.000389665048412	31.8846457724	30.6392822134
3.79363676536	5.39534883721	0.414585110417	-0.0	-0.0	0.01716859528	0.377931210175	0.000389537506891	31.8527224785	30.5828147653
3.79452054795	5.39396795476	0.415037256756	-0.0	-0.0	0.0171501267867	0.377942697715	0.000389102206475	31.8110701736	30.5041528149
3.79186920018	5.39114043355	0.417144303188	-0.0	-0.0	0.01706294408	0.377996930118	0.000387748772909	31.6151674592	30.1377008971
3.78038002651	5.38664987406	0.425040111253	-0.0	-0.0	0.01674356016	0.378195547727	0.000382963300607	30.9026190565	28.8113448248
3.7728678745	5.38209331652	0.433754693073	-0.0	-0.0	0.0164037507733	0.378406815987	0.000377403832986	30.1531380392	27.4280917095
3.76756517897	5.37910353535	0.442050903278	-0.0	-0.0	0.0160906825333	0.378601386612	0.000372126589036	29.4710188066	26.1822290049
3.75872735307	5.36900252525	0.450537331045	-0.0	-0.0	0.0157808553067	0.378793882999	0.000367252169689	28.8037009397	24.9751764774
3.75430844012	5.36576121289	0.459154827008	-0.0	-0.0	0.0154743623067	0.378984249151	0.0003619987574	28.1511328825	23.8106569007
3.7476800707	5.36168194752	0.468380522006	-0.0	-0.0	0.0151550994533	0.379182484766	0.000356678896159	27.4771208776	22.6264970109
3.73707467963	5.35614702155	0.477989483276	-0.0	-0.0	0.0148316887067	0.379383225115	0.00035161345166	26.8010246654	21.4579251212
3.72602739726	5.34622701332	0.488246463036	-0.0	-0.0	0.0144959934	0.379591534529	0.00034640584035	26.1121491692	20.2828725346
3.71542200619	5.34764631043	0.498674983212	-0.0	-0.0	0.0141610572533	0.379799296955	0.000341178709924	25.4343996751	19.1517276268
3.69421122404	5.3345036706	0.510327830774	-0.0	-0.0	0.0137938848667	0.380026970635	0.00033633304024	24.7026036147	17.958790893
3.6725585506	5.31669865643	0.522858081294	-0.0	-0.0	0.0134071160933	0.38026671349	0.00033117564611	23.9445961151	16.7544805217
3.6637207247	5.30505761844	0.536670806216	-0.0	-0.0	0.0129895113467	0.380525465097	0.000324301721744	23.1397439592	15.5131004684
3.65046398586	5.29528695095	0.550820326388	-0.0	-0.0	0.0125746587867	0.38078239965	0.00031786795112	22.3541861662	14.3331535285
3.64030048608	5.28392685274	0.566853918448	-0.0	-0.0	0.0121117381733	0.381068984647	0.000310259131842	21.4925928431	13.0890915027
3.62395050817	5.26452648475	0.584888858221	-0.0	-0.0	0.0115982158533	0.381386737944	0.000302217303555	20.5548532118	11.797358579
3.59964648696	5.24710051546	0.603900440761	-0.0	-0.0	0.0110636225333	0.381717349681	0.000294400043087	19.5987961112	10.5486068507
3.57931948741	5.22997416021	0.627660953184	-0.0	-0.0	0.0104102220533	0.382121210303	0.000284046233533	18.4610959498	9.14342229776
3.54971277066	5.22009102731	0.656119651376	-0.0	-0.0	0.00965482125333	0.38258778019	0.000272527425053	17.1881687022	7.66876521624
3.52585064074	5.18796747967	0.68520152551	-0.0	-0.0	0.00892951114667	0.383035433149	0.000261144691022	16.0101194919	6.37861294131
