# C		CN		K0		e_x		e_y		e_z		n		overlap		p		q
3.43482103403	5.2369396697	0.736726742588	-0.0	-0.0	1.87240000048e-07	0.387330277123	0.000126358592805	5.58676322183	1.78395756454
3.46752098984	5.24799196787	0.647469792978	-0.0	-0.0	0.000531443826667	0.387004705824	0.000134653561683	6.18211744123	2.84894184761
3.49226690234	5.24792289797	0.569808037469	-0.0	-0.0	0.00134984762667	0.386502822803	0.000147807671933	7.13494707595	4.30366492537
3.50905877154	5.25629139073	0.529527013425	-0.0	-0.0	0.00212068413333	0.386029734468	0.000160054177688	8.0639476412	5.52759104065
3.51789659744	5.25983471074	0.504147950698	-0.0	-0.0	0.00286652962667	0.385571636699	0.000172021981372	8.99449743344	6.6622751882
3.53203711887	5.2687994723	0.485915244098	-0.0	-0.0	0.00361248325333	0.385113130642	0.000183621248946	9.95861004893	7.78906145347
3.55810870526	5.27475409836	0.472541530716	-0.0	-0.0	0.00433858268	0.384666499509	0.000194128932166	10.9278891512	8.89012063058
3.57622624834	5.28431372549	0.462524339816	-0.0	-0.0	0.00503626472	0.384237042582	0.000204500183368	11.8882378161	9.95762632325
3.58683163942	5.28846153846	0.454202207662	-0.0	-0.0	0.00572674384	0.383811724298	0.000215152529788	12.8683795465	11.0409508976
3.59832081308	5.29375406636	0.447475403256	-0.0	-0.0	0.00641326198667	0.383388554624	0.000225621769092	13.8695789199	12.1321621755
3.60406539991	5.29383116883	0.441940081861	-0.0	-0.0	0.00707321445333	0.382981486072	0.000236020183715	14.8589783165	13.2049804164
3.6305788776	5.298160697	0.437318776362	-0.0	-0.0	0.00772982676	0.382576214274	0.000244946196383	15.8666155171	14.2873164274
3.63720724702	5.30154639175	0.433357041325	-0.0	-0.0	0.00836371930667	0.382184706672	0.000254810380751	16.8636440389	15.3569289069
3.65178965974	5.31680618158	0.430021042241	-0.0	-0.0	0.00898968749333	0.381797852886	0.000263957927161	17.8685986087	16.4266044783
3.66018559434	5.31930613556	0.427056809273	-0.0	-0.0	0.00960245564	0.381418922216	0.00027330298941	18.8723776361	17.4953683819
3.67432611578	5.3184	0.424411379967	-0.0	-0.0	0.01020852716	0.381043910041	0.000282075445137	19.8846014572	18.5718456534
3.68669907203	5.32545512616	0.422185585021	-0.0	-0.0	0.0108068733867	0.380673443344	0.000290804897232	20.9016409221	19.6445318887
3.70790985418	5.3437400446	0.420115637253	-0.0	-0.0	0.0114085767867	0.380300680314	0.000298882046674	21.9444209727	20.745044519
3.71984091913	5.35007949126	0.417788396483	-0.0	-0.0	0.0121410528933	0.379846601775	0.000309783490363	23.2405716303	22.1144610142
3.73619089704	5.35180493984	0.4161277215	-0.0	-0.0	0.0127213886267	0.379486604564	0.000317863346164	24.2884083456	23.2194616357
3.74149359258	5.35632911392	0.414731306021	-0.0	-0.0	0.0132863232	0.379135948947	0.000326602987952	25.3248637074	24.3052519516
3.75784357048	5.35844892812	0.413292546263	-0.0	-0.0	0.0138520024667	0.378784639671	0.000334396852429	26.3818083026	25.4218710711
3.76889085285	5.37070866142	0.412008247354	-0.0	-0.0	0.01442276032	0.378429974921	0.000342713720153	27.4643242981	26.560279843
3.78214759169	5.37967914439	0.410622847368	-0.0	-0.0	0.0150851648267	0.378018107739	0.000352299886734	28.7408193573	27.9026311377
3.79452054795	5.38901098901	0.409566031532	-0.0	-0.0	0.0156255701333	0.377681894586	0.000359968654505	29.7988659539	29.0153689854
3.80998674326	5.39636819036	0.408619974106	-0.0	-0.0	0.0161585611733	0.377350116202	0.000367204924703	30.8566607836	30.1248267261
3.8148475475	5.40187793427	0.40760329929	-0.0	-0.0	0.01669558644	0.377015647681	0.000375516694946	31.9391525859	31.2702399223
3.82103402563	5.40356361363	0.407231575886	-0.0	-0.0	0.0169151308667	0.376878859924	0.00037849065099	32.3850291601	31.739673547
3.81926646045	5.40368980613	0.407516005202	-0.0	-0.0	0.0169067821467	0.376884059544	0.000378497563401	32.3640081503	31.6939151376
3.81926646045	5.40381607757	0.407735213489	-0.0	-0.0	0.0168967420667	0.376890318269	0.000378312580915	32.3407023841	31.6517287891
3.81661511268	5.4025649046	0.408096330388	-0.0	-0.0	0.01688252576	0.376899170517	0.000378308929124	32.3072762452	31.5871698708
3.81970835175	5.40306441526	0.408351967241	-0.0	-0.0	0.0168722147467	0.376905601292	0.00037780965453	32.2829932067	31.5409171409
3.81970835175	5.40381607757	0.408792960495	-0.0	-0.0	0.0168547711067	0.376916470231	0.000377482541719	32.2419268817	31.4620408084
3.81573133009	5.40300375469	0.409227328788	-0.0	-0.0	0.01683766904	0.376927126156	0.000377554959116	32.2017194138	31.3847184198
3.82015024304	5.40425531915	0.409852507306	-0.0	-0.0	0.0168131410133	0.376942401756	0.00037665867104	32.1440106096	31.2738170979
3.81263809103	5.40106449593	0.412026268045	-0.0	-0.0	0.01672814476	0.376995363453	0.000375803098873	31.9444718677	30.8913969873
3.80600972161	5.39949827532	0.42141277655	-0.0	-0.0	0.01636665716	0.377220531778	0.000369658623489	31.101591203	29.29466102
3.79452054795	5.38983050847	0.430829811948	-0.0	-0.0	0.01601647492	0.377438579907	0.000364185461542	30.2947140596	27.786252455
3.78700839593	5.38635649167	0.439502746606	-0.0	-0.0	0.0157008088667	0.377635070399	0.000358959283401	29.5759410695	26.4670334321
3.77772867875	5.37885462555	0.448333873193	-0.0	-0.0	0.0153861453067	0.377830875155	0.000353897103215	28.86740746	25.1891838643
3.76270437472	5.36558462023	0.457717296334	-0.0	-0.0	0.0150615938533	0.378032768285	0.000349183987536	28.1456509526	23.9051227645
3.75342465753	5.35910381824	0.467619394381	-0.0	-0.0	0.0147288175867	0.37823970852	0.000343780265186	27.4150645077	22.625500373
3.73707467963	5.34544879899	0.478253289398	-0.0	-0.0	0.01438135024	0.37845570672	0.000338734687795	26.6622014542	21.3302363359
3.7313300928	5.33997469956	0.489776958186	-0.0	-0.0	0.0140122525067	0.37868508108	0.000332296433374	25.8733769237	20.0063150089
3.71365444101	5.33047890898	0.502155781554	-0.0	-0.0	0.0136243910667	0.378926011344	0.000326549529433	25.0567371498	18.6712763915
3.69067609368	5.32154238368	0.515673728457	-0.0	-0.0	0.0132094509467	0.379183668545	0.000320751667339	24.1995306273	17.30939983
3.66858152894	5.30498721228	0.530006813333	-0.0	-0.0	0.01277572772	0.379452878407	0.000314502183139	23.3197450351	15.96123609
3.64339372514	5.29213483146	0.545655756629	-0.0	-0.0	0.01231776044	0.379737003619	0.000308049285463	22.4092750974	14.6054641894
3.62395050817	5.2791371539	0.563108227609	-0.0	-0.0	0.01182521716	0.380042434764	0.000300459927682	21.4504194831	13.2228001954
3.60008837826	5.2620355412	0.582292783084	-0.0	-0.0	0.0113024593733	0.380366437714	0.000292667787977	20.4561491025	11.8424717101
3.57887759611	5.24692158134	0.598357983743	-0.0	-0.0	0.0108728496533	0.380632581142	0.000286394464725	19.6575409172	10.7824058533
3.57887759611	5.24692158134	0.597731062832	-0.0	-0.0	0.0108816798667	0.380627111972	0.000286559575241	19.6738190405	10.8143513609
3.57843570482	5.24659753727	0.597473956582	-0.0	-0.0	0.0108864721867	0.380624143732	0.000286681220897	19.6823339038	10.8284829139
3.57931948741	5.24756966948	0.596761432261	-0.0	-0.0	0.0108968437467	0.380617726527	0.000286803262121	19.7013936652	10.8652094207
3.58108705259	5.24846128928	0.595932756271	-0.0	-0.0	0.0109103873067	0.380609336748	0.00028691006427	19.7258835807	10.9093145035
3.58197083517	5.24805699482	0.594797926355	-0.0	-0.0	0.0109278105333	0.380598539228	0.000287160870732	19.7577426349	10.9689807956
3.58462218294	5.25234855847	0.592399369716	-0.0	-0.0	0.0109653968133	0.380575263646	0.000287641158571	19.8263685187	11.0965465495
3.59832081308	5.26837164131	0.571100743692	-0.0	-0.0	0.01131748792	0.380357125452	0.000293019120861	20.4759348032	12.2987215643
3.61422889969	5.28686934023	0.550191423291	-0.0	-0.0	0.0117002902933	0.380119879283	0.000298779614343	21.1949552168	13.6170498464
3.6301369863	5.30093639005	0.531997562316	-0.0	-0.0	0.01206754608	0.379892183346	0.00030422409033	21.8971968857	14.8952990227
3.64604507291	5.30694980695	0.515762512242	-0.0	-0.0	0.0124285490533	0.379668281735	0.000309536476501	22.5988073817	16.1600614035
3.65665046399	5.31790421086	0.500866401656	-0.0	-0.0	0.01279275704	0.379442312786	0.000315344946156	23.3178851809	17.4429972625
3.67300044189	5.32937780629	0.48719159782	-0.0	-0.0	0.0131643214933	0.379211694498	0.000320763129206	24.062024509	18.7489566903
3.68537339814	5.34080717489	0.474826963484	-0.0	-0.0	0.0135363507067	0.378980696448	0.00032650964703	24.8172124016	20.0548373451
3.69597878922	5.34976	0.464233759251	-0.0	-0.0	0.01388941736	0.378761396529	0.000332037166691	25.5426829338	21.2887804686
3.70702607159	5.35440613027	0.454562680848	-0.0	-0.0	0.0142436939733	0.37854126723	0.00033751634755	26.2788092648	22.5235758167
3.71586389748	5.36151882578	0.446011640898	-0.0	-0.0	0.0145923324	0.378324565062	0.000343046548992	27.0100820428	23.7258248998
3.73309765798	5.37150127226	0.438011839133	-0.0	-0.0	0.0149523432267	0.378100714883	0.00034798159457	27.7724111322	24.9587994584
3.74414494034	5.38012067323	0.430982813791	-0.0	-0.0	0.01531051036	0.377877931104	0.000353414349674	28.5357432321	26.1615919432
3.75430844012	5.38446909667	0.42521188492	-0.0	-0.0	0.0156541339733	0.377664118537	0.000358612446492	29.2699599938	27.2759549582
3.76579761379	5.3915796138	0.420118735836	-0.0	-0.0	0.0160203404533	0.37743617337	0.000364009736336	30.0518437653	28.4091071202
3.77021652673	5.39222503161	0.416390485864	-0.0	-0.0	0.0163805580933	0.377211876358	0.000369858136893	30.8154167989	29.4375116885
3.77728678745	5.39766266582	0.413784079448	-0.0	-0.0	0.0167494498533	0.376982090714	0.000375484496061	31.5904507019	30.3991263725
3.78656650464	5.40517513411	0.411849281123	-0.0	-0.0	0.0171536889067	0.376730192	0.000381376330457	32.435107212	31.3813894771
3.78789217852	5.40290037831	0.411612696155	-0.0	-0.0	0.0172135081733	0.376692906976	0.000382244237018	32.5600886676	31.5231614229
3.78391515687	5.40435606061	0.411724654335	-0.0	-0.0	0.0172105263333	0.376694765575	0.000382585305607	32.552482369	31.5059311934
3.78391515687	5.40404040404	0.411991381253	-0.0	-0.0	0.0172006025333	0.376700943432	0.000382399212077	32.5291545637	31.4598750117
3.78258948299	5.40309343434	0.412270011205	-0.0	-0.0	0.01718904456	0.376708155133	0.000382318775363	32.5022470266	31.4093607914
3.78391515687	5.40372474747	0.412431547467	-0.0	-0.0	0.0171828699867	0.376712003682	0.000382069564144	32.4877785209	31.3811931505
3.78435704817	5.40435606061	0.412799092643	-0.0	-0.0	0.01716859528	0.376720900713	0.000381758444476	32.4543266574	31.3166559014
3.78258948299	5.40214646465	0.413270385358	-0.0	-0.0	0.0171501267867	0.376732410687	0.000381592363157	32.4111727132	31.2337865888
3.77905435263	5.40176879343	0.415518081781	-0.0	-0.0	0.01706294408	0.376786743548	0.000380320512676	32.2076749913	30.8428703402
3.77419354839	5.39898830224	0.423950295253	-0.0	-0.0	0.01674356016	0.376985760088	0.000374839355787	31.4673039733	29.4280946542
3.76623950508	5.39208860759	0.433262458351	-0.0	-0.0	0.0164037507733	0.377197430209	0.00036928219276	30.6890230488	27.9545501739
3.75519222271	5.38498098859	0.442110167194	-0.0	-0.0	0.0160906825333	0.377392373632	0.000364523434851	29.9807390873	26.6305631219
3.74281926646	5.37682539683	0.451143624339	-0.0	-0.0	0.0157808553067	0.377585250308	0.000359942021215	29.288200606	25.3510856135
3.73751657092	5.37432475373	0.46034623448	-0.0	-0.0	0.0154743623067	0.377775977908	0.000354741855318	28.6115409901	24.1168111223
3.72381794079	5.36763300414	0.470232667144	-0.0	-0.0	0.0151550994533	0.377974598951	0.000350091766676	27.9157625164	22.8638854686
3.70349094123	5.35538510706	0.480528679762	-0.0	-0.0	0.0148316887067	0.378175736979	0.000345988697691	27.2204720194	21.6315771725
3.68979231109	5.34860621596	0.491560520283	-0.0	-0.0	0.0144959934	0.378384453733	0.00034103203636	26.5076729927	20.3883885893
3.68316394167	5.33760409994	0.502849543978	-0.0	-0.0	0.0141610572533	0.378592620419	0.00033543571192	25.8062368177	19.1896917327
3.66902342024	5.32627526468	0.515441077095	-0.0	-0.0	0.0137938848667	0.378820742167	0.000329919328598	25.0485552097	17.9294021187
3.65885992046	5.31641503373	0.528769686645	-0.0	-0.0	0.0134071160933	0.379060948452	0.000323663198527	24.2630451076	16.6706151495
3.64383561644	5.30405405405	0.543449232679	-0.0	-0.0	0.0129895113467	0.379320201411	0.000317251717661	23.4288606328	15.376595187
3.61953159523	5.29273021002	0.558462298967	-0.0	-0.0	0.0125746587867	0.379577638611	0.000311665498093	22.6141492959	14.150243472
3.60848431286	5.27869382477	0.575583207825	-0.0	-0.0	0.0121117381733	0.379864778445	0.000304030621354	21.7214179347	12.8566545865
3.59390190013	5.26822157434	0.594703635229	-0.0	-0.0	0.0115982158533	0.38018314997	0.000295758218497	20.7505943532	11.523859318
3.57666813964	5.24789097988	0.61473440179	-0.0	-0.0	0.0110636225333	0.380514411365	0.00028729536869	19.7620856963	10.2450212653
3.55899248785	5.2346441339	0.639944604287	-0.0	-0.0	0.0104102220533	0.380919051335	0.00027668811178	18.586538769	8.80593260355
3.52806009722	5.21260613978	0.670639661549	-0.0	-0.0	0.00965482125333	0.381386525289	0.000265239724547	17.2745332252	7.29030413439
3.50066283694	5.18259162304	0.701850319989	-0.0	-0.0	0.00892951114667	0.381835052914	0.000254017754591	16.0585582155	5.97560350956
