# C		CN		K0		e_x		e_y		e_z		n		overlap		p		q
3.42598320813	5.23471800068	0.736509275718	-0.0	-0.0	1.87240000048e-07	0.387144922355	0.000130805546699	5.58576637793	1.78542651175
3.44896155546	5.25193667902	0.649772694427	-0.0	-0.0	0.000531443826667	0.386819252559	0.000139477700414	6.16370284186	2.81624844083
3.47768448962	5.24966622163	0.57025484386	-0.0	-0.0	0.00134984762667	0.386317217699	0.000152625156158	7.09375301852	4.27258892971
3.48210340256	5.2541694463	0.52735173249	-0.0	-0.0	0.00212068413333	0.385843986239	0.000165649257479	8.00472011808	5.52403375016
3.49624392399	5.25490196078	0.500366654486	-0.0	-0.0	0.00286652962667	0.385385749878	0.000177565807243	8.9160817852	6.67970851173
3.52364118427	5.26287978864	0.481140886748	-0.0	-0.0	0.00361248325333	0.384927105915	0.000188664044101	9.859008939	7.82064539058
3.53689792311	5.26423165515	0.467108558432	-0.0	-0.0	0.00433858268	0.384480338852	0.000200050521561	10.8070775467	8.93229475032
3.54971277066	5.26706036745	0.456645466036	-0.0	-0.0	0.00503626472	0.384050751999	0.000210900372716	11.7452404635	10.0065748779
3.56738842245	5.27008491182	0.447964876444	-0.0	-0.0	0.00572674384	0.38362530504	0.000221305758214	12.7025690084	11.0957659291
3.57622624834	5.27290511901	0.440970419814	-0.0	-0.0	0.00641326198667	0.383202007342	0.000232147138272	13.6810269539	12.1918265338
3.58992487848	5.27207792208	0.435301563108	-0.0	-0.0	0.00707321445333	0.382794819618	0.000242195581703	14.6461253665	13.2641349494
3.5965532479	5.27016520894	0.430506598654	-0.0	-0.0	0.00772982676	0.382389418037	0.000252632795945	15.6300933565	14.3490143571
3.6133451171	5.27630729503	0.426491789144	-0.0	-0.0	0.00836371930667	0.381997795182	0.000261928360101	16.6011514084	15.4144323036
3.63278833407	5.2819029251	0.422990599102	-0.0	-0.0	0.00898968749333	0.381610829589	0.000270844750776	17.5807775584	16.4859868608
3.64781263809	5.2963081862	0.419952527836	-0.0	-0.0	0.00960245564	0.38123178468	0.000279827694833	18.5591381126	17.5528315136
3.66725585506	5.29904153355	0.417237841756	-0.0	-0.0	0.01020852716	0.380856647586	0.000288324783719	19.5457158818	18.6273991104
3.69288555015	5.30527318933	0.414837778345	-0.0	-0.0	0.0108068733867	0.380486074643	0.000296167361586	20.5396196599	19.7067880612
3.69951391958	5.30932741117	0.412670876273	-0.0	-0.0	0.0114085767867	0.380113198838	0.000305574851922	21.5592385311	20.8109555216
3.71763146266	5.32088607595	0.410114542236	-0.0	-0.0	0.0121410528933	0.379658980236	0.000316195083416	22.8287059764	22.1944399031
3.73707467963	5.32944514502	0.408367384042	-0.0	-0.0	0.0127213886267	0.379298869693	0.000324141955457	23.8545644983	23.3052264611
3.74723817941	5.33312362378	0.406722614425	-0.0	-0.0	0.0132863232	0.378948115097	0.000332630623832	24.8718608988	24.410849096
3.76182059213	5.34348508634	0.40535232733	-0.0	-0.0	0.0138520024667	0.378596707831	0.000340646792894	25.9029393876	25.520102214
3.76889085285	5.34639498433	0.403955277411	-0.0	-0.0	0.01442276032	0.378241927489	0.000349475091361	26.9628690112	26.6679273548
3.78258948299	5.35828374569	0.402512932621	-0.0	-0.0	0.0150851648267	0.377829943212	0.0003591625705	28.2127575206	28.0163704215
3.79142730888	5.3616755236	0.401502339709	-0.0	-0.0	0.0156255701333	0.377493620833	0.000367255193844	29.247736259	29.1258840085
3.79982324348	5.36548064919	0.40045392753	-0.0	-0.0	0.0161585611733	0.377161742074	0.000375263544295	30.2839985784	30.2458324373
3.81749889527	5.36773391358	0.399565105141	-0.0	-0.0	0.01669558644	0.376827173777	0.000382383752085	31.340138326	31.3780168102
3.82059213433	5.37030133582	0.399262873753	-0.0	-0.0	0.0169151308667	0.376690343224	0.000385699691156	31.7756093304	31.8407255393
3.82059213433	5.37030133582	0.399477579757	-0.0	-0.0	0.0169067821467	0.376695540988	0.000385542136838	31.7565268403	31.8026376407
3.82015024304	5.36968002485	0.399680618876	-0.0	-0.0	0.0168967420667	0.376701805035	0.00038539859534	31.7338422398	31.7620055402
3.81794078657	5.36824114357	0.400013145475	-0.0	-0.0	0.01688252576	0.37671066597	0.000385354270523	31.7015206133	31.7003630426
3.8152894388	5.36951788491	0.400243524257	-0.0	-0.0	0.0168722147467	0.376717089105	0.00038542923343	31.6782313106	31.6568081692
3.81396376491	5.36827371695	0.400646685909	-0.0	-0.0	0.0168547711067	0.376727964909	0.00038523508449	31.6385908136	31.5817976471
3.81440565621	5.37235367372	0.401034013214	-0.0	-0.0	0.01683766904	0.376738624058	0.000384869349019	31.5998332448	31.5091744998
3.81307998232	5.37122391778	0.401600157027	-0.0	-0.0	0.0168131410133	0.376753911242	0.000384542236987	31.5442263499	31.404264874
3.8064516129	5.36845386534	0.403570887595	-0.0	-0.0	0.01672814476	0.376806882574	0.000383613870832	31.3519728581	31.0422174961
3.79452054795	5.36122385264	0.41211364742	-0.0	-0.0	0.01636665716	0.377032110126	0.000378014326501	30.5402184396	29.5262180479
3.78479893946	5.35417317912	0.420694755816	-0.0	-0.0	0.01601647492	0.377250232542	0.000372388854615	29.7630013986	28.0905197146
3.77463543968	5.34846587351	0.428638129165	-0.0	-0.0	0.0157008088667	0.377446782479	0.00036743950373	29.0700933979	26.828872993
3.7644719399	5.34620213434	0.436771474013	-0.0	-0.0	0.0153861453067	0.377642646474	0.000362513338796	28.3871928368	25.6014575943
3.75916924437	5.34432924914	0.445371340584	-0.0	-0.0	0.0150615938533	0.377844600683	0.00035692111848	27.6906562483	24.3682522846
3.75298276624	5.34088050314	0.454449441884	-0.0	-0.0	0.0147288175867	0.378051604789	0.000351265395363	26.9853449298	23.1366943203
3.74105170128	5.33165354331	0.464170353482	-0.0	-0.0	0.01438135024	0.378267674007	0.000345852810446	26.2584009834	21.8893315889
3.73309765798	5.32534678436	0.474798234268	-0.0	-0.0	0.0140122525067	0.378497111655	0.000339648180417	25.4963577012	20.605390347
3.71674768007	5.31542351454	0.486345441049	-0.0	-0.0	0.0136243910667	0.378738121918	0.000333777225175	24.7046366252	19.2979792398
3.7057003977	5.3093730209	0.499164294585	-0.0	-0.0	0.0132094509467	0.37899585492	0.000326995060536	23.8747162371	17.9509672429
3.68625718073	5.3006037496	0.513013717627	-0.0	-0.0	0.01277572772	0.37926514044	0.000320548557689	23.0217529567	16.6008776944
3.66460450729	5.28835725678	0.52781515065	-0.0	-0.0	0.01231776044	0.37954935161	0.000313846513472	22.1403817071	15.2571492952
3.64250994255	5.26918158568	0.544009187975	-0.0	-0.0	0.01182521716	0.379854867934	0.000306571610381	21.2141362864	13.8985145098
3.622182943	5.2636480411	0.561854210068	-0.0	-0.0	0.0113024593733	0.380178974332	0.000298578252601	20.2524429194	12.5349447931
3.59964648696	5.24339987122	0.577177958691	-0.0	-0.0	0.0108728496533	0.380445200078	0.000292488871997	19.4796884903	11.4694720381
3.59920459567	5.24372182872	0.57653439421	-0.0	-0.0	0.0108816798667	0.380439729253	0.000292692152933	19.4957350746	11.5032645145
3.59920459567	5.24372182872	0.576314109172	-0.0	-0.0	0.0108864721867	0.380436760115	0.000292777238653	19.5040316655	11.5165028878
3.59920459567	5.24372182872	0.575743957592	-0.0	-0.0	0.0108968437467	0.380430334757	0.000292963793127	19.5221020064	11.5488025914
3.60008837826	5.24436574372	0.574937433343	-0.0	-0.0	0.0109103873067	0.380421943009	0.000293141888683	19.5462136791	11.5937404781
3.60008837826	5.2460547504	0.573924855946	-0.0	-0.0	0.0109278105333	0.380411147866	0.00029346223433	19.577145325	11.6507243989
3.60362350862	5.2454954955	0.571761388082	-0.0	-0.0	0.0109653968133	0.380387861966	0.000293864721281	19.6438814191	11.7735187214
3.61997348652	5.26430868167	0.552442440888	-0.0	-0.0	0.01131748792	0.380169664189	0.000298994704807	20.275320668	12.9333054367
3.63676535572	5.27952503209	0.533293823202	-0.0	-0.0	0.0117002902933	0.379932343108	0.000304631215959	20.9740590462	14.2099798086
3.64825452939	5.2863549007	0.516627647765	-0.0	-0.0	0.01206754608	0.379704585107	0.000310400821778	21.6554852713	15.4446854914
3.65620857269	5.29692504805	0.501769507414	-0.0	-0.0	0.0124285490533	0.379480608936	0.00031634479037	22.3356545039	16.6629709679
3.66769774635	5.30678182981	0.488087215558	-0.0	-0.0	0.01279275704	0.379254577119	0.000322029770216	23.0320175523	17.8988009118
3.67653557225	5.3155370844	0.475387597932	-0.0	-0.0	0.0131643214933	0.379023888031	0.000328073906939	23.7524442998	19.162884917
3.69200176757	5.32355753905	0.46383203767	-0.0	-0.0	0.0135363507067	0.378792815629	0.000333506874741	24.4831921542	20.4295500703
3.69951391958	5.33025477707	0.453803458458	-0.0	-0.0	0.01388941736	0.378573449364	0.000339289599096	25.1855991441	21.6338392787
3.71321254971	5.33958664547	0.444678035236	-0.0	-0.0	0.0142436939733	0.378353253468	0.000344510083136	25.8982191354	22.8361135716
3.71939902784	5.34147889559	0.436544962257	-0.0	-0.0	0.0145923324	0.378136487784	0.000350296164464	26.606822158	24.0112572072
3.72867874503	5.34548335975	0.429057384445	-0.0	-0.0	0.0149523432267	0.377912574861	0.000355958341865	27.3447828658	25.2066806301
3.7392841361	5.35782140595	0.422461939606	-0.0	-0.0	0.01531051036	0.377689716659	0.00036141850436	28.084099017	26.3744801457
3.7560760053	5.36745655608	0.416921306738	-0.0	-0.0	0.0156541339733	0.377475839406	0.000365969479301	28.7964605407	27.4679012134
3.76535572249	5.36873621179	0.411918844515	-0.0	-0.0	0.0160203404533	0.377247825277	0.000371609230484	29.5571833411	28.5913970909
3.77021652673	5.37767969735	0.408195937019	-0.0	-0.0	0.0163805580933	0.377023459024	0.000377471405914	30.3013031268	29.6176742922
3.77817057004	5.38035264484	0.405545260365	-0.0	-0.0	0.0167494498533	0.376793607465	0.000383074547705	31.0583054222	30.5828283874
3.79142730888	5.38724874372	0.403648191411	-0.0	-0.0	0.0171536889067	0.376541629956	0.00038865714783	31.8841091543	31.5623043461
3.79717189571	5.39152276295	0.403422296316	-0.0	-0.0	0.0172135081733	0.376504334018	0.000389088916788	32.0062747992	31.7031636274
3.79584622183	5.39026687598	0.403532381907	-0.0	-0.0	0.0172105263333	0.376506189572	0.000389166713291	31.9992909834	31.68653596
3.79452054795	5.3896389325	0.403728885386	-0.0	-0.0	0.0172006025333	0.376512380577	0.000389118957077	31.976984971	31.6471335247
3.79363676536	5.38901098901	0.403988156876	-0.0	-0.0	0.01718904456	0.376519576895	0.00038899488977	31.9510114521	31.5986129028
3.79275298277	5.38806907378	0.404134048634	-0.0	-0.0	0.0171828699867	0.376523431533	0.00038896983932	31.937012258	31.5719414975
3.79098541759	5.38724874372	0.40446855125	-0.0	-0.0	0.01716859528	0.376532336383	0.000388884106202	31.9046804546	31.5106156208
3.78877596111	5.3847361809	0.404898178577	-0.0	-0.0	0.0171501267867	0.376543850786	0.000388765784568	31.8629975431	31.4318146331
3.78656650464	5.38159547739	0.406935399364	-0.0	-0.0	0.01706294408	0.376598203011	0.000387362738224	31.6664670452	31.0610777431
3.76933274414	5.37791798107	0.414598041505	-0.0	-0.0	0.01674356016	0.376797275728	0.000383144182601	30.9514910117	29.7164371139
3.7565178966	5.36754025892	0.423062410301	-0.0	-0.0	0.0164037507733	0.377009009887	0.000378100580473	30.2000592731	28.3137129375
3.75165709236	5.36567635904	0.43115656456	-0.0	-0.0	0.0160906825333	0.377204018053	0.000372743751937	29.5157112424	27.0467167739
3.74988952718	5.36125158028	0.439372542787	-0.0	-0.0	0.0157808553067	0.377396947316	0.000367148735802	28.8465481101	25.8238869773
3.73574900574	5.35646387833	0.447699627246	-0.0	-0.0	0.0154743623067	0.377587741553	0.00036282411173	28.1927293493	24.6452375007
3.72558550597	5.35312797714	0.4566418255	-0.0	-0.0	0.0151550994533	0.377786422949	0.000357901211463	27.5204358694	23.4467907374
3.71807335395	5.34667937718	0.466020988229	-0.0	-0.0	0.0148316887067	0.37798762097	0.000352635607279	26.847822521	22.2606556886
3.706142289	5.33693923003	0.475989749465	-0.0	-0.0	0.0144959934	0.378196392563	0.000347570886365	26.1594429535	21.0675618214
3.6973044631	5.32972284167	0.486228724622	-0.0	-0.0	0.0141610572533	0.378404622194	0.00034223584749	25.4819532107	19.912057832
3.68581528944	5.32089314195	0.497860189703	-0.0	-0.0	0.0137938848667	0.378632812957	0.000336538140669	24.7496195091	18.68162901
3.67123287671	5.31010230179	0.510475151872	-0.0	-0.0	0.0134071160933	0.378873091912	0.000330759500461	23.9900142353	17.432949321
3.65974370305	5.2992	0.524496241562	-0.0	-0.0	0.0129895113467	0.379132423305	0.000324115732487	23.1829376228	16.1399918185
3.64074237738	5.28722721438	0.538617244244	-0.0	-0.0	0.0125746587867	0.379389938389	0.000318170225931	22.3954272383	14.9230103671
3.62527618206	5.27088688946	0.554465114899	-0.0	-0.0	0.0121117381733	0.379677159278	0.000311019339796	21.5321708389	13.6467292163
3.61157755192	5.25731746542	0.572399709172	-0.0	-0.0	0.0115982158533	0.379995632937	0.00030274637026	20.5920744637	12.3160846009
3.59478568272	5.24685382381	0.591187261903	-0.0	-0.0	0.0110636225333	0.38032699455	0.000294274914773	19.6335745009	11.0335626577
3.5634114008	5.23401493022	0.615075884194	-0.0	-0.0	0.0104102220533	0.380731756939	0.000284776739551	18.4923326116	9.57532785072
3.52806009722	5.20685154976	0.643353970852	-0.0	-0.0	0.00965482125333	0.381199376023	0.000273671884784	17.2157914932	8.05517429144
3.49933716306	5.19186618563	0.672347919114	-0.0	-0.0	0.00892951114667	0.381648035641	0.000262597033827	16.0339965954	6.72185994928
