# C		CN		K0		e_x		e_y		e_z		n		overlap		p		q
3.46133451171	5.26429051782	0.735498762865	-0.0	-0.0	1.87240000048e-07	0.386889900733	0.000134224141511	5.58668626472	1.7940350969
3.4874060981	5.26962913465	0.65233248541	-0.0	-0.0	0.000531443826667	0.386564095419	0.000142744423276	6.14809817521	2.78239228577
3.51833848873	5.27302849569	0.573522463753	-0.0	-0.0	0.00134984762667	0.386061851653	0.000155799790602	7.05351328671	4.20321661162
3.53468846664	5.2817971589	0.529688119115	-0.0	-0.0	0.00212068413333	0.385588423271	0.000168298802427	7.94243018519	5.44157868269
3.54352629253	5.2771560237	0.50180802967	-0.0	-0.0	0.00286652962667	0.385129996229	0.000180551212779	8.83478122912	6.5902103062
3.55413168361	5.28336620644	0.481661953684	-0.0	-0.0	0.00361248325333	0.384671160606	0.000192594317223	9.75923405257	7.72961959058
3.56120194432	5.28196721311	0.466867384795	-0.0	-0.0	0.00433858268	0.384224208442	0.000204407108365	10.6882344557	8.84027087409
3.5718073354	5.29076620825	0.455718097121	-0.0	-0.0	0.00503626472	0.383794442829	0.000215473431858	11.6072758308	9.91552351391
3.59257622625	5.29176164116	0.446896784905	-0.0	-0.0	0.00572674384	0.383368818833	0.000225730668163	12.5432091025	10.9901460109
3.59257622625	5.29069010417	0.43965419464	-0.0	-0.0	0.00641326198667	0.382945344992	0.00023720061082	13.5000139158	12.0757341581
3.60406539991	5.28557536467	0.433624411802	-0.0	-0.0	0.00707321445333	0.382537983846	0.000247449226164	14.4438384674	13.1433541225
3.60892620415	5.29386960753	0.428647108741	-0.0	-0.0	0.00772982676	0.382132417552	0.000258020030475	15.4034409756	14.2155192009
3.61467079099	5.30392474862	0.424501808733	-0.0	-0.0	0.00836371930667	0.381740631735	0.000268129481792	16.3496060484	15.2663336403
3.64560318162	5.3169945179	0.421011311689	-0.0	-0.0	0.00898968749333	0.381353499886	0.000276196791069	17.3027319903	16.3159007475
3.65841802916	5.31310211946	0.417903386332	-0.0	-0.0	0.00960245564	0.380974296846	0.000285390277169	18.2554886809	17.3653212858
3.6721166593	5.31658130602	0.415051521925	-0.0	-0.0	0.01020852716	0.380599009284	0.000294406445631	19.2178227234	18.4275462386
3.69023420239	5.32248803828	0.412582725116	-0.0	-0.0	0.0108068733867	0.380228282137	0.000302876199917	20.1851800703	19.4893950054
3.70393283252	5.32792620865	0.410422307804	-0.0	-0.0	0.0114085767867	0.379855251172	0.000311738329945	21.1751054656	20.5690859704
3.71321254971	5.33142857143	0.407935418715	-0.0	-0.0	0.0121410528933	0.37940084356	0.00032311193259	22.4047872676	21.9152387696
3.7224922669	5.33006329114	0.406048213208	-0.0	-0.0	0.0127213886267	0.379040587676	0.000331996273738	23.3998787101	23.0093711923
3.73398144057	5.3327020202	0.404389784031	-0.0	-0.0	0.0132863232	0.378689683634	0.000340370940772	24.3836925732	24.0878048206
3.74149359258	5.33880126183	0.402986540717	-0.0	-0.0	0.0138520024667	0.378338120824	0.000349064893378	25.3818711008	25.1720008865
3.75386654883	5.3476070529	0.401720830884	-0.0	-0.0	0.01442276032	0.377983201148	0.000357315258114	26.3992987639	26.2733486719
3.76358815731	5.35177617102	0.400160087036	-0.0	-0.0	0.0150851648267	0.377571037923	0.000367454597761	27.6099571853	27.5976816015
3.77817057004	5.3555764411	0.399065478699	-0.0	-0.0	0.0156255701333	0.377234586321	0.000375011173527	28.6110675905	28.6854160466
3.78789217852	5.36295369212	0.398131158952	-0.0	-0.0	0.0161585611733	0.376902566245	0.000382933153874	29.6113015713	29.7653403643
3.80026513478	5.36610486891	0.397149817282	-0.0	-0.0	0.01669558644	0.376567860717	0.000390656864009	30.634193853	30.8775006235
3.80998674326	5.36853582555	0.396772719231	-0.0	-0.0	0.0169151308667	0.376430971236	0.00039332544398	31.0560369606	31.33544597
3.80733539549	5.36771579931	0.396995985951	-0.0	-0.0	0.0169067821467	0.376436177218	0.000393433797798	31.0368410069	31.2966947517
3.80600972161	5.36615768152	0.397211188047	-0.0	-0.0	0.0168967420667	0.376442437817	0.000393382169253	31.0149066659	31.2559166521
3.80733539549	5.36646930508	0.397513742799	-0.0	-0.0	0.01688252576	0.37645130244	0.000392977939788	30.9838210427	31.1983964428
3.80512593902	5.36522281084	0.397758307809	-0.0	-0.0	0.0168722147467	0.376457725918	0.000393010698931	30.9611973655	31.1544717517
3.80380026513	5.36459956373	0.398108852664	-0.0	-0.0	0.0168547711067	0.376468602107	0.000392819678683	30.9231936384	31.0859810197
3.80380026513	5.36428794017	0.398482550611	-0.0	-0.0	0.01683766904	0.376479272162	0.000392496269327	30.8857453143	31.0161528423
3.80380026513	5.36533665835	0.399009446051	-0.0	-0.0	0.0168131410133	0.37649455801	0.000392034400368	30.8322235752	30.9171531078
3.80070702607	5.3670411985	0.400852387414	-0.0	-0.0	0.01672814476	0.376547555077	0.000390749262099	30.6468919348	30.5743966367
3.78524083076	5.36360789226	0.408871634917	-0.0	-0.0	0.01636665716	0.376772887101	0.000385497267969	29.8642043218	29.1354316666
3.77242598321	5.35414052698	0.41694181024	-0.0	-0.0	0.01601647492	0.376991093536	0.00038012923971	29.1126994352	27.767952626
3.76314626602	5.34809927741	0.424423222371	-0.0	-0.0	0.0157008088667	0.377187725262	0.000375096811935	28.4449798502	26.5661919438
3.75165709236	5.3418319169	0.432066690551	-0.0	-0.0	0.0153861453067	0.377383670759	0.000370286128812	27.7864472655	25.3965447645
3.7397260274	5.3340687047	0.440226127156	-0.0	-0.0	0.0150615938533	0.377585709006	0.00036527403097	27.1132903832	24.2132894284
3.73398144057	5.32923368023	0.44882769256	-0.0	-0.0	0.0147288175867	0.377792799251	0.000359559920424	26.4332272178	23.032521531
3.72514361467	5.33196202532	0.458027198322	-0.0	-0.0	0.01438135024	0.378008956601	0.000353862792252	25.7321939506	21.8357306658
3.7140963323	5.32530120482	0.468068064131	-0.0	-0.0	0.0140122525067	0.378238491501	0.000347978422608	24.9978813152	20.6036722416
3.70172337605	5.31746031746	0.478950081642	-0.0	-0.0	0.0136243910667	0.378479602053	0.000341866138412	24.2387425074	19.3517448562
3.68581528944	5.31050955414	0.490814889997	-0.0	-0.0	0.0132094509467	0.378737442304	0.000335567396441	23.4407048829	18.0694567898
3.67344233319	5.30280791321	0.50355406532	-0.0	-0.0	0.01277572772	0.379006839879	0.000328570434393	22.620338251	16.7850074359
3.6473707468	5.29451395573	0.517438854485	-0.0	-0.0	0.01231776044	0.379291169315	0.0003223585115	21.7708210228	15.4885263403
3.6305788776	5.28474903475	0.532920856171	-0.0	-0.0	0.01182521716	0.379596819999	0.00031463423038	20.8748325256	14.1591664725
3.61422889969	5.26900773196	0.550240905781	-0.0	-0.0	0.0113024593733	0.379921052021	0.00030631351885	19.9441962804	12.8114658331
3.60406539991	5.26129032258	0.564939832772	-0.0	-0.0	0.0108728496533	0.380187390564	0.000299179284724	19.1943369156	11.7622017292
3.60362350862	5.26315789474	0.564420019065	-0.0	-0.0	0.0108816798667	0.380181917463	0.000299373561922	19.2094794312	11.7913011798
3.6049491825	5.2641265741	0.564069509605	-0.0	-0.0	0.0108864721867	0.380178947089	0.000299354960499	19.2179645735	11.8098911471
3.60406539991	5.26444946723	0.563598387908	-0.0	-0.0	0.0108968437467	0.380172518544	0.000299616084253	19.2355266965	11.8387000515
3.60583296509	5.26606393284	0.562838495433	-0.0	-0.0	0.0109103873067	0.380164123817	0.000299720333092	19.2589440668	11.8822412823
3.6049491825	5.26638682596	0.561928810354	-0.0	-0.0	0.0109278105333	0.380153324182	0.000300112760426	19.2887599789	11.9356165146
3.6053910738	5.26735550533	0.559909474695	-0.0	-0.0	0.0109653968133	0.380130026013	0.000300768885927	19.3535597094	12.0538382698
3.61422889969	5.27930255086	0.54199366145	-0.0	-0.0	0.01131748792	0.379911736882	0.00030651350573	19.9656573364	13.1638002491
3.62262483429	5.29157248951	0.524185778751	-0.0	-0.0	0.0117002902933	0.379674320184	0.000312853104967	20.6423839626	14.3849974101
3.63411400795	5.29362524147	0.508614639022	-0.0	-0.0	0.01206754608	0.379446464008	0.000318621944331	21.3019458536	15.567091654
3.64383561644	5.3026696687	0.494606715324	-0.0	-0.0	0.0124285490533	0.379222398035	0.000324419873122	21.9598119931	16.7377839045
3.65709235528	5.31629701061	0.481652575631	-0.0	-0.0	0.01279275704	0.378996270465	0.000329948405376	22.6332520486	17.9267413886
3.67167476801	5.32713277742	0.469579690985	-0.0	-0.0	0.0131643214933	0.378765479198	0.000335481688684	23.3302465063	19.1446407289
3.67918692002	5.33215887252	0.458607759359	-0.0	-0.0	0.0135363507067	0.378534318524	0.000341657890237	24.0375420325	20.36349896
3.69200176757	5.34186120883	0.449176618185	-0.0	-0.0	0.01388941736	0.378314860976	0.0003469742148	24.7171367503	21.5156640915
3.70083959346	5.351342711	0.440562432356	-0.0	-0.0	0.0142436939733	0.378094573452	0.000352666032597	25.4071763287	22.6679193806
3.70967741935	5.35759897829	0.432900015647	-0.0	-0.0	0.0145923324	0.377877715522	0.000358243266293	26.0934880242	23.7929302209
3.72425983208	5.36155315086	0.425697724106	-0.0	-0.0	0.0149523432267	0.377653704443	0.000363434435117	26.8088806195	24.9483185813
3.73442333186	5.36765173181	0.419273421566	-0.0	-0.0	0.01531051036	0.377430760531	0.00036898235243	27.5261012679	26.0833255351
3.74105170128	5.37131069502	0.413764784571	-0.0	-0.0	0.0156541339733	0.37721679428	0.000374575088653	28.2177520166	27.1550844567
3.74679628811	5.37285986049	0.408899329692	-0.0	-0.0	0.0160203404533	0.376988692785	0.000380600566205	28.9547219626	28.2459591534
3.75254087494	5.3783269962	0.405187741401	-0.0	-0.0	0.0163805580933	0.376764225179	0.000386428227893	29.6769827629	29.2517767391
3.76668139638	5.38614800759	0.402595154139	-0.0	-0.0	0.0167494498533	0.376534276227	0.00039140397211	30.4094953755	30.1909108655
3.7728678745	5.38711714556	0.400627855865	-0.0	-0.0	0.0171536889067	0.376282202614	0.000397729996073	31.2091700106	31.1547777877
3.77463543968	5.38636363636	0.40039654543	-0.0	-0.0	0.0172135081733	0.376244891898	0.000398571404198	31.3272427591	31.2927505263
3.77375165709	5.38573232323	0.400560110258	-0.0	-0.0	0.0172105263333	0.376246735631	0.000398600818892	31.3198744296	31.2711753402
3.77065841803	5.38320707071	0.400710368556	-0.0	-0.0	0.0172006025333	0.376252934535	0.000398743412803	31.2985242052	31.2368132263
3.76933274414	5.3839595832	0.400976431385	-0.0	-0.0	0.01718904456	0.376260139377	0.000398666096668	31.2732926741	31.1885617549
3.77021652673	5.38364382697	0.401092349307	-0.0	-0.0	0.0171828699867	0.376263995061	0.000398457661217	31.2599513465	31.1652141472
3.76889085285	5.38301231449	0.401412031677	-0.0	-0.0	0.01716859528	0.376272893562	0.000398329609484	31.2288525985	31.1065552262
3.76800707026	5.38471257107	0.401805496593	-0.0	-0.0	0.0171501267867	0.37628441784	0.000398077128947	31.1887310952	31.0326244072
3.76270437472	5.38361796331	0.403712213727	-0.0	-0.0	0.01706294408	0.376338785024	0.000397001227537	30.9994801583	30.6811357395
3.75430844012	5.38554216867	0.410882650881	-0.0	-0.0	0.01674356016	0.376537948238	0.000391896145593	30.3107431178	29.4054090581
3.74458683164	5.37936507937	0.41880468912	-0.0	-0.0	0.0164037507733	0.376749770504	0.00038652959404	29.5858881716	28.0720913984
3.7397260274	5.37611181703	0.426369013796	-0.0	-0.0	0.0160906825333	0.376944859816	0.000381162673756	28.9257547573	26.8673319936
3.73309765798	5.36733396886	0.434105219223	-0.0	-0.0	0.0157808553067	0.377137860015	0.000376041139368	28.2797804574	25.6984649583
3.72602739726	5.36152623211	0.442021163133	-0.0	-0.0	0.0154743623067	0.377328740636	0.000371029382088	27.6480252107	24.5647553672
3.71365444101	5.3525477707	0.450547817302	-0.0	-0.0	0.0151550994533	0.377527507063	0.000366304600337	26.9975135483	23.4083585431
3.70879363677	5.34905961109	0.459431381631	-0.0	-0.0	0.0148316887067	0.377728788807	0.000360768812308	26.3467891889	22.266700417
3.69288555015	5.33663366337	0.468886536448	-0.0	-0.0	0.0144959934	0.377937647274	0.000356062611809	25.6800570523	21.1155128059
3.68404772426	5.32821987856	0.478537577539	-0.0	-0.0	0.0141610572533	0.378145963553	0.00035070768349	25.0239672097	20.0028984992
3.67609368095	5.3232	0.489304477485	-0.0	-0.0	0.0137938848667	0.378374249271	0.000344668338346	24.3145185653	18.8273419043
3.66681396376	5.31177976953	0.500988235361	-0.0	-0.0	0.0134071160933	0.378614628212	0.000338379536969	23.5781572969	17.6312430017
3.65488289881	5.30606352262	0.51384870883	-0.0	-0.0	0.0129895113467	0.378874065596	0.00033174970867	22.7961980026	16.3965308574
3.63809102961	5.30144927536	0.527060459544	-0.0	-0.0	0.0125746587867	0.379131689759	0.000325608923251	22.0325356984	15.2182725147
3.62704374724	5.29055143502	0.542155272749	-0.0	-0.0	0.0121117381733	0.379419035983	0.000318059342975	21.195615023	13.9676411465
3.61069376933	5.2720232333	0.559502903238	-0.0	-0.0	0.0115982158533	0.379737636349	0.000310025607702	20.2841893775	12.649979302
3.59787892179	5.25839793282	0.577880600153	-0.0	-0.0	0.0110636225333	0.380069135848	0.000301289138623	19.3557441896	11.370139401
3.5797613787	5.23900388098	0.601065221964	-0.0	-0.0	0.0104102220533	0.380474066667	0.000290791536541	18.2502045201	9.91854225905
3.55368979231	5.22215004872	0.62942146617	-0.0	-0.0	0.00965482125333	0.380941880337	0.000279072919239	17.0125074312	8.37305237609
3.5209898365	5.19471624266	0.658536294032	-0.0	-0.0	0.00892951114667	0.381390726652	0.000268346842449	15.8646321157	7.0138451043
