# C		CN		K0		e_x		e_y		e_z		n		overlap		p		q
3.47945205479	5.28676964406	0.735646154582	-0.0	-0.0	1.87240000048e-07	0.385017204301	0.000123535318423	5.58909647382	1.79359496218
3.50508174989	5.29072096128	0.647777933002	-0.0	-0.0	0.000531443826667	0.384690403988	0.000132117477017	6.20979758097	2.85842889559
3.53203711887	5.2849106552	0.57049607125	-0.0	-0.0	0.00134984762667	0.38418662601	0.00014533574721	7.21059689567	4.33954842782
3.55634114008	5.28177339901	0.531332341957	-0.0	-0.0	0.00212068413333	0.383711751578	0.000157443483473	8.19107964823	5.58340016996
3.56827220504	5.29081967213	0.507306975215	-0.0	-0.0	0.00286652962667	0.383251924307	0.000169412168071	9.17293571978	6.72998632562
3.58948298719	5.29452054795	0.490523437386	-0.0	-0.0	0.00361248325333	0.382791687207	0.000180799630609	10.1885964568	7.86076972752
3.60141405214	5.29411764706	0.478649511525	-0.0	-0.0	0.00433858268	0.382343369863	0.000192229987988	11.2109713712	8.95853724723
3.60273972603	5.29369720598	0.469874588265	-0.0	-0.0	0.00503626472	0.381912291565	0.000203684855068	12.223976736	10.0222865595
3.61997348652	5.29569718538	0.462664941304	-0.0	-0.0	0.00572674384	0.381485367534	0.000214087327535	13.257822201	11.1002681694
3.64250994255	5.30692431562	0.456873302504	-0.0	-0.0	0.00641326198667	0.381060600226	0.000224066064611	14.3146912577	12.1876495585
3.65488289881	5.31382636656	0.452266177172	-0.0	-0.0	0.00707321445333	0.380651994827	0.00023416758471	15.3579062757	13.2505673046
3.66018559434	5.31300160514	0.448234764863	-0.0	-0.0	0.00772982676	0.380245189763	0.000244649447425	16.4224775606	14.3340328711
3.6805125939	5.31577266922	0.444765487914	-0.0	-0.0	0.00836371930667	0.379852207267	0.0002537340658	17.4756147016	15.4055125738
3.68714096332	5.3125199108	0.441939481164	-0.0	-0.0	0.00898968749333	0.379463892954	0.000263600206469	18.5382466239	16.4747264598
3.70481661511	5.31388712746	0.439384327654	-0.0	-0.0	0.00960245564	0.379083531669	0.00027246249481	19.6023831488	17.5477749922
3.72425983208	5.32532405944	0.437007075082	-0.0	-0.0	0.01020852716	0.37870709782	0.000281103595131	20.6790953324	18.6372942245
3.73486522316	5.33512318383	0.434848416444	-0.0	-0.0	0.0108068733867	0.378335239554	0.00029026182537	21.7645507059	19.7362536222
3.74326115776	5.3390097761	0.432851587726	-0.0	-0.0	0.0114085767867	0.377961067958	0.000299629089823	22.8776277609	20.8634638649
3.76049491825	5.3486325055	0.430690150732	-0.0	-0.0	0.0121410528933	0.377505272393	0.000310410616639	24.2592098518	22.259299338
3.78435704817	5.36215538847	0.429217494147	-0.0	-0.0	0.0127213886267	0.377143911614	0.000318063951329	25.3756741271	23.3809484172
3.80247459125	5.3647425897	0.427800519553	-0.0	-0.0	0.0132863232	0.376791939264	0.000325890396191	26.4812520375	24.4975482414
3.80866106938	5.36425902864	0.426424245978	-0.0	-0.0	0.0138520024667	0.376439303655	0.000334711592791	27.6060052328	25.6375013969
3.8232434821	5.37236024845	0.425210987454	-0.0	-0.0	0.01442276032	0.376083299904	0.000342855303719	28.7576414544	26.7986057649
3.82456915599	5.37298136646	0.423949411687	-0.0	-0.0	0.0150851648267	0.375669877759	0.000353688314937	30.1162780454	28.1646908365
3.83605832965	5.37577447336	0.42302029347	-0.0	-0.0	0.0156255701333	0.375332395268	0.000361533295928	31.2414144273	29.293498077
3.84136102519	5.37747524752	0.422239469836	-0.0	-0.0	0.0161585611733	0.374999369062	0.000369797394314	32.3632847291	30.4122125887
3.85108263367	5.38214396046	0.421524413503	-0.0	-0.0	0.01669558644	0.374663633257	0.000377688865439	33.5079743811	31.5513265547
3.86080424216	5.38618136952	0.422224186806	-0.0	-0.0	0.0169151308667	0.374526328829	0.000380065222753	33.9483751106	31.9031158314
3.85771100309	5.38402220851	0.422458719928	-0.0	-0.0	0.0169067821467	0.374531542996	0.000380211238777	33.9275603688	31.8625097609
3.85550154662	5.38290651034	0.422668236562	-0.0	-0.0	0.0168967420667	0.374537830434	0.000380241963861	33.9028390422	31.8205153393
3.85594343791	5.38395061728	0.423015225089	-0.0	-0.0	0.01688252576	0.374546715322	0.000379931631591	33.8677278778	31.7565130268
3.85505965532	5.38364197531	0.423266575606	-0.0	-0.0	0.0168722147467	0.37455316153	0.000379824746079	33.8422105564	31.710127658
3.85461776403	5.38364197531	0.423687459704	-0.0	-0.0	0.0168547711067	0.374564080622	0.000379541477105	33.7991587186	31.6322563705
3.85505965532	5.38437789441	0.424102112829	-0.0	-0.0	0.01683766904	0.374574771758	0.000379176669348	33.7569121922	31.5558218172
3.85240830756	5.3819079963	0.424698007791	-0.0	-0.0	0.0168131410133	0.374590111326	0.000378977427299	33.6963997054	31.4463841992
3.85019885108	5.38017294626	0.426770743236	-0.0	-0.0	0.01672814476	0.374643272782	0.000377597603864	33.4869362069	31.068673175
3.83650022095	5.37879727216	0.435723879433	-0.0	-0.0	0.01636665716	0.374869290631	0.000372109421378	32.6009436624	29.489362868
3.82412726469	5.37162371934	0.444600651879	-0.0	-0.0	0.01601647492	0.375088157597	0.000366707919374	31.7535845809	28.0053588916
3.81573133009	5.36013660354	0.452826203078	-0.0	-0.0	0.0157008088667	0.375285388394	0.000361562326623	30.9982970149	26.701809555
3.80733539549	5.35467827168	0.461302114232	-0.0	-0.0	0.0153861453067	0.375481938298	0.000356417471923	30.2529442919	25.4298782147
3.79893946089	5.34743390358	0.470309111255	-0.0	-0.0	0.0150615938533	0.375684593655	0.000351075868642	29.4922549002	24.1496939397
3.78921785241	5.3397695422	0.479776299663	-0.0	-0.0	0.0147288175867	0.375892313013	0.00034569361895	28.7218647997	22.8753157101
3.78082191781	5.33655645664	0.489863978212	-0.0	-0.0	0.01438135024	0.37610913581	0.000339928309992	27.9287350183	21.590017552
3.77728678745	5.32855361596	0.500874915281	-0.0	-0.0	0.0140122525067	0.376339365874	0.000333312395085	27.0975338593	20.2698539198
3.76270437472	5.31958762887	0.512758337044	-0.0	-0.0	0.0136243910667	0.376581217027	0.000327306845203	26.2371029911	18.9341463184
3.75784357048	5.31644777986	0.526006934088	-0.0	-0.0	0.0132094509467	0.376839844831	0.000319925836401	25.3297677085	17.5527092305
3.7392841361	5.30542489809	0.540114033341	-0.0	-0.0	0.01277572772	0.377110065259	0.000313385689776	24.400621345	16.1830861443
3.72072470172	5.29735682819	0.555384530656	-0.0	-0.0	0.01231776044	0.377395263158	0.000306320711146	23.4355016672	14.8094646128
3.71011931065	5.29296751813	0.572165400876	-0.0	-0.0	0.01182521716	0.377701847428	0.000297983252615	22.4204188025	13.419894285
3.69111798498	5.27916534935	0.590448025273	-0.0	-0.0	0.0113024593733	0.378027073618	0.000289755854689	21.3674244677	12.0378101699
3.67388422448	5.26877971474	0.605872057927	-0.0	-0.0	0.0108728496533	0.378294221844	0.000283070914051	20.5193118412	10.9694888628
3.67432611578	5.27045022194	0.605271503289	-0.0	-0.0	0.0108816798667	0.378288732025	0.000283196503349	20.5362343325	11.0012384496
3.67476800707	5.27108433735	0.604970986773	-0.0	-0.0	0.0108864721867	0.378285752578	0.000283250993047	20.545455793	11.0175532553
3.67520989837	5.27140139505	0.604267703473	-0.0	-0.0	0.0108968437467	0.378279304398	0.000283409844069	20.5656082387	11.0550304317
3.67476800707	5.26973058637	0.603490973979	-0.0	-0.0	0.0109103873067	0.37827088403	0.00028369004564	20.5914512046	11.0984545239
3.67653557225	5.27099841521	0.602401792992	-0.0	-0.0	0.0109278105333	0.378260058193	0.000283874728943	20.6250397536	11.1581079752
3.67786124613	5.27122940431	0.600098345534	-0.0	-0.0	0.0109653968133	0.378236683144	0.000284463139138	20.6975479105	11.285786884
3.68669907203	5.28222996516	0.579691449618	-0.0	-0.0	0.01131748792	0.378017726198	0.000290244436799	21.383363584	12.486359719
3.70525850641	5.29500947568	0.55968116339	-0.0	-0.0	0.0117002902933	0.37777958544	0.000295813001178	22.1420546381	13.8007035633
3.71321254971	5.30616113744	0.542251663345	-0.0	-0.0	0.01206754608	0.377551031147	0.000301926689453	22.8832054017	15.0751726934
3.72602739726	5.31713474282	0.526697113496	-0.0	-0.0	0.0124285490533	0.377326281821	0.000307512528812	23.6234833206	16.3354839971
3.73398144057	5.32240781595	0.512443704508	-0.0	-0.0	0.01279275704	0.377099460302	0.000313554905581	24.3821706247	17.6123581977
3.74591250552	5.32756994656	0.499221915813	-0.0	-0.0	0.0131643214933	0.376867970654	0.000319381799245	25.1675029629	18.9197220128
3.75916924437	5.33364691126	0.487234989406	-0.0	-0.0	0.0135363507067	0.376636103024	0.000325087327667	25.9647585643	20.2289523414
3.76756517897	5.34524929445	0.476963631408	-0.0	-0.0	0.01388941736	0.376415972762	0.000330828241532	26.7302643148	21.4658457018
3.77507733098	5.34857500783	0.467698599393	-0.0	-0.0	0.0142436939733	0.376195015984	0.000336636291421	27.5065566175	22.6957731817
3.78435704817	5.35857321652	0.459569241654	-0.0	-0.0	0.0145923324	0.375977492081	0.000342153427058	28.2776399388	23.8890104012
3.79363676536	5.36679174484	0.452046173923	-0.0	-0.0	0.0149523432267	0.375752799524	0.000347855729407	29.0814409558	25.1069022849
3.79452054795	5.36761487965	0.445435863527	-0.0	-0.0	0.01531051036	0.375529178885	0.00035425551995	29.8869285875	26.2961551121
3.80468404772	5.37464876678	0.44002515234	-0.0	-0.0	0.0156541339733	0.375314559178	0.000359475517774	30.6622293532	27.3983262601
3.81307998232	5.38159126365	0.435269798728	-0.0	-0.0	0.0160203404533	0.375085752598	0.000365200035962	31.4887013542	28.5200388343
3.81838267786	5.38118966054	0.43165441283	-0.0	-0.0	0.0163805580933	0.37486060067	0.00037101386815	32.297562552	29.5541623053
3.82722050376	5.38854296389	0.429038892589	-0.0	-0.0	0.0167494498533	0.374629949357	0.000376524504914	33.1207186332	30.5325896579
3.83826778612	5.39056193729	0.427052892761	-0.0	-0.0	0.0171536889067	0.374377101369	0.000382322993336	34.0198035086	31.537922207
3.83826778612	5.39044072005	0.426815827951	-0.0	-0.0	0.0172135081733	0.374339683237	0.000383335423885	34.152617756	31.6822490641
3.83738400354	5.39223602484	0.427006342258	-0.0	-0.0	0.0172105263333	0.374341539451	0.000383359852706	34.1442694541	31.657469243
3.83738400354	5.39056193729	0.427203427368	-0.0	-0.0	0.0172006025333	0.374347748329	0.000383174360088	34.1198171685	31.6171949263
3.83738400354	5.38994101211	0.427466372916	-0.0	-0.0	0.01718904456	0.374354976359	0.000382961047224	34.0917159613	31.5677005056
3.83738400354	5.38932008693	0.427624473017	-0.0	-0.0	0.0171828699867	0.374358842639	0.000382845488731	34.0764443938	31.5394699875
3.83561643836	5.38869916175	0.427983238853	-0.0	-0.0	0.01716859528	0.374367769294	0.000382754700885	34.0412365989	31.4749616525
3.83915156871	5.39118286247	0.428431478182	-0.0	-0.0	0.0171501267867	0.374379327797	0.000382057741203	33.9959081942	31.3932553738
3.832081308	5.38844002486	0.430613349397	-0.0	-0.0	0.01706294408	0.374433863351	0.000381132449765	33.7819136929	31.0036988525
3.82103402563	5.38566978193	0.438769894434	-0.0	-0.0	0.01674356016	0.374633623493	0.000376246385455	33.0032606392	29.5957884287
3.81617322139	5.37986911811	0.447740037113	-0.0	-0.0	0.0164037507733	0.374846101844	0.000370367391066	32.1846806897	28.1316234418
3.80159080866	5.3695380774	0.456248601185	-0.0	-0.0	0.0160906825333	0.375041784789	0.000365927067949	31.4398804158	26.8164768034
3.79098541759	5.36429018136	0.464925548514	-0.0	-0.0	0.0157808553067	0.375235386119	0.000361164792902	30.7113135383	25.5452443009
3.78524083076	5.35888610763	0.473786589328	-0.0	-0.0	0.0154743623067	0.375426842758	0.000356011405236	29.9990522102	24.3162676815
3.77993813522	5.3524256651	0.483283789965	-0.0	-0.0	0.0151550994533	0.375626213939	0.000350581088775	29.2657852042	23.0687810102
3.77065841803	5.34492481203	0.493274096458	-0.0	-0.0	0.0148316887067	0.375828110481	0.000345436653113	28.5319103178	21.8336379965
3.75916924437	5.33804143126	0.503856739298	-0.0	-0.0	0.0144959934	0.37603760689	0.000340264145436	27.7803415014	20.595113839
3.74723817941	5.33238993711	0.514796558239	-0.0	-0.0	0.0141610572533	0.376246559455	0.000335139166749	27.0400566479	19.3929440011
3.74105170128	5.32861189802	0.527017876823	-0.0	-0.0	0.0137938848667	0.376475534389	0.000328901972591	26.2398209584	18.1267042796
3.73309765798	5.31863979849	0.540044725096	-0.0	-0.0	0.0134071160933	0.376716655612	0.000322452255549	25.4097614117	16.8560353897
3.7224922669	5.31084489281	0.554270953973	-0.0	-0.0	0.0129895113467	0.376976887355	0.000315659862317	24.5284914177	15.5553859834
3.71188687583	5.30176767677	0.568810341046	-0.0	-0.0	0.0125746587867	0.377235291776	0.000308921401117	23.6683437804	14.3227633904
3.6973044631	5.29326162607	0.585242760795	-0.0	-0.0	0.0121117381733	0.377523520384	0.000301598943409	22.7248896034	13.0274711064
3.68183826779	5.28082408875	0.603687302013	-0.0	-0.0	0.0115982158533	0.377843093889	0.000293391681643	21.6989265292	11.6874953175
3.66239505082	5.26198793268	0.622940805589	-0.0	-0.0	0.0110636225333	0.378175605928	0.000285087649806	20.654720372	10.4031114358
3.64030048608	5.24450811843	0.647240066078	-0.0	-0.0	0.0104102220533	0.378581772128	0.000274715368436	19.4099718401	8.95243365297
3.59743703049	5.22432605905	0.676606813491	-0.0	-0.0	0.00965482125333	0.379051016146	0.000264107488721	18.0248166864	7.43124572833
3.57666813964	5.20991629105	0.706019994063	-0.0	-0.0	0.00892951114667	0.379501233426	0.000252427664937	16.745937744	6.12299659412
