# C		CN		K0		e_x		e_y		e_z		n		overlap		p		q
3.44365885992	5.24823172785	0.736649421297	-0.0	-0.0	1.87240000048e-07	0.387299795216	0.000130717987661	5.58639608933	1.78447579927
3.46266018559	5.25494800403	0.650570633004	-0.0	-0.0	0.000531443826667	0.386974207719	0.000139543547438	6.16159198668	2.80692179058
3.48961555457	5.2628418946	0.572383415315	-0.0	-0.0	0.00134984762667	0.386472299728	0.000152723995913	7.08561325534	4.23811907763
3.50331418471	5.26529255319	0.529953821884	-0.0	-0.0	0.00212068413333	0.385999187856	0.000165289784696	7.99141746828	5.47063639002
3.52054794521	5.26272306675	0.503291725688	-0.0	-0.0	0.00286652962667	0.385541067295	0.000177037290595	8.89764808359	6.60755288599
3.54838709677	5.2674762061	0.484063443108	-0.0	-0.0	0.00361248325333	0.385082538426	0.00018813127312	9.8362582166	7.73560673224
3.55103844454	5.26804461942	0.470185510981	-0.0	-0.0	0.00433858268	0.384635885072	0.000200092093462	10.7790215919	8.82957189973
3.56827220504	5.27180659915	0.459501723258	-0.0	-0.0	0.00503626472	0.384206406779	0.000210704708287	11.7129167827	9.89702965073
3.58108705259	5.27139602994	0.45100269792	-0.0	-0.0	0.00572674384	0.383781067467	0.000221364770227	12.6630815793	10.9652648277
3.5965532479	5.27806619079	0.444120432973	-0.0	-0.0	0.00641326198667	0.38335788031	0.000231716029194	13.6326598528	12.0399635339
3.60936809545	5.28733398121	0.438587482338	-0.0	-0.0	0.00707321445333	0.382950787801	0.000241765004613	14.5895893929	13.0900607565
3.62925320371	5.2955792191	0.433694320379	-0.0	-0.0	0.00772982676	0.382545492648	0.000251254658891	15.5673594986	14.1629073483
3.64825452939	5.29800899165	0.429679346676	-0.0	-0.0	0.00836371930667	0.382153968759	0.000260338164157	16.5323448585	15.2128867137
3.66062748564	5.30397181294	0.426147757203	-0.0	-0.0	0.00898968749333	0.381767095727	0.000269741815466	17.5063241783	16.2706922001
3.67786124613	5.31204088151	0.423021845181	-0.0	-0.0	0.00960245564	0.381388146204	0.00027855473572	18.4804504102	17.3281102179
3.69244365886	5.31466751511	0.420266068134	-0.0	-0.0	0.01020852716	0.381013109539	0.000287397312593	19.4625895312	18.3910783152
3.70083959346	5.32220101781	0.417814113145	-0.0	-0.0	0.0108068733867	0.380642630243	0.000296572480554	20.4516387858	19.4592597133
3.71056120194	5.32213062777	0.415615608855	-0.0	-0.0	0.0114085767867	0.380269848667	0.000305669189765	21.4640730607	20.5489112665
3.73044631021	5.33449257034	0.413216548494	-0.0	-0.0	0.0121410528933	0.3798157493	0.000316024085832	22.7208826755	21.898811371
3.75077330977	5.34088762984	0.411452400753	-0.0	-0.0	0.0127213886267	0.379455725308	0.000323835516802	23.7376342068	22.9919756851
3.76005302696	5.34432924914	0.409890955389	-0.0	-0.0	0.0132863232	0.379105059351	0.000332337913876	24.7447297068	24.0722617144
3.77463543968	5.35297805643	0.40847605158	-0.0	-0.0	0.0138520024667	0.378753732596	0.000340342051405	25.7677784586	25.166747152
3.78435704817	5.35774647887	0.407123991385	-0.0	-0.0	0.01442276032	0.378399050201	0.000348862189857	26.8168107759	26.2903041164
3.79893946089	5.36621916953	0.405680082759	-0.0	-0.0	0.0150851648267	0.377987162527	0.000358449728922	28.0554986533	27.6156149757
3.81396376491	5.36912542795	0.404606078067	-0.0	-0.0	0.0156255701333	0.377650932647	0.000365951804419	29.0824892431	28.7122833074
3.82059213433	5.36812674744	0.403638086182	-0.0	-0.0	0.0161585611733	0.377319141022	0.000374114622839	30.1088426401	29.8057938697
3.82589482987	5.37589313451	0.402744191686	-0.0	-0.0	0.01669558644	0.376984655852	0.000382445489506	31.1554694326	30.9187008636
3.83296509059	5.38031667184	0.402421708583	-0.0	-0.0	0.0169151308667	0.376847860731	0.00038534586274	31.5866052083	31.3746933266
3.83031374282	5.37907482148	0.402697485094	-0.0	-0.0	0.0169067821467	0.376853054668	0.000385444922471	31.566436625	31.3306156726
3.82942996023	5.37678460583	0.402892760869	-0.0	-0.0	0.0168967420667	0.376859316947	0.000385347935981	31.5440505685	31.2913921158
3.82633672117	5.37461204221	0.403227455054	-0.0	-0.0	0.01688252576	0.376868174846	0.000385393552727	31.5119965482	31.2304961577
3.82677861246	5.37597019559	0.403461480826	-0.0	-0.0	0.0168722147467	0.376874595198	0.000385156368363	31.488810667	31.1871987093
3.82501104728	5.37410742006	0.40387080619	-0.0	-0.0	0.0168547711067	0.376885470211	0.000385007060956	31.4493842675	31.1126810836
3.82501104728	5.37651444548	0.404268392275	-0.0	-0.0	0.01683766904	0.376896118455	0.000384686979385	31.4108495017	31.0401801614
3.82545293858	5.37651444548	0.404842314936	-0.0	-0.0	0.0168131410133	0.376911399952	0.000384182447538	31.3555405799	30.9360381982
3.8232434821	5.37527182355	0.406840579511	-0.0	-0.0	0.01672814476	0.376964358916	0.000382808292214	31.1641726557	30.5764701262
3.81705700398	5.36959900528	0.415550173333	-0.0	-0.0	0.01636665716	0.377189546885	0.000376638835953	30.3566264739	29.0676452219
3.80910296067	5.36445689387	0.424259134044	-0.0	-0.0	0.01601647492	0.377407605862	0.000370838752511	29.5834214434	27.6422229206
3.79584622183	5.35776668746	0.43234632382	-0.0	-0.0	0.0157008088667	0.377604101659	0.000366190939806	28.8945129508	26.3883860733
3.78612461335	5.35270228054	0.440628444296	-0.0	-0.0	0.0153861453067	0.377799920628	0.000361193100851	28.214886244	25.1681812963
3.7733097658	5.34658735128	0.449399556842	-0.0	-0.0	0.0150615938533	0.378001823803	0.00035629417351	27.522152387	23.9420418807
3.76403004861	5.3438970819	0.458673833468	-0.0	-0.0	0.0147288175867	0.378208775597	0.000350916257296	26.8207707628	22.7169833684
3.748121962	5.3434152489	0.468631557907	-0.0	-0.0	0.01438135024	0.378424790213	0.00034586278232	26.097499344	21.474709536
3.72912063632	5.33617963314	0.47962999165	-0.0	-0.0	0.0140122525067	0.378654163188	0.000340662213564	25.3398339612	20.1904133026
3.71939902784	5.33174904943	0.49153717384	-0.0	-0.0	0.0136243910667	0.378895119238	0.000334263682164	24.5553998599	18.8881087966
3.70304904993	5.32507149666	0.504506490206	-0.0	-0.0	0.0132094509467	0.379152781888	0.00032795753519	23.7310895266	17.5587728234
3.68846663721	5.31666135712	0.518287433128	-0.0	-0.0	0.01277572772	0.379422004579	0.000321141557515	22.8854673986	16.2393498427
3.66637207247	5.30009587728	0.532952349694	-0.0	-0.0	0.01231776044	0.379706143927	0.000314502725018	22.0095316871	14.9273585492
3.64471939903	5.2858974359	0.549223268202	-0.0	-0.0	0.01182521716	0.380011590269	0.000307127785986	21.0847019623	13.5878987765
3.63190455148	5.27406931964	0.567098586809	-0.0	-0.0	0.0113024593733	0.380335609338	0.000298450776415	20.12580335	12.2469781418
3.62262483429	5.26840244294	0.582416735448	-0.0	-0.0	0.0108728496533	0.380601766008	0.000291193571307	19.3543972934	11.200038036
3.62306672559	5.2691318328	0.581750626021	-0.0	-0.0	0.0108816798667	0.380596296565	0.000291323694143	19.3703025319	11.2340358945
3.62306672559	5.26881028939	0.581525808461	-0.0	-0.0	0.0108864721867	0.380593334492	0.000291409709046	19.3785522764	11.2471990039
3.62129916041	5.26816720257	0.580944212508	-0.0	-0.0	0.0108968437467	0.38058690393	0.000291740286367	19.3966007874	11.2793857309
3.62262483429	5.26945337621	0.580136877549	-0.0	-0.0	0.0109103873067	0.380578514815	0.000291883818463	19.4205405209	11.3235215169
3.62306672559	5.27179157285	0.579096977469	-0.0	-0.0	0.0109278105333	0.3805677224	0.000292169380927	19.451330568	11.3805209345
3.62395050817	5.27243486652	0.57687796869	-0.0	-0.0	0.0109653968133	0.380544445919	0.000292791599173	19.5177974874	11.503267352
3.63234644278	5.27681438664	0.557197510477	-0.0	-0.0	0.01131748792	0.380326300048	0.000298596980524	20.1462230229	12.6572342735
3.64295183385	5.28988764045	0.537824547121	-0.0	-0.0	0.0117002902933	0.380089041306	0.000304770167899	20.8413440266	13.9219451508
3.66018559434	5.30342838834	0.520960925987	-0.0	-0.0	0.01206754608	0.379861330941	0.00031007830313	21.5194188201	15.1454999929
3.66902342024	5.30690537084	0.505895243234	-0.0	-0.0	0.0124285490533	0.379637418624	0.000315968123274	22.1961502717	16.3544218519
3.68669907203	5.32003828973	0.49202775637	-0.0	-0.0	0.01279275704	0.379411443543	0.000321137042317	22.888736857	17.5804199134
3.69951391958	5.33471469557	0.479185192673	-0.0	-0.0	0.0131643214933	0.379180804972	0.000326840210576	23.6053706585	18.8330460827
3.70967741935	5.33842239186	0.467450244916	-0.0	-0.0	0.0135363507067	0.378949802555	0.00033275161656	24.332488706	20.0913602054
3.71895713654	5.34774316592	0.457336202254	-0.0	-0.0	0.01388941736	0.378730488299	0.000338372039395	25.0308573881	21.2830248648
3.73044631021	5.35385591876	0.448172676637	-0.0	-0.0	0.0142436939733	0.378510350089	0.000343783319139	25.7391494425	22.4699038885
3.74502872293	5.36170886076	0.44003550337	-0.0	-0.0	0.0145923324	0.378293636743	0.000348783122321	26.4431692577	23.6276756191
3.75209898365	5.36843769766	0.432482978396	-0.0	-0.0	0.0149523432267	0.378069773781	0.000354659363566	27.1763333953	24.8096192809
3.75386654883	5.37021814733	0.425844073815	-0.0	-0.0	0.01531051036	0.377846983448	0.000360966383094	27.9110026488	25.9632286308
3.76712328767	5.38111777708	0.420224168563	-0.0	-0.0	0.0156541339733	0.377633155714	0.000365870500654	28.6196491854	27.0471828529
3.77154220062	5.3860479798	0.415222031959	-0.0	-0.0	0.0160203404533	0.377405199206	0.000371964063227	29.3751182168	28.1536960573
3.790101635	5.39056603774	0.411462925283	-0.0	-0.0	0.0163805580933	0.377180889178	0.000376448740937	30.1132782806	29.1664864545
3.79275298277	5.39007537688	0.40875001604	-0.0	-0.0	0.0167494498533	0.376951093958	0.000382552037021	30.8632797249	30.1203521104
3.80247459125	5.39554579674	0.406744506705	-0.0	-0.0	0.0171536889067	0.376699182345	0.000388458555534	31.6822192288	31.09307604
3.80335837384	5.39542176231	0.406508446501	-0.0	-0.0	0.0172135081733	0.376661896532	0.000389381991694	31.8032157593	31.2323729582
3.80291648255	5.39510818438	0.406675145233	-0.0	-0.0	0.0172105263333	0.376663754524	0.000389363206516	31.7955270301	31.2103125743
3.80380026513	5.39604891816	0.406847097207	-0.0	-0.0	0.0172006025333	0.376669940358	0.000389092233083	31.7736740963	31.173910818
3.80424215643	5.39636249608	0.407131593585	-0.0	-0.0	0.01718904456	0.376677144748	0.000388831623168	31.7476686052	31.1236922401
3.80335837384	5.39542176231	0.407264686302	-0.0	-0.0	0.0171828699867	0.376680990712	0.000388808591334	31.733973561	31.0987196861
3.80159080866	5.39491844417	0.407601075675	-0.0	-0.0	0.01716859528	0.376689891121	0.000388723733391	31.7019704455	31.0382177163
3.80026513478	5.39397741531	0.408040183114	-0.0	-0.0	0.0171501267867	0.376701396503	0.000388516103015	31.6606392328	30.9597965232
3.79982324348	5.39134524929	0.410118722011	-0.0	-0.0	0.01706294408	0.376755741104	0.000386940766387	31.4657132588	30.5911218521
3.78347326558	5.3828984596	0.417919522854	-0.0	-0.0	0.01674356016	0.376954756379	0.000382666254839	30.7568163624	29.2557384901
3.7733097658	5.38102741885	0.426509747255	-0.0	-0.0	0.0164037507733	0.377166443912	0.000377369821888	30.0112482565	27.8645071984
3.76535572249	5.37847222222	0.434681093442	-0.0	-0.0	0.0160906825333	0.377361403052	0.000372349914911	29.3324823808	26.6115474826
3.75872735307	5.37377567141	0.443031895602	-0.0	-0.0	0.0157808553067	0.377554275166	0.000367251737733	28.6680114658	25.3976054428
3.75254087494	5.36895352513	0.451538524861	-0.0	-0.0	0.0154743623067	0.377745029583	0.00036216513425	28.0180378819	24.224160114
3.75077330977	5.36654016445	0.460654654218	-0.0	-0.0	0.0151550994533	0.377943660771	0.000356419879479	27.3491778825	23.032187067
3.73619089704	5.35583016477	0.470188588757	-0.0	-0.0	0.0148316887067	0.378144807948	0.000351823161708	26.6800696871	21.8546252813
3.7229341582	5.34592192955	0.480400998731	-0.0	-0.0	0.0144959934	0.378353524184	0.000346868013047	25.9944821834	20.6650753087
3.70746796288	5.34097421203	0.490911137209	-0.0	-0.0	0.0141610572533	0.378561701267	0.000342125076422	25.3194146764	19.5120907519
3.69907202828	5.33227142402	0.502748476503	-0.0	-0.0	0.0137938848667	0.378789836889	0.000336130620886	24.5899636794	18.290823455
3.69288555015	5.32918660287	0.515429588329	-0.0	-0.0	0.0134071160933	0.379030055124	0.000329565161008	23.8326936041	17.0597030316
3.67962881131	5.32086928731	0.52940948956	-0.0	-0.0	0.0129895113467	0.379289316205	0.000323047975311	23.0288500709	15.7913227238
3.66283694211	5.30739673391	0.543500608444	-0.0	-0.0	0.0125746587867	0.379546770991	0.000316870541385	22.2442547864	14.5967650044
3.64295183385	5.28777670837	0.55948212127	-0.0	-0.0	0.0121117381733	0.37983392511	0.000310034570053	21.3838465264	13.3366573939
3.62660185594	5.2768488746	0.577405146583	-0.0	-0.0	0.0115982158533	0.380152312475	0.000301923232084	20.4477010216	12.030423156
3.6137870084	5.26198905697	0.596291617755	-0.0	-0.0	0.0110636225333	0.380483590351	0.000293065711901	19.4916187035	10.7666560521
3.58373840035	5.2394184168	0.620252473683	-0.0	-0.0	0.0104102220533	0.380888249137	0.00028335611363	18.3539309637	9.33253000382
3.55148033584	5.22196945076	0.649148319854	-0.0	-0.0	0.00965482125333	0.381355750353	0.000271950438954	17.0856806888	7.82475987545
3.5209898365	5.19302249755	0.678512693811	-0.0	-0.0	0.00892951114667	0.381804297605	0.000261001076962	15.9127822808	6.51128859658
