# C		CN		K0		e_x		e_y		e_z		n		overlap		p		q
3.46840477243	5.25661641541	0.735180564104	-0.0	-0.0	1.87240000048e-07	0.386742830502	0.000129699108484	5.58594126328	1.79641648025
3.49138311975	5.26366666667	0.65038066958	-0.0	-0.0	0.000531443826667	0.386416947035	0.00013832899274	6.16656605854	2.81117905584
3.51701281485	5.2725464191	0.574002628103	-0.0	-0.0	0.00134984762667	0.385914582793	0.000151480075202	7.09820894504	4.22319965981
3.54441007512	5.27203947368	0.53346002342	-0.0	-0.0	0.00212068413333	0.385441040847	0.000163368605858	8.01052569301	5.42434692855
3.55324790102	5.26614224844	0.508052599288	-0.0	-0.0	0.00286652962667	0.384982503839	0.00017548375299	8.92440602996	6.53290069254
3.57313300928	5.26834039778	0.489947011302	-0.0	-0.0	0.00361248325333	0.384523558153	0.000186881180521	9.86790813377	7.62640218875
3.58152894388	5.27139602994	0.476677479187	-0.0	-0.0	0.00433858268	0.384076500087	0.000198418241113	10.8161534896	8.69325365377
3.59964648696	5.27673363577	0.466815282783	-0.0	-0.0	0.00503626472	0.383646630073	0.000208861839208	11.7544377926	9.72360496686
3.61025187804	5.27731092437	0.458807245525	-0.0	-0.0	0.00572674384	0.383220905051	0.000219600542879	12.711377641	10.762286441
3.622182943	5.28387096774	0.452183798765	-0.0	-0.0	0.00641326198667	0.382797331068	0.000230137737112	13.6892438474	11.8136691235
3.63234644278	5.29381443299	0.446711619187	-0.0	-0.0	0.00707321445333	0.382389869696	0.000240325881697	14.6538524995	12.846266209
3.64560318162	5.29723650386	0.442215134275	-0.0	-0.0	0.00772982676	0.381984206116	0.000250156061846	15.6345405377	13.8833103671
3.65444100751	5.2983974359	0.438232107579	-0.0	-0.0	0.00836371930667	0.381592326319	0.000259934397857	16.6049749081	14.9133807335
3.67034909412	5.30108556833	0.434864553723	-0.0	-0.0	0.00898968749333	0.381205101607	0.000269036072936	17.583263209	15.9439010621
3.68802474591	5.31072906718	0.431963546241	-0.0	-0.0	0.00960245564	0.380825807606	0.000277747438749	18.5611265099	16.9696494938
3.70039770217	5.32283715013	0.429459255689	-0.0	-0.0	0.01020852716	0.38045043002	0.000286708826759	19.547418902	17.9985279528
3.71630578878	5.33449698508	0.427161385534	-0.0	-0.0	0.0108068733867	0.380079613946	0.000295246971911	20.5410075393	19.0366248242
3.73177198409	5.3414556962	0.424991700323	-0.0	-0.0	0.0114085767867	0.379706493499	0.000303883633043	21.5612832439	20.1049103672
3.7560760053	5.34812716399	0.422682284555	-0.0	-0.0	0.0121410528933	0.379251984367	0.000313894313025	22.8267848803	21.4239086173
3.77154220062	5.3557299843	0.421035041851	-0.0	-0.0	0.0127213886267	0.378891630075	0.000322098480317	23.8478744471	22.4862513431
3.78700839593	5.35908664373	0.419481176252	-0.0	-0.0	0.0132863232	0.37854065317	0.000330027125521	24.8590225963	23.5422936269
3.80159080866	5.3735542357	0.418173089293	-0.0	-0.0	0.0138520024667	0.378189005441	0.000337986175404	25.8858713495	24.6049956167
3.80600972161	5.37421972534	0.416815927603	-0.0	-0.0	0.01442276032	0.377833994416	0.000346959343543	26.9397778708	25.7044771396
3.82545293858	5.37849596022	0.415364276156	-0.0	-0.0	0.0150851648267	0.377421737486	0.000356045385555	28.1833341704	27.0006997251
3.83340698188	5.38800869835	0.414246906853	-0.0	-0.0	0.0156255701333	0.377085196798	0.000364170095528	29.2153280034	28.0771561003
3.85019885108	5.39646621203	0.413134931431	-0.0	-0.0	0.0161585611733	0.376753100295	0.000371332306895	30.2491304962	29.1613387547
3.86080424216	5.39876352396	0.412094138692	-0.0	-0.0	0.01669558644	0.376418311076	0.00037912997903	31.3052251597	30.2674766455
3.86433937251	5.40265760198	0.411694869298	-0.0	-0.0	0.0169151308667	0.376281392162	0.000382386830222	31.7404860216	30.7225993142
3.86345558992	5.40234857849	0.411922607982	-0.0	-0.0	0.0169067821467	0.376286599392	0.000382316574725	31.7212575799	30.6844368138
3.86345558992	5.40234857849	0.412134251135	-0.0	-0.0	0.0168967420667	0.376292859525	0.000382131588644	31.6984796478	30.6442562367
3.86212991604	5.40142150803	0.412483114002	-0.0	-0.0	0.01688252576	0.376301728242	0.000381994393706	31.6659527426	30.5829472272
3.86168802475	5.40049443758	0.41273288591	-0.0	-0.0	0.0168722147467	0.376308153222	0.000381844642929	31.6423729102	30.5388224345
3.86124613345	5.39956736712	0.413151166085	-0.0	-0.0	0.0168547711067	0.376319038257	0.00038156119253	31.6025208534	30.4646752922
3.86124613345	5.39925834363	0.413570224664	-0.0	-0.0	0.01683766904	0.37632970278	0.000381240454202	31.5634660108	30.3913521618
3.86080424216	5.4	0.414158791852	-0.0	-0.0	0.0168131410133	0.376345001887	0.000380822693929	31.5074266232	30.2874331732
3.85594343791	5.39746365605	0.416239055482	-0.0	-0.0	0.01672814476	0.376398007973	0.00037970795799	31.3138147595	29.9263308595
3.84401237296	5.39441860465	0.425263710017	-0.0	-0.0	0.01636665716	0.376623389697	0.000374087634532	30.4959582701	28.4142786417
3.83296509059	5.38497361068	0.434320660924	-0.0	-0.0	0.01601647492	0.376841644882	0.000368580965892	29.7126982438	26.9840862046
3.82280159081	5.38071539658	0.442759010848	-0.0	-0.0	0.0157008088667	0.377038327715	0.000363616985032	29.0146566731	25.7247437548
3.80998674326	5.37710542732	0.451377469124	-0.0	-0.0	0.0153861453067	0.37723431832	0.000358893032709	28.3264565764	24.5021552465
3.79496243924	5.37128558023	0.460498406261	-0.0	-0.0	0.0150615938533	0.377436406457	0.000354184237083	27.6255252418	23.2754392907
3.78347326558	5.3630952381	0.470042174525	-0.0	-0.0	0.0147288175867	0.377643543837	0.000348990892142	26.9159227486	22.0572428681
3.7733097658	5.35402947632	0.480350141423	-0.0	-0.0	0.01438135024	0.377859757826	0.00034339506201	26.1849508261	20.8196114103
3.76093680954	5.34590009425	0.491506960481	-0.0	-0.0	0.0140122525067	0.378089346007	0.000337585601341	25.4199837473	19.554907805
3.75209898365	5.34098773199	0.503618247956	-0.0	-0.0	0.0136243910667	0.378330514396	0.000331088520906	24.6283466079	18.2714820063
3.73751657092	5.3339640492	0.516767665966	-0.0	-0.0	0.0132094509467	0.378588416496	0.000324598211525	23.7956952564	16.9638301998
3.7224922669	5.32595637053	0.530884869239	-0.0	-0.0	0.01277572772	0.378857878693	0.000317740138491	22.9382530444	15.6574442464
3.70790985418	5.31327209376	0.546052912692	-0.0	-0.0	0.01231776044	0.379142276333	0.000310402983247	22.0507302832	14.3537645136
3.68758285462	5.29787234043	0.56309469331	-0.0	-0.0	0.01182521716	0.379448000335	0.000302919530701	21.1175409476	13.0181710467
3.65223155104	5.28493763991	0.581803361963	-0.0	-0.0	0.0113024593733	0.379772313949	0.000296107103562	20.1503457207	11.6843880302
3.63676535572	5.26897214217	0.597607012658	-0.0	-0.0	0.0108728496533	0.380038709213	0.000289402970526	19.3739948247	10.6540313123
3.63809102961	5.26993275696	0.596904223686	-0.0	-0.0	0.0108816798667	0.380033239593	0.000289464336199	19.3900222385	10.6883115657
3.63809102961	5.27057316683	0.596672628826	-0.0	-0.0	0.0108864721867	0.380030267063	0.000289549596633	19.3983349866	10.7012966992
3.6385329209	5.27089337176	0.596077154216	-0.0	-0.0	0.0108968437467	0.380023837739	0.000289701439798	19.4164240758	10.7329177113
3.6389748122	5.27185398655	0.595221191261	-0.0	-0.0	0.0109103873067	0.380015440235	0.000289915471615	19.4405347828	10.7774346042
3.64074237738	5.27208706786	0.594168553302	-0.0	-0.0	0.0109278105333	0.38000463801	0.000290093801594	19.4714041954	10.8330313141
3.64383561644	5.27488	0.591875314611	-0.0	-0.0	0.0109653968133	0.379981334252	0.000290537495961	19.5382043579	10.9545797948
3.65488289881	5.29046705054	0.571466689503	-0.0	-0.0	0.01131748792	0.379762998884	0.000296106149202	20.1702514029	12.1006439471
3.67079098542	5.2992980217	0.551313095111	-0.0	-0.0	0.0117002902933	0.37952551911	0.000301810857089	20.8695066826	13.3602554798
3.68846663721	5.31433121019	0.533757070968	-0.0	-0.0	0.01206754608	0.3792976081	0.000307084176626	21.5520840566	14.5805630929
3.7057003977	5.32666031141	0.518106132432	-0.0	-0.0	0.0124285490533	0.37907349428	0.000312260025296	22.2337271923	15.7856285006
3.72072470172	5.34179625516	0.503682618372	-0.0	-0.0	0.01279275704	0.378847300975	0.00031765014758	22.9319130026	17.0096205845
3.72956252762	5.35034876347	0.490359871915	-0.0	-0.0	0.0131643214933	0.378616465064	0.000323678650417	23.6541365765	18.2586616286
3.74281926646	5.36426987646	0.478280676382	-0.0	-0.0	0.0135363507067	0.378385243992	0.000329303712731	24.3870556839	19.5085089131
3.75077330977	5.36792154382	0.467887471773	-0.0	-0.0	0.01388941736	0.378165733802	0.000335027625746	25.0912985194	20.6915494017
3.76005302696	5.37610619469	0.458447534062	-0.0	-0.0	0.0142436939733	0.377945393435	0.000340635859944	25.8060181154	21.8717961857
3.76535572249	5.38305941846	0.450069902643	-0.0	-0.0	0.0145923324	0.377728489888	0.000346488509404	26.5170199233	23.0233175066
3.77596111357	5.38895899054	0.442333801621	-0.0	-0.0	0.0149523432267	0.377504419955	0.000352027806935	27.2580353789	24.19665665
3.79142730888	5.3926438227	0.435496633409	-0.0	-0.0	0.01531051036	0.37728142832	0.000357041207953	28.0002949138	25.3441757777
3.80468404772	5.40025094103	0.429795363157	-0.0	-0.0	0.0156541339733	0.377067406788	0.000361954988415	28.715508011	26.4150314133
3.81087052585	5.40470219436	0.424824526001	-0.0	-0.0	0.0160203404533	0.376839248559	0.000367827458649	29.4744915279	27.4965750131
3.82412726469	5.41025641026	0.421028153056	-0.0	-0.0	0.0163805580933	0.376614735422	0.000372854428578	30.2205558714	28.4956290268
3.83340698188	5.4184375	0.418303556166	-0.0	-0.0	0.0167494498533	0.376384725959	0.000378330176148	30.9802311665	29.4364921779
3.83959346001	5.41859014348	0.416256511611	-0.0	-0.0	0.0171536889067	0.376132581324	0.000384637829294	31.8102051939	30.3992384953
3.8404772426	5.41952588896	0.416007971866	-0.0	-0.0	0.0172135081733	0.376095260916	0.000385567315806	31.9331330025	30.5379904099
3.83959346001	5.41996879875	0.416184612705	-0.0	-0.0	0.0172105263333	0.376097116764	0.000385591609094	31.9253423015	30.5154209455
3.83826778612	5.42009987516	0.416383122903	-0.0	-0.0	0.0172006025333	0.376103312754	0.000385541200215	31.902893622	30.4769915781
3.83650022095	5.41853932584	0.416653258099	-0.0	-0.0	0.01718904456	0.376110521383	0.000385505125515	31.8768886692	30.4290837066
3.83694211224	5.41885143571	0.416811007856	-0.0	-0.0	0.0171828699867	0.376114375933	0.000385344928274	31.8628036808	30.4021813759
3.83738400354	5.41916354557	0.417166687923	-0.0	-0.0	0.01716859528	0.376123280693	0.000385033619442	31.8302850079	30.3408595402
3.83561643836	5.41760299625	0.41762455357	-0.0	-0.0	0.0171501267867	0.37613480237	0.000384865977209	31.7883635852	30.2619884606
3.83605832965	5.41866999688	0.419799800306	-0.0	-0.0	0.01706294408	0.376189191496	0.000383192092214	31.5906088616	29.8905439486
3.82456915599	5.41075336043	0.427965196336	-0.0	-0.0	0.01674356016	0.376388393306	0.00037835528069	30.8711432739	28.5453082475
3.81175430844	5.40212965863	0.43697960617	-0.0	-0.0	0.0164037507733	0.376600267902	0.000373247727063	30.1146140848	27.1432938942
3.7984975696	5.39654631083	0.44557020955	-0.0	-0.0	0.0160906825333	0.376795404011	0.000368698359334	29.4264229503	25.8810271493
3.78921785241	5.39376770538	0.454282175715	-0.0	-0.0	0.0157808553067	0.376988459855	0.000363817647224	28.7534144502	24.6644826455
3.77507733098	5.38650693569	0.463201715514	-0.0	-0.0	0.0154743623067	0.377179370588	0.000359467417658	28.0960352126	23.4871417795
3.75872735307	5.37579013906	0.472673642709	-0.0	-0.0	0.0151550994533	0.377378188057	0.000355070195989	27.4195262073	22.2978780939
3.74458683164	5.37190868738	0.482554509521	-0.0	-0.0	0.0148316887067	0.377579521048	0.000350407090049	26.7437633451	21.1262168265
3.74281926646	5.36778693722	0.493064377645	-0.0	-0.0	0.0144959934	0.377788429615	0.000344376944969	26.0517711897	19.9482095101
3.73309765798	5.35700697527	0.503804418092	-0.0	-0.0	0.0141610572533	0.377996788395	0.000339097955843	25.3708669364	18.8118001716
3.73044631021	5.35098287888	0.515878858664	-0.0	-0.0	0.0137938848667	0.378225136342	0.000332578584604	24.6352738598	17.6100577294
3.71321254971	5.33799237611	0.528916254571	-0.0	-0.0	0.0134071160933	0.378465572944	0.000326990835561	23.8729574496	16.3951567873
3.70393283252	5.32877583466	0.543231030792	-0.0	-0.0	0.0129895113467	0.378725074482	0.000320120754057	23.0633056486	15.1470796545
3.68669907203	5.31369426752	0.557756693446	-0.0	-0.0	0.0125746587867	0.378982758521	0.000313970026161	22.2719614693	13.9677100764
3.66327883341	5.2917331631	0.57434323043	-0.0	-0.0	0.0121117381733	0.379270173673	0.000307429017118	21.4052913819	12.7212238928
3.6389748122	5.27450352338	0.593083136576	-0.0	-0.0	0.0115982158533	0.379588850463	0.000300007307618	20.4628917526	11.4264351676
3.61688024746	5.25361155698	0.612553652332	-0.0	-0.0	0.0110636225333	0.379920429481	0.000291973772161	19.5015533759	10.1871118038
3.58948298719	5.23525620367	0.63684220506	-0.0	-0.0	0.0104102220533	0.38032545711	0.000282065156552	18.3538672716	8.79455821219
3.55678303137	5.20912916802	0.666099237853	-0.0	-0.0	0.00965482125333	0.38079338332	0.000270633987975	17.0720748647	7.33262481922
3.52408307556	5.19244545751	0.695719656505	-0.0	-0.0	0.00892951114667	0.381242337302	0.000259835194969	15.8914350592	6.06595111005
