# C		CN		K0		e_x		e_y		e_z		n		overlap		p		q
3.4538223597	5.26432906271	0.736475075484	-0.0	-0.0	1.87240000048e-07	0.38565064256	0.000122775792718	5.58548459072	1.78561756036
3.47414935926	5.27391742195	0.64739288019	-0.0	-0.0	0.000531443826667	0.385324178707	0.000131465974632	6.20098078375	2.85844981075
3.50022094565	5.27181878748	0.568843166552	-0.0	-0.0	0.00134984762667	0.384820919773	0.000144533964865	7.19159978983	4.35149069084
3.51833848873	5.2678807947	0.528122570173	-0.0	-0.0	0.00212068413333	0.384346534466	0.000156753587409	8.16346147502	5.62017603408
3.54352629253	5.26988823143	0.502524350277	-0.0	-0.0	0.00286652962667	0.383887180822	0.000168026672528	9.14004992412	6.80325461409
3.57357490057	5.28459273798	0.484382535993	-0.0	-0.0	0.00361248325333	0.38342741777	0.000178880885718	10.1518357929	7.97626476774
3.58771542201	5.29191128506	0.471354195722	-0.0	-0.0	0.00433858268	0.382979562197	0.000190090315082	11.1705338817	9.11910798468
3.6049491825	5.28974691759	0.46141091357	-0.0	-0.0	0.00503626472	0.382548928627	0.000200670562438	12.1843395376	10.2386277413
3.61820592134	5.29333764554	0.453476749493	-0.0	-0.0	0.00572674384	0.382122443619	0.000211295715376	13.2194653134	11.3658961641
3.64030048608	5.30615533355	0.446918996446	-0.0	-0.0	0.00641326198667	0.381698113826	0.000221283863813	14.278192031	12.5095126517
3.66283694211	5.3148267009	0.441448757722	-0.0	-0.0	0.00707321445333	0.381289929294	0.000230773334395	15.3260357133	13.6391538307
3.67476800707	5.31893793986	0.436725217631	-0.0	-0.0	0.00772982676	0.380883543243	0.000240827188089	16.3961229394	14.789058317
3.68758285462	5.32673267327	0.432798111833	-0.0	-0.0	0.00836371930667	0.380490965523	0.0002504094458	17.4536092055	15.9193934428
3.69995581087	5.33057324841	0.429420301215	-0.0	-0.0	0.00898968749333	0.380103056623	0.000259871724344	18.5219535043	17.0561972407
3.71674768007	5.34435612083	0.426532504909	-0.0	-0.0	0.00960245564	0.379723081669	0.000268813407904	19.5928362924	18.1901682199
3.72912063632	5.34146341463	0.423839896328	-0.0	-0.0	0.01020852716	0.37934703555	0.000277950147594	20.6766752994	19.3427596569
3.74502872293	5.34458819817	0.421408487801	-0.0	-0.0	0.0108068733867	0.378975559066	0.000286671023178	21.7683424604	20.5038997616
3.75519222271	5.34634760705	0.419335889202	-0.0	-0.0	0.0114085767867	0.378601777444	0.000295845371838	22.8858896573	21.6825236408
3.76049491825	5.35442241108	0.417091109426	-0.0	-0.0	0.0121410528933	0.378146448015	0.000307581529449	24.2754777758	23.1444700636
3.77419354839	5.35875706215	0.415326261034	-0.0	-0.0	0.0127213886267	0.377785466334	0.000316083413699	25.399805483	24.336566981
3.7812638091	5.36206896552	0.41388951698	-0.0	-0.0	0.0132863232	0.377433849626	0.000324857324578	26.5112999414	25.5039868476
3.80159080866	5.37133041849	0.412433152533	-0.0	-0.0	0.0138520024667	0.377081583763	0.000332495731966	27.6446432897	26.7029028845
3.80203269996	5.36692667707	0.411176558037	-0.0	-0.0	0.01442276032	0.376725945849	0.00034192832625	28.8050376848	27.9217259583
3.81882456916	5.37690631808	0.409840323406	-0.0	-0.0	0.0150851648267	0.376312943856	0.000351379202459	30.1737309801	29.3578755394
3.82810428635	5.38160348042	0.408860764432	-0.0	-0.0	0.0156255701333	0.375975809643	0.000359449540871	31.3064003945	30.5433609666
3.8404772426	5.38530688159	0.407944046745	-0.0	-0.0	0.0161585611733	0.37564312102	0.000367098170142	32.4393902374	31.7298199909
3.85771100309	5.38974675726	0.407067071367	-0.0	-0.0	0.01669558644	0.375307738065	0.000374328140398	33.5969760742	32.942580619
3.85815289439	5.39036442248	0.406725796932	-0.0	-0.0	0.0169151308667	0.375170582731	0.000377914393849	34.0744504313	33.4425674658
3.85947856827	5.39129092032	0.40700772341	-0.0	-0.0	0.0169067821467	0.375175789296	0.00037761635975	34.0521612454	33.3944266932
3.85771100309	5.39276885043	0.407198599117	-0.0	-0.0	0.0168967420667	0.375182053604	0.000377603379445	34.027464975	33.3524471797
3.85638532921	5.39319938176	0.407535170915	-0.0	-0.0	0.01688252576	0.37519094509	0.000377465482055	33.9919832646	33.2864034374
3.85638532921	5.39319938176	0.407775156795	-0.0	-0.0	0.0168722147467	0.375197387471	0.000377269744035	33.9661518044	33.2388457253
3.85417587274	5.39041731066	0.408184032389	-0.0	-0.0	0.0168547711067	0.37520827921	0.000377158455974	33.9226794094	33.1584501973
3.85152452497	5.38991960421	0.408586627137	-0.0	-0.0	0.01683766904	0.375218964175	0.000377094309954	33.8799270059	33.0794686569
3.85329209015	5.39115646259	0.409164419012	-0.0	-0.0	0.0168131410133	0.375234294794	0.000376457200582	33.8185471057	32.9663158437
3.85108263367	5.38930117502	0.411218965881	-0.0	-0.0	0.01672814476	0.375287390786	0.000375054356224	33.6053637043	32.5709871084
3.84401237296	5.3861876742	0.41997908665	-0.0	-0.0	0.01636665716	0.37551317401	0.000368909911501	32.7114881787	30.9355085226
3.83650022095	5.38127712337	0.428829582045	-0.0	-0.0	0.01601647492	0.375731825408	0.000362978706549	31.8534943547	29.3817736358
3.82235969951	5.37612682624	0.437029500537	-0.0	-0.0	0.0157008088667	0.375928856418	0.000358312124893	31.089959801	28.0184298158
3.80910296067	5.37219451372	0.44536141191	-0.0	-0.0	0.0153861453067	0.376125193332	0.000353585250325	30.3379507863	26.6986752014
3.80203269996	5.36848673947	0.454139525241	-0.0	-0.0	0.0150615938533	0.376327644593	0.000348063402448	29.5702101686	25.3755481264
3.79893946089	5.36820737039	0.463328267754	-0.0	-0.0	0.0147288175867	0.376535153422	0.000342035630767	28.7935056298	24.0613626647
3.78258948299	5.36614420063	0.47312515383	-0.0	-0.0	0.01438135024	0.376751749466	0.000336903829801	27.9932797447	22.7344163819
3.77110030932	5.36035186931	0.483870108929	-0.0	-0.0	0.0140122525067	0.376981743776	0.000330936181142	27.1561942507	21.3688628
3.74944763588	5.34530560807	0.495475804972	-0.0	-0.0	0.0136243910667	0.377223344435	0.000325525485468	26.2916837554	19.9876137366
3.73442333186	5.33796588756	0.508187133627	-0.0	-0.0	0.0132094509467	0.377481705849	0.000319035257854	25.3831302047	18.573560811
3.72205037561	5.3274280291	0.521909519656	-0.0	-0.0	0.01277572772	0.377751647948	0.00031196020706	24.4512976862	17.1589545321
3.70525850641	5.31725888325	0.537024532466	-0.0	-0.0	0.01231776044	0.37803655209	0.000304798694888	23.4854174456	15.7274564608
3.68758285462	5.30114358323	0.553775683275	-0.0	-0.0	0.01182521716	0.378342820575	0.000297024291376	22.4680646617	14.2712490346
3.66902342024	5.29336734694	0.572105388901	-0.0	-0.0	0.0113024593733	0.378667711779	0.000288739079876	21.4142483437	12.8201596063
3.64913831198	5.27909207161	0.587877156657	-0.0	-0.0	0.0108728496533	0.37893458329	0.000282298224238	20.567932491	11.6876911626
3.65002209456	5.2800511509	0.587190674324	-0.0	-0.0	0.0108816798667	0.378929106366	0.000282396436439	20.5852891317	11.7244373862
3.64958020327	5.28110009594	0.587001568643	-0.0	-0.0	0.0108864721867	0.378926124298	0.000282512945402	20.5941375628	11.7368917681
3.65134776845	5.28205948193	0.586373301862	-0.0	-0.0	0.0108968437467	0.37891968276	0.000282567335263	20.6141690401	11.7729844708
3.64958020327	5.28110009594	0.585558112916	-0.0	-0.0	0.0109103873067	0.378911271064	0.000282952744194	20.6403270118	11.8200250751
3.65134776845	5.28269907259	0.584505861213	-0.0	-0.0	0.0109278105333	0.3789004496	0.000283136984203	20.6740742065	11.8809270169
3.6553247901	5.2858056266	0.582261684564	-0.0	-0.0	0.0109653968133	0.37887710434	0.000283519122702	20.746823643	12.0119883428
3.66283694211	5.29424920128	0.56235620283	-0.0	-0.0	0.01131748792	0.378658373988	0.000289403087333	21.4353421942	13.2456202447
3.67520989837	5.31214057508	0.542777910506	-0.0	-0.0	0.0117002902933	0.378420481423	0.000295451922521	22.1972415045	14.5990853461
3.68404772426	5.32088122605	0.525740922012	-0.0	-0.0	0.01206754608	0.378192158633	0.000301489474053	22.941154143	15.9105243512
3.69421122404	5.33141945774	0.510542297671	-0.0	-0.0	0.0124285490533	0.377967641805	0.000307286024103	23.6839225087	17.2070159556
3.70481661511	5.34364042078	0.496596778201	-0.0	-0.0	0.01279275704	0.377741051392	0.000313099038867	24.4450349863	18.5215971568
3.71718957137	5.35243553009	0.483654060317	-0.0	-0.0	0.0131643214933	0.377509801289	0.000318869337385	25.2329689751	19.8681756148
3.72735307114	5.36025437202	0.472040985991	-0.0	-0.0	0.0135363507067	0.377278171503	0.000324806122008	26.0318928909	21.2086311713
3.74193548387	5.37035861631	0.462076675159	-0.0	-0.0	0.01388941736	0.377058271642	0.000329999118686	26.7991198378	22.4761789027
3.75519222271	5.37903736542	0.452938086563	-0.0	-0.0	0.0142436939733	0.376837539736	0.000335319276039	27.5788325959	23.7486503211
3.76668139638	5.38325434439	0.444797709629	-0.0	-0.0	0.0145923324	0.376620243888	0.00034066907625	28.3546091209	24.9935151716
3.78082191781	5.39419741406	0.437226982023	-0.0	-0.0	0.0149523432267	0.376395777467	0.000345946762623	29.1633271347	26.267383367
3.7896597437	5.39829974811	0.430573234103	-0.0	-0.0	0.01531051036	0.376172382926	0.000351638506648	29.9742397797	27.5122910145
3.79938135219	5.40163419233	0.424962919053	-0.0	-0.0	0.0156541339733	0.37595799318	0.000356945264833	30.7567863352	28.6816243157
3.80380026513	5.40389447236	0.420161414859	-0.0	-0.0	0.0160203404533	0.375729420968	0.000363073865552	31.5897005598	29.859316499
3.8148475475	5.40770918207	0.416585432787	-0.0	-0.0	0.0163805580933	0.375504510224	0.000368349478874	32.4042092184	30.9383397675
3.82280159081	5.40882076947	0.413972349063	-0.0	-0.0	0.0167494498533	0.375274088303	0.000373969264164	33.2338897399	31.9637323095
3.82942996023	5.41036851968	0.412030524158	-0.0	-0.0	0.0171536889067	0.375021496927	0.00038021595485	34.1388074686	33.0130015413
3.82942996023	5.40823970037	0.41173635279	-0.0	-0.0	0.0172135081733	0.374984115813	0.00038123598886	34.2734915255	33.1705252276
3.82854617764	5.40761548065	0.411913326958	-0.0	-0.0	0.0172105263333	0.374985973748	0.000381259710956	34.2650427245	33.1459378568
3.82766239505	5.40743053387	0.412101699954	-0.0	-0.0	0.0172006025333	0.374992169464	0.00038116250302	34.2404905147	33.1047395823
3.82810428635	5.40911930044	0.412361004899	-0.0	-0.0	0.01718904456	0.374999400014	0.000380904154628	34.2120536565	33.0532597125
3.82854617764	5.40943160525	0.4125480383	-0.0	-0.0	0.0171828699867	0.375003250405	0.000380743368951	34.1965985398	33.021043363
3.82722050376	5.40849469082	0.41285084636	-0.0	-0.0	0.01716859528	0.375012180695	0.000380610110322	34.1614159029	32.9591299299
3.82677861246	5.40755777639	0.413298453799	-0.0	-0.0	0.0171501267867	0.375023718485	0.000380307961309	34.11562344	32.8737373943
3.8232434821	5.40625	0.415401192668	-0.0	-0.0	0.01706294408	0.375078201082	0.000379030012991	33.9001764112	32.4742902736
3.80866106938	5.40495608532	0.423287312127	-0.0	-0.0	0.01674356016	0.375277766022	0.000374492684337	33.1161723876	31.0280178318
3.80159080866	5.40094191523	0.432018353164	-0.0	-0.0	0.0164037507733	0.375490013412	0.000368830762525	32.2915191717	29.5181798337
3.79407865665	5.39547312166	0.440343326494	-0.0	-0.0	0.0160906825333	0.375685498952	0.00036370419225	31.540478231	28.1575441069
3.7817057004	5.39407313997	0.448808845591	-0.0	-0.0	0.0157808553067	0.375878899745	0.000359100789934	30.8060117959	26.8441867138
3.77861246133	5.39135919268	0.457424924643	-0.0	-0.0	0.0154743623067	0.376070159182	0.000353670501771	30.0878892973	25.5763220426
3.76844896156	5.38566013898	0.466609435202	-0.0	-0.0	0.0151550994533	0.37626932014	0.00034865267675	29.3491901884	24.2930296781
3.75077330977	5.37258626148	0.476170880861	-0.0	-0.0	0.0148316887067	0.376471006401	0.000344260962955	28.6113702074	23.0299875979
3.74370304905	5.36787072243	0.486455367073	-0.0	-0.0	0.0144959934	0.376680294221	0.000338670787211	27.8560344447	21.7526065464
3.72691117985	5.36418575064	0.497002653992	-0.0	-0.0	0.0141610572533	0.376889022901	0.000333978058149	27.1134128607	20.5184629984
3.71939902784	5.35828025478	0.508814783642	-0.0	-0.0	0.0137938848667	0.377117778707	0.00032786212506	26.3109407234	19.2159333725
3.706142289	5.34384958572	0.521697431895	-0.0	-0.0	0.0134071160933	0.377358636707	0.000321885875233	25.4786095176	17.8915263711
3.69244365886	5.33365261814	0.535933149801	-0.0	-0.0	0.0129895113467	0.377618607218	0.000315373737838	24.5959741351	16.5273834224
3.67786124613	5.3212915601	0.550552538548	-0.0	-0.0	0.0125746587867	0.377876750183	0.000308980508525	23.7343650206	15.2310565863
3.6725585506	5.31170076726	0.567002468814	-0.0	-0.0	0.0121117381733	0.378164677211	0.00030090965318	22.7896029592	13.8722853599
3.66062748564	5.29411764706	0.585544576714	-0.0	-0.0	0.0115982158533	0.378483921552	0.000292462062044	21.7630173544	12.4635147599
3.64383561644	5.2768	0.605150629351	-0.0	-0.0	0.0110636225333	0.378816085126	0.000283982479326	20.7170265773	11.1027013266
3.62527618206	5.265253693	0.629634377042	-0.0	-0.0	0.0104102220533	0.379221840391	0.00027340879149	19.4714262259	9.57594826778
3.5797613787	5.23803363519	0.659753559744	-0.0	-0.0	0.00965482125333	0.379690599637	0.00026298785381	18.0815753144	7.95711069379
3.55987627044	5.22582738482	0.690076485999	-0.0	-0.0	0.00892951114667	0.380140353189	0.000251247814771	16.7974382412	6.56166365841
