# C		CN		K0		e_x		e_y		e_z		n		overlap		p		q
3.47459125055	5.26113157014	0.736906513934	-0.0	-0.0	1.87240000048e-07	0.386742545274	0.00013009966147	5.58755586693	1.78273321597
3.49756959788	5.25831117021	0.651570155461	-0.0	-0.0	0.000531443826667	0.386416661655	0.000138731011377	6.1667531659	2.79880583486
3.51612903226	5.26730705532	0.574720475888	-0.0	-0.0	0.00134984762667	0.385914297179	0.000152206539598	7.09659109012	4.21230675697
3.53645603182	5.26994067238	0.53387530415	-0.0	-0.0	0.00212068413333	0.385440755013	0.000164413444297	8.00634115081	5.41451176774
3.55015466195	5.27571475518	0.508171638827	-0.0	-0.0	0.00286652962667	0.384982217792	0.000176293145287	8.91833693032	6.52610756132
3.56385329209	5.27865094957	0.489701840829	-0.0	-0.0	0.00361248325333	0.384523271892	0.00018805617934	9.86178378975	7.62722151225
3.59125055236	5.2844126261	0.476214422436	-0.0	-0.0	0.00433858268	0.384076212307	0.000198610397763	10.8088914975	8.69922838529
3.59080866107	5.28120936281	0.466088068575	-0.0	-0.0	0.00503626472	0.383646343404	0.000210189179781	11.7479740909	9.73883811619
3.60583296509	5.28474246842	0.457836473355	-0.0	-0.0	0.00572674384	0.383220617113	0.00022072476736	12.7055920682	10.7876064372
3.62615996465	5.28755641522	0.4509670088	-0.0	-0.0	0.00641326198667	0.382797041495	0.000230809460863	13.6851255126	11.8514922057
3.6385329209	5.29546186032	0.44560830169	-0.0	-0.0	0.00707321445333	0.382389582443	0.000240882017085	14.649580561	12.8831449008
3.6557666814	5.29586935639	0.440790029345	-0.0	-0.0	0.00772982676	0.381983918674	0.000250549409532	15.6335655189	13.9389961241
3.6557666814	5.29724535554	0.436930659958	-0.0	-0.0	0.00836371930667	0.381592040712	0.00026097825748	16.6038830025	14.9677097419
3.67918692002	5.31363781539	0.433654541433	-0.0	-0.0	0.00898968749333	0.381204818071	0.000269542195766	17.5807785532	15.9964852895
3.68758285462	5.31063017187	0.430755804157	-0.0	-0.0	0.00960245564	0.380825521094	0.000278999194304	18.5580943413	17.0250146856
3.69421122404	5.31784918867	0.428155277382	-0.0	-0.0	0.01020852716	0.380450141865	0.000288476804282	19.5453519261	18.0630977753
3.71277065842	5.32941923199	0.425812034238	-0.0	-0.0	0.0108068733867	0.380079325618	0.00029687999251	20.5388735626	19.1072921832
3.71895713654	5.33037694013	0.423768155333	-0.0	-0.0	0.0114085767867	0.379706204998	0.000306279366227	21.5548764086	20.1683822767
3.73442333186	5.34599556822	0.421405999949	-0.0	-0.0	0.0121410528933	0.379251688173	0.000317028626873	22.8167375983	21.4915479319
3.75209898365	5.34982666246	0.419764180682	-0.0	-0.0	0.0127213886267	0.378891341195	0.000325035130575	23.8338943835	22.553518922
3.7649138312	5.36008813346	0.418325931722	-0.0	-0.0	0.0132863232	0.378540363347	0.000333178021411	24.8390364421	23.5998291243
3.78214759169	5.36868528397	0.416909968664	-0.0	-0.0	0.0138520024667	0.378188710022	0.000340956628817	25.8645670245	24.6720589462
3.79231109147	5.37269025994	0.415650800507	-0.0	-0.0	0.01442276032	0.377833705044	0.000349424151966	26.9151229525	25.7650032242
3.80026513478	5.37847982484	0.414170667251	-0.0	-0.0	0.0150851648267	0.37742144678	0.000359575909688	28.1560835248	27.0649566023
3.8068935042	5.38386995936	0.413113609483	-0.0	-0.0	0.0156255701333	0.377084909599	0.000367817374501	29.1831835734	28.1354035685
3.81794078657	5.38982521848	0.412163449276	-0.0	-0.0	0.0161585611733	0.37675281042	0.000375495742301	30.2102984404	29.2031833423
3.82633672117	5.39389217825	0.411207044616	-0.0	-0.0	0.01669558644	0.376418021045	0.000383483049888	31.2594496372	30.2982903463
3.82854617764	5.39775561097	0.41083301603	-0.0	-0.0	0.0169151308667	0.3762811042	0.000386869016589	31.6922949975	30.7499621723
3.82942996023	5.39563862928	0.411122645737	-0.0	-0.0	0.0169067821467	0.3762863093	0.000386611156521	31.6718754029	30.7052792713
3.82677861246	5.39756782039	0.411317520016	-0.0	-0.0	0.0168967420667	0.376292571404	0.000386691698207	31.6493371191	30.6667158086
3.82456915599	5.3966323667	0.411661785972	-0.0	-0.0	0.01688252576	0.376301438157	0.00038664797101	31.6170146859	30.6059191677
3.82545293858	5.39725600249	0.411898457521	-0.0	-0.0	0.0168722147467	0.376307860571	0.000386366191269	31.5937163476	30.5631287619
3.82633672117	5.39787963829	0.412318352984	-0.0	-0.0	0.0168547711067	0.376318738536	0.000385948152854	31.5539813183	30.4888567413
3.82545293858	5.3969441846	0.412723666373	-0.0	-0.0	0.01683766904	0.376329413155	0.00038571589884	31.5151173002	30.4167896984
3.82545293858	5.3966323667	0.413310805341	-0.0	-0.0	0.0168131410133	0.376344711823	0.000385253305556	31.4593910287	30.3131497172
3.82147591692	5.39637952559	0.415348237073	-0.0	-0.0	0.01672814476	0.376397714009	0.000384057192935	31.2667875433	29.9561113211
3.81042863456	5.39380669378	0.424219379769	-0.0	-0.0	0.01636665716	0.376623101686	0.000378367736792	30.4529855653	28.4579169738
3.8064516129	5.39292423294	0.433127841252	-0.0	-0.0	0.01601647492	0.376841358987	0.000372176769774	29.6738197284	27.0401248963
3.7980556783	5.38577248511	0.441415855674	-0.0	-0.0	0.0157008088667	0.377038032443	0.000367060957013	28.9795462736	25.7922919409
3.79054352629	5.38080301129	0.449892851716	-0.0	-0.0	0.0153861453067	0.377234026581	0.000361867619852	28.2951329523	24.5796484371
3.78347326558	5.37445072191	0.458868959721	-0.0	-0.0	0.0150615938533	0.377436117019	0.000356439565572	27.5974667006	23.3616580973
3.77507733098	5.37032379755	0.468308236813	-0.0	-0.0	0.0147288175867	0.377643251408	0.000350982785434	26.891027838	22.1485330727
3.77021652673	5.36446540881	0.478283632476	-0.0	-0.0	0.01438135024	0.377859468466	0.000344927311543	26.1632080291	20.9291662498
3.76093680954	5.35525487728	0.489153304949	-0.0	-0.0	0.0140122525067	0.378089056753	0.000338840583886	25.4005252862	19.67709302
3.74723817941	5.34615384615	0.500932125288	-0.0	-0.0	0.0136243910667	0.378330225254	0.000332772649091	24.610614269	18.4063933731
3.72912063632	5.33924050633	0.513716133643	-0.0	-0.0	0.0132094509467	0.378588127474	0.00032659469119	23.7810810175	17.1118259435
3.71232876712	5.32973659156	0.527445332027	-0.0	-0.0	0.01277572772	0.378857587484	0.000319957647675	22.930137477	15.8194453237
3.69907202828	5.31871623769	0.542399384263	-0.0	-0.0	0.01231776044	0.379141987569	0.000312551268274	22.0480597725	14.518243986
3.68007070261	5.30063694268	0.558946195944	-0.0	-0.0	0.01182521716	0.379447711714	0.000304970910172	21.1184777284	13.1938501319
3.66239505082	5.28813018507	0.577198633904	-0.0	-0.0	0.0113024593733	0.379772025478	0.000296696584153	20.1522648052	11.8646712241
3.65046398586	5.28078030061	0.592578382248	-0.0	-0.0	0.0108728496533	0.380038424217	0.000289717759273	19.3772157064	10.8386227005
3.65178965974	5.28205948193	0.591973600557	-0.0	-0.0	0.0108816798667	0.380032956441	0.000289776925911	19.3930432262	10.8695946465
3.64958020327	5.28078030061	0.591744752311	-0.0	-0.0	0.0108864721867	0.380029978712	0.000290037130998	19.4012981595	10.8826011329
3.65223155104	5.28237927726	0.591063658071	-0.0	-0.0	0.0108968437467	0.380023548623	0.000290019377078	19.4198649478	10.9179997983
3.65355722492	5.28365845859	0.590297679841	-0.0	-0.0	0.0109103873067	0.380015151878	0.000290158642943	19.4435876608	10.9595064598
3.65355722492	5.28333866326	0.589228936409	-0.0	-0.0	0.0109278105333	0.380004351489	0.000290477763831	19.4745324347	11.0163815894
3.65267344233	5.28365845859	0.58698893145	-0.0	-0.0	0.0109653968133	0.379981045879	0.000291234477519	19.5411703485	11.137261033
3.66062748564	5.29233226837	0.566945806115	-0.0	-0.0	0.01131748792	0.379762704283	0.000297031024608	20.1718670073	12.2810993153
3.67034909412	5.30638977636	0.547192217436	-0.0	-0.0	0.0117002902933	0.379525231561	0.000303233966929	20.8694023639	13.5359502064
3.68625718073	5.32067645182	0.529995633781	-0.0	-0.0	0.01206754608	0.379297315726	0.000308650221098	21.5506681612	14.7508996133
3.6973044631	5.33110261313	0.514622467378	-0.0	-0.0	0.0124285490533	0.379073199761	0.000314339904973	22.231320292	15.9526085867
3.71232876712	5.3453214513	0.500497305872	-0.0	-0.0	0.01279275704	0.378847017024	0.00031973762456	22.9285890614	17.170798874
3.72425983208	5.35675675676	0.487429856026	-0.0	-0.0	0.0131643214933	0.37861617082	0.000325530320542	23.6503869258	18.4152051272
3.73530711445	5.36583042236	0.475592766507	-0.0	-0.0	0.0135363507067	0.378384954876	0.000331381071917	24.3827077608	19.6595374026
3.74414494034	5.37373096447	0.465408417814	-0.0	-0.0	0.01388941736	0.378165446645	0.000337051672267	25.0861535607	20.8370565382
3.75386654883	5.3753164557	0.456229818156	-0.0	-0.0	0.0142436939733	0.377945104115	0.000342640037114	25.7994555543	22.0066991823
3.7644719399	5.38583175206	0.448058001774	-0.0	-0.0	0.0145923324	0.377728194776	0.000348029516749	26.5091708581	23.1497303552
3.7728678745	5.38995895169	0.440504455045	-0.0	-0.0	0.0149523432267	0.377504129147	0.000353791664268	27.2482930419	24.3145555815
3.78082191781	5.40006315125	0.433775536482	-0.0	-0.0	0.01531051036	0.377281133867	0.000359531653267	27.9897844512	25.4587425977
3.78479893946	5.40467171717	0.428153343852	-0.0	-0.0	0.0156541339733	0.377067122068	0.000365351226098	28.7046364643	26.5279177521
3.79275298277	5.40548204159	0.423198526192	-0.0	-0.0	0.0160203404533	0.376838950142	0.000371117464989	29.4663066381	27.6152018461
3.80468404772	5.41163522013	0.419527577828	-0.0	-0.0	0.0163805580933	0.376614436105	0.000376261295757	30.2099976186	28.6061085839
3.81396376491	5.41664050235	0.416788849109	-0.0	-0.0	0.0167494498533	0.376384436942	0.000381712774148	30.9672011583	29.5494710341
3.81794078657	5.41983056166	0.414772506495	-0.0	-0.0	0.0171536889067	0.376132299562	0.000388171089198	31.790823739	30.5073621493
3.82191780822	5.42207588586	0.414538244761	-0.0	-0.0	0.0172135081733	0.376094970735	0.000388776722098	31.9126046621	30.6443327768
3.82147591692	5.42144873001	0.414712223809	-0.0	-0.0	0.0172105263333	0.376096822131	0.000388757135011	31.9048542759	30.6219607481
3.82103402563	5.42082157416	0.414904644488	-0.0	-0.0	0.0172006025333	0.376103021525	0.000388618711572	31.8825114712	30.5840223288
3.81970835175	5.4212672522	0.415169979513	-0.0	-0.0	0.01718904456	0.376110224095	0.000388540941633	31.8567002235	30.5365479552
3.81970835175	5.42095357591	0.41532179796	-0.0	-0.0	0.0171828699867	0.376114085761	0.000388425242607	31.8426308988	30.5100767134
3.81882456916	5.42032622334	0.415673918389	-0.0	-0.0	0.01716859528	0.376122991486	0.000388247508412	31.8102603092	30.4489912646
3.81661511268	5.41920301224	0.416120861109	-0.0	-0.0	0.0171501267867	0.376134513448	0.000388128751627	31.7685763704	30.3710074768
3.81307998232	5.4169544741	0.418256197233	-0.0	-0.0	0.01706294408	0.37618889978	0.000386860868443	31.5717691426	30.0025435654
3.80247459125	5.41580107019	0.426285232138	-0.0	-0.0	0.01674356016	0.376388095646	0.000381977223666	30.8559084594	28.6669101667
3.78921785241	5.40744244718	0.435162264641	-0.0	-0.0	0.0164037507733	0.376599970962	0.000376963064753	30.1028493185	27.2731683257
3.78524083076	5.40669403221	0.443614457744	-0.0	-0.0	0.0160906825333	0.376795114156	0.000371513118978	29.4168928396	26.0177243042
3.7812638091	5.40037890748	0.45223953843	-0.0	-0.0	0.0157808553067	0.376988170089	0.000366125639191	28.7455606955	24.8031313958
3.76712328767	5.39184060721	0.461004780125	-0.0	-0.0	0.0154743623067	0.377179084594	0.000361780241137	28.0892122225	23.6314398707
3.76270437472	5.38456672992	0.470339046604	-0.0	-0.0	0.0151550994533	0.37737789295	0.000356269704802	27.4139941989	22.4459517855
3.75784357048	5.37824161923	0.4799766291	-0.0	-0.0	0.0148316887067	0.377579225953	0.00035072907075	26.7393352012	21.2837921039
3.74856385329	5.36803797468	0.490215568626	-0.0	-0.0	0.0144959934	0.377788140221	0.000345383427513	26.0487035942	20.1156555762
3.73486522316	5.35827520609	0.500727745087	-0.0	-0.0	0.0141610572533	0.377996506567	0.000340468939416	25.3695261425	18.9856340829
3.72381794079	5.35185773261	0.512560809536	-0.0	-0.0	0.0137938848667	0.37822484661	0.000334704308815	24.6354949078	17.7890141235
3.71498011489	5.34424666243	0.525269126503	-0.0	-0.0	0.0134071160933	0.378465283865	0.000328367817496	23.873871137	16.5814956371
3.706142289	5.33396946565	0.539249105292	-0.0	-0.0	0.0129895113467	0.378724785524	0.000321450022375	23.0645925228	15.3385241135
3.68846663721	5.32068855595	0.553514225352	-0.0	-0.0	0.0125746587867	0.378982463634	0.000315324638237	22.2741932134	14.1599090533
3.66946531153	5.30511182109	0.569750043651	-0.0	-0.0	0.0121117381733	0.379269884969	0.000308411708974	21.4077791371	12.9152077543
3.64560318162	5.28557692308	0.587976266328	-0.0	-0.0	0.0115982158533	0.379588561907	0.000300940887013	20.4656046076	11.6256876412
3.62350861688	5.26429030186	0.607132374041	-0.0	-0.0	0.0110636225333	0.379920140161	0.000292874629713	19.5055785593	10.3823768339
3.6049491825	5.24565916399	0.630843585492	-0.0	-0.0	0.0104102220533	0.38032516922	0.000282246654985	18.3605012758	8.99049643979
3.57931948741	5.22154143825	0.659723238046	-0.0	-0.0	0.00965482125333	0.380793093444	0.000270246964059	17.0814074043	7.51783590749
3.538223597	5.20344491388	0.688979463136	-0.0	-0.0	0.00892951114667	0.381242046673	0.000259969653992	15.8986751277	6.23830935726
