# C		CN		K0		e_x		e_y		e_z		n		overlap		p		q
3.45647370747	5.2484055052	0.73647913967	-0.0	-0.0	1.87240000048e-07	0.387115913922	0.000129748740442	5.58562200289	1.78562808112
3.48652231551	5.25541847282	0.651511266351	-0.0	-0.0	0.000531443826667	0.386790228711	0.000138088319492	6.16516159706	2.79869952706
3.49624392399	5.25348837209	0.574973904716	-0.0	-0.0	0.00134984762667	0.386288170088	0.00015192139205	7.09608490329	4.2085039158
3.52054794521	5.25792602378	0.533951082674	-0.0	-0.0	0.00212068413333	0.385814916228	0.000163983559182	8.00754472799	5.41404851755
3.53424657534	5.26210075733	0.507533356066	-0.0	-0.0	0.00286652962667	0.385356658177	0.000175922483053	8.92358589958	6.54256512705
3.54838709677	5.2684607811	0.488778963017	-0.0	-0.0	0.00361248325333	0.384897991697	0.000187693911081	9.87104751696	7.65533147923
3.5634114008	5.27052666012	0.47477506278	-0.0	-0.0	0.00433858268	0.384451204295	0.000199027021148	10.8260849676	8.74991064284
3.57445868316	5.27438825449	0.464291600142	-0.0	-0.0	0.00503626472	0.384021597108	0.000210041217718	11.7728758495	9.81056220258
3.59080866107	5.2806504065	0.455952044997	-0.0	-0.0	0.00572674384	0.383596130011	0.0002205450368	12.7369798511	10.8732355516
3.60804242156	5.27813712807	0.449108639718	-0.0	-0.0	0.00641326198667	0.38317281536	0.000230855736429	13.7220856641	11.9470703159
3.62395050817	5.28230744441	0.443568735762	-0.0	-0.0	0.00707321445333	0.382765601299	0.000240777328828	14.6938612467	12.9976600752
3.63190455148	5.29040566645	0.438917528342	-0.0	-0.0	0.00772982676	0.38236018451	0.000251076376663	15.6819408222	14.0569248917
3.64471939903	5.29990356798	0.435146917558	-0.0	-0.0	0.00836371930667	0.381968543119	0.000260607007901	16.6551932255	15.0902554274
3.66283694211	5.31260019237	0.431692247231	-0.0	-0.0	0.00898968749333	0.381581553979	0.000269603766237	17.6387350494	16.1387463093
3.67388422448	5.31872	0.42885514606	-0.0	-0.0	0.00960245564	0.381202490727	0.00027881409628	18.6193595784	17.1733204881
3.68758285462	5.32015306122	0.42616710344	-0.0	-0.0	0.01020852716	0.380827341508	0.000287720345001	19.610279896	18.225151282
3.70525850641	5.32507149666	0.423803128023	-0.0	-0.0	0.0108068733867	0.380456754156	0.00029612690776	20.6067758384	19.2793671392
3.71144498453	5.32645939086	0.421596723409	-0.0	-0.0	0.0114085767867	0.380083857571	0.000305503569974	21.6283659659	20.3612666325
3.72205037561	5.3341780171	0.419182979769	-0.0	-0.0	0.0121410528933	0.379629617469	0.000316684340342	22.8980530928	21.7033701545
3.74105170128	5.34628751975	0.417484824378	-0.0	-0.0	0.0127213886267	0.37926948988	0.000324588362543	23.9223722511	22.7826300276
3.74944763588	5.3523659306	0.415928988124	-0.0	-0.0	0.0132863232	0.378918718682	0.000333122778694	24.9352966675	23.8511677404
3.75916924437	5.35853812224	0.414512008754	-0.0	-0.0	0.0138520024667	0.378567290633	0.000341541687846	25.9654832147	24.935394719
3.76712328767	5.35997482694	0.413191965475	-0.0	-0.0	0.01442276032	0.378212497648	0.000350188680265	27.0210315832	26.0451674461
3.78568272205	5.36951066499	0.411732407176	-0.0	-0.0	0.0150851648267	0.37780048636	0.000359364500889	28.267359568	27.3579804299
3.79054352629	5.36787726988	0.410643472294	-0.0	-0.0	0.0156255701333	0.377464160044	0.00036778266143	29.299663833	28.4435380008
3.81175430844	5.3702896294	0.409664307787	-0.0	-0.0	0.0161585611733	0.377132265975	0.000374482559767	30.3318178552	29.5262019236
3.8236853734	5.37581597762	0.408783328652	-0.0	-0.0	0.01669558644	0.376797675558	0.000382124109019	31.3847503945	30.626421735
3.83650022095	5.38368486352	0.40835192109	-0.0	-0.0	0.0169151308667	0.376660839941	0.000384471087348	31.8207918032	31.0893441781
3.83384887318	5.3870767319	0.408592568219	-0.0	-0.0	0.0169067821467	0.376666044003	0.000384569491857	31.8006564821	31.0488087349
3.8316394167	5.3859540087	0.408849561357	-0.0	-0.0	0.0168967420667	0.376672302295	0.000384602182725	31.7776614855	31.0041056159
3.82987185152	5.38545228474	0.409160276874	-0.0	-0.0	0.01688252576	0.376681159276	0.000384513363924	31.7453766963	30.9457475017
3.82942996023	5.38514143612	0.409409484797	-0.0	-0.0	0.0168722147467	0.376687590665	0.00038436339094	31.721753129	30.9012059531
3.82987185152	5.38576313335	0.409820128591	-0.0	-0.0	0.0168547711067	0.376698463408	0.000383990230659	31.6819291246	30.8270331725
3.82810428635	5.38389804165	0.410216649982	-0.0	-0.0	0.01683766904	0.376709123061	0.000383844889526	31.6429133784	30.7549803505
3.82633672117	5.38234379857	0.410797962551	-0.0	-0.0	0.0168131410133	0.376724403848	0.000383560515049	31.5870478511	30.6508474701
3.81882456916	5.38087823108	0.41281646257	-0.0	-0.0	0.01672814476	0.376777384807	0.000382712572126	31.3936189121	30.2916582272
3.80247459125	5.37351655215	0.421620441218	-0.0	-0.0	0.01636665716	0.37700263134	0.000377544906848	30.5772556357	28.7839638191
3.78612461335	5.366113373	0.430466417975	-0.0	-0.0	0.01601647492	0.377220755761	0.000372549600364	29.7948598454	27.3559146132
3.77993813522	5.36238244514	0.438689501789	-0.0	-0.0	0.0157008088667	0.377417310225	0.00036719082652	29.0977483512	26.0994795287
3.77375165709	5.35981161695	0.447100302075	-0.0	-0.0	0.0153861453067	0.377613188267	0.00036184606537	28.4105355888	24.8783204543
3.76358815731	5.35566037736	0.455997418386	-0.0	-0.0	0.0150615938533	0.377815152036	0.000356709350374	27.7105703592	23.6527131614
3.74988952718	5.35225480921	0.465333748436	-0.0	-0.0	0.0147288175867	0.378022162648	0.000351747670083	27.0013069071	22.4326885516
3.74723817941	5.3529040404	0.475393581088	-0.0	-0.0	0.01438135024	0.378238245385	0.000345468739885	26.2702223813	21.1937943124
3.73884224481	5.34702907712	0.48641908481	-0.0	-0.0	0.0140122525067	0.378467693077	0.000339311691577	25.5054985742	19.9192272866
3.72160848431	5.3381933439	0.498248588988	-0.0	-0.0	0.0136243910667	0.378708715563	0.000333573560032	24.7143762431	18.6333443729
3.70790985418	5.3253968254	0.511051884181	-0.0	-0.0	0.0132094509467	0.378966460765	0.000327043098974	23.8838181323	17.3254430219
3.68537339814	5.30671333121	0.524784755539	-0.0	-0.0	0.01277572772	0.379235752782	0.000320914433643	23.0310593216	16.0200136076
3.66283694211	5.29552715655	0.539844348899	-0.0	-0.0	0.01231776044	0.379519981734	0.000314264271142	22.1465705416	14.7005697507
3.63941670349	5.27884615385	0.556468110315	-0.0	-0.0	0.01182521716	0.379825517955	0.000307111960663	21.2176771993	13.3615719742
3.62306672559	5.26292134831	0.574618915861	-0.0	-0.0	0.0113024593733	0.380149632201	0.000298790358526	20.2525779274	12.0252818393
3.6053910738	5.24429443909	0.590158520927	-0.0	-0.0	0.0108728496533	0.380415874526	0.000292282871249	19.4766515357	10.9832737894
3.60627485639	5.24525875924	0.589473753469	-0.0	-0.0	0.0108816798667	0.380410403441	0.000292378664179	19.4927141545	11.0176184847
3.61025187804	5.24718739955	0.589297699597	-0.0	-0.0	0.0108864721867	0.380407434163	0.000292132842193	19.5003827281	11.028461799
3.61025187804	5.24783027965	0.58862388071	-0.0	-0.0	0.0108968437467	0.380401007988	0.000292325234628	19.5189744928	11.0639314298
3.60980998674	5.24847315976	0.587866159633	-0.0	-0.0	0.0109103873067	0.380392622063	0.000292605279733	19.5427303888	11.105530476
3.61025187804	5.24879459981	0.586837149737	-0.0	-0.0	0.0109278105333	0.380381820701	0.000292878659366	19.573146663	11.16114369
3.61246133451	5.25032133676	0.584599562617	-0.0	-0.0	0.0109653968133	0.380358531121	0.000293387243377	19.6400021559	11.2831487772
3.62262483429	5.26195826645	0.564719708601	-0.0	-0.0	0.01131748792	0.380140322458	0.000299025623308	20.2728545559	12.4319677291
3.63764913831	5.28218298555	0.545004065476	-0.0	-0.0	0.0117002902933	0.37990299328	0.00030482589684	20.9730938638	13.697562657
3.65753424658	5.29916720051	0.527856151115	-0.0	-0.0	0.01206754608	0.379675217243	0.000309907210833	21.6564155213	14.9217524741
3.67034909412	5.31158029431	0.512574223679	-0.0	-0.0	0.0124285490533	0.379451237725	0.00031544486605	22.3385312682	16.1297448977
3.68183826779	5.32214765101	0.498552086753	-0.0	-0.0	0.01279275704	0.379225187748	0.000321141177169	23.036797343	17.3527562189
3.70039770217	5.33471469557	0.485552953046	-0.0	-0.0	0.0131643214933	0.378994487037	0.000326328131795	23.7590695949	18.6029322225
3.71763146266	5.3435017477	0.473689732519	-0.0	-0.0	0.0135363507067	0.378763414959	0.000331638686271	24.4930681216	19.8589234393
3.73663278833	5.34884457107	0.463445640161	-0.0	-0.0	0.01388941736	0.378544039426	0.000336421137914	25.1995210018	21.0508703798
3.7397260274	5.35506329114	0.454151663045	-0.0	-0.0	0.0142436939733	0.378323828896	0.000342635071441	25.9169810663	22.2397678931
3.74856385329	5.3624288425	0.445879989244	-0.0	-0.0	0.0145923324	0.378107053065	0.000348192787715	26.6302052686	23.4009543457
3.75695978789	5.36478384348	0.438232520315	-0.0	-0.0	0.0149523432267	0.377883122407	0.000353972004508	27.3734772756	24.5848374572
3.76226248343	5.36727616646	0.431450445302	-0.0	-0.0	0.01531051036	0.37766026068	0.000359984775393	28.1187239794	25.7451506054
3.76623950508	5.36692913386	0.425847288312	-0.0	-0.0	0.0156541339733	0.377446373304	0.000365797563727	28.8350512888	26.8225490826
3.77728678745	5.37095253065	0.420863789653	-0.0	-0.0	0.0160203404533	0.377218348382	0.000371257755863	29.5982441884	27.9217434187
3.78568272205	5.37814070352	0.417171788725	-0.0	-0.0	0.0163805580933	0.376993971035	0.000376760389871	30.3445147665	28.9241985212
3.80512593902	5.39141335005	0.414525520668	-0.0	-0.0	0.0167494498533	0.376764108942	0.000381211841212	31.1036535436	29.8685957125
3.80998674326	5.39342723005	0.412635811454	-0.0	-0.0	0.0171536889067	0.376512119634	0.000387611186732	31.9306146459	30.8253840019
3.81042863456	5.39499217527	0.412410387715	-0.0	-0.0	0.0172135081733	0.376474821931	0.000388579338824	32.052814969	30.962878175
3.80954485197	5.39467918623	0.412525013739	-0.0	-0.0	0.0172105263333	0.376476681181	0.000388611314827	32.0457913167	30.9461667298
3.80600972161	5.39292423294	0.412729032735	-0.0	-0.0	0.0172006025333	0.376482865811	0.000388788717536	32.0234143834	30.9069080728
3.8064516129	5.39323731997	0.412996261553	-0.0	-0.0	0.01718904456	0.376490069923	0.000388528810968	31.9972721403	30.858590266
3.80733539549	5.39355040701	0.413148311214	-0.0	-0.0	0.0171828699867	0.376493916458	0.000388323431185	31.9832425211	30.8319354958
3.80733539549	5.39386349405	0.413486968137	-0.0	-0.0	0.01716859528	0.376502825622	0.000388056360285	31.9507846161	30.7714595981
3.80556783031	5.39229805886	0.413933329418	-0.0	-0.0	0.0171501267867	0.376514334082	0.000387892070413	31.9089067069	30.6927422061
3.80247459125	5.38991544003	0.41604925427	-0.0	-0.0	0.01706294408	0.376568687754	0.000386578473798	31.7113870633	30.3224221363
3.79540433053	5.38770388959	0.42397829534	-0.0	-0.0	0.01674356016	0.376767777507	0.000381333808823	30.9929101363	28.982156322
3.78258948299	5.38069789374	0.432748415759	-0.0	-0.0	0.0164037507733	0.376979517111	0.000376273321122	30.2374204469	27.5833617545
3.77242598321	5.37700787402	0.44113211239	-0.0	-0.0	0.0160906825333	0.377174533816	0.000371429234531	29.5493562641	26.3207249516
3.75784357048	5.37326169406	0.449668533623	-0.0	-0.0	0.0157808553067	0.377367477479	0.000367073425827	28.8762551816	25.1006187342
3.75430844012	5.36915297092	0.458403235871	-0.0	-0.0	0.0154743623067	0.377558280748	0.000361711780394	28.2179607444	23.9190911363
3.74635439682	5.36625514403	0.467785035362	-0.0	-0.0	0.0151550994533	0.377756971548	0.000356531325761	27.5403482558	22.717935705
3.73619089704	5.36144578313	0.477559824713	-0.0	-0.0	0.0148316887067	0.377958179092	0.000351471059374	26.8624745888	21.534287076
3.72337604949	5.35260482846	0.487926240832	-0.0	-0.0	0.0144959934	0.378166959915	0.000346425602986	26.1678604682	20.3454581813
3.71630578878	5.34361093452	0.498503938624	-0.0	-0.0	0.0141610572533	0.378375200053	0.000340858121834	25.4845674821	19.1993387163
3.70658418029	5.33322734499	0.510373007128	-0.0	-0.0	0.0137938848667	0.37860339334	0.000334939332962	24.7470952646	17.9886721309
3.68404772426	5.31876196554	0.523004600034	-0.0	-0.0	0.0134071160933	0.378843691946	0.000329799885091	23.9828787847	16.7737117573
3.66504639859	5.3085787452	0.53709254981	-0.0	-0.0	0.0129895113467	0.379103035614	0.00032377255695	23.1721332087	15.514362389
3.65399911622	5.29660474055	0.551439218025	-0.0	-0.0	0.0125746587867	0.379360556139	0.000317088185498	22.3809609172	14.322113668
3.63455589925	5.27961476726	0.567684409559	-0.0	-0.0	0.0121117381733	0.379647802478	0.000310237440582	21.5137293715	13.0666710114
3.61776403005	5.26334405145	0.585860030531	-0.0	-0.0	0.0115982158533	0.379966286104	0.000302191903185	20.5715172971	11.768764812
3.59787892179	5.24621334193	0.605253255077	-0.0	-0.0	0.0110636225333	0.380297659205	0.000293977629509	19.6098720699	10.5056462839
3.57490057446	5.23084384093	0.629631173729	-0.0	-0.0	0.0104102220533	0.38070244495	0.000283777406116	18.4628456373	9.08003775129
3.55634114008	5.21725032425	0.659244670016	-0.0	-0.0	0.00965482125333	0.381170086168	0.000271244857079	17.1756639783	7.57307650144
3.52806009722	5.1986970684	0.689128197712	-0.0	-0.0	0.00892951114667	0.381618766491	0.00026007652443	15.9883374829	6.26970662009
