# C		CN		K0		e_x		e_y		e_z		n		overlap		p		q
3.43526292532	5.23660262892	0.73669699464	-0.0	-0.0	1.87240000048e-07	0.387273740254	0.000131474381151	5.58660987952	1.78415308369
3.46928855502	5.24824355972	0.65063266826	-0.0	-0.0	0.000531443826667	0.386948138912	0.000139750180937	6.16096308938	2.80598573489
3.49315068493	5.25449101796	0.571412785613	-0.0	-0.0	0.00134984762667	0.386446209576	0.000153119431996	7.08540202874	4.25146044423
3.50994255413	5.26817125788	0.52857249047	-0.0	-0.0	0.00212068413333	0.385973077586	0.000165564246417	7.99033090317	5.49333445076
3.52364118427	5.264288074	0.50171541628	-0.0	-0.0	0.00286652962667	0.385514937543	0.000177469206811	8.89510616358	6.63705609371
3.54043305347	5.27578253707	0.482619098451	-0.0	-0.0	0.00361248325333	0.385056389176	0.000189064950405	9.83010878231	7.7638077951
3.54706142289	5.27242852448	0.468706318791	-0.0	-0.0	0.00433858268	0.384609716828	0.000200751783094	10.7694577602	8.8598754035
3.55899248785	5.26725547923	0.458213354297	-0.0	-0.0	0.00503626472	0.38418022211	0.000211607763124	11.6987024338	9.92190422248
3.5718073354	5.27726975833	0.449893318233	-0.0	-0.0	0.00572674384	0.383754862738	0.000222244007174	12.6441821097	10.9838372328
3.59301811754	5.2791680208	0.443236490834	-0.0	-0.0	0.00641326198667	0.383331654015	0.000232191837048	13.6084260611	12.0489534517
3.61290322581	5.29038523794	0.43775670295	-0.0	-0.0	0.00707321445333	0.382924550231	0.000241755346752	14.5608010539	13.0951547984
3.62129916041	5.29143780291	0.433056242107	-0.0	-0.0	0.00772982676	0.38251923551	0.000251978718251	15.532898376	14.1571526648
3.63190455148	5.29229777635	0.429147571262	-0.0	-0.0	0.00836371930667	0.382127695394	0.000261661267358	16.4925981035	15.1991566917
3.64339372514	5.29296498554	0.425713872381	-0.0	-0.0	0.00898968749333	0.381740805488	0.000271139839469	17.4610861173	16.2485296421
3.65620857269	5.30616174583	0.422698089434	-0.0	-0.0	0.00960245564	0.381361844874	0.000280268513508	18.4282407063	17.2949180614
3.66902342024	5.30902111324	0.420034678514	-0.0	-0.0	0.01020852716	0.380986787237	0.000289247564526	19.4029747008	18.3466765812
3.68979231109	5.32079081633	0.41759229727	-0.0	-0.0	0.0108068733867	0.380616292186	0.000297471731116	20.385210596	19.4081353585
3.70039770217	5.32484887051	0.415328743676	-0.0	-0.0	0.0114085767867	0.38024349834	0.000306527079245	21.3920190638	20.4964042937
3.71630578878	5.3310082435	0.412918426569	-0.0	-0.0	0.0121410528933	0.379789371629	0.000317255750802	22.642113018	21.8411091553
3.7308882015	5.33544103699	0.411087266419	-0.0	-0.0	0.0127213886267	0.379429336778	0.000325563271323	23.6538381141	22.9342132915
3.74370304905	5.34301041338	0.409580740727	-0.0	-0.0	0.0132863232	0.379078655909	0.000333753017813	24.6541781374	24.0049634003
3.75475033142	5.34929133858	0.408184136623	-0.0	-0.0	0.0138520024667	0.378727314214	0.000342077786435	25.6713305932	25.0929851113
3.7644719399	5.35366237032	0.406856977502	-0.0	-0.0	0.01442276032	0.378372616736	0.000350595547853	26.7143330622	26.2093483035
3.77817057004	5.36229611041	0.405452021949	-0.0	-0.0	0.0150851648267	0.377960711547	0.000360223495052	27.9444823146	27.5238252084
3.7896597437	5.37229708555	0.404420266221	-0.0	-0.0	0.0156255701333	0.377624467369	0.000368039878099	28.9638308058	28.6099360299
3.79893946089	5.37566468564	0.403468280922	-0.0	-0.0	0.0161585611733	0.377292658369	0.000375932424589	29.9829451299	29.6951949155
3.80866106938	5.38175570134	0.402616555888	-0.0	-0.0	0.01669558644	0.376958161413	0.000383809727701	31.0216235821	30.7968054927
3.8148475475	5.38084840923	0.402256056575	-0.0	-0.0	0.0169151308667	0.376821362944	0.00038680201888	31.4503150239	31.2537142655
3.8152894388	5.38252730109	0.402493923579	-0.0	-0.0	0.0169067821467	0.376826561325	0.000386590927578	31.4305687034	31.2134330686
3.81440565621	5.38221528861	0.402744703726	-0.0	-0.0	0.0168967420667	0.376832817121	0.000386491580613	31.4079593323	31.169227544
3.81219619973	5.38382261087	0.403054358653	-0.0	-0.0	0.01688252576	0.376841677078	0.000386450173219	31.3761957903	31.11089018
3.80910296067	5.3816364772	0.403312384276	-0.0	-0.0	0.0168722147467	0.376848102439	0.000386569318291	31.352956658	31.0655338283
3.80910296067	5.38226108682	0.403702031023	-0.0	-0.0	0.0168547711067	0.376858968947	0.000386243413009	31.3140356739	30.99333945
3.80821917808	5.3816364772	0.404102714836	-0.0	-0.0	0.01683766904	0.376869629289	0.000386011088999	31.2756407104	30.9208274987
3.80910296067	5.38226108682	0.404674239554	-0.0	-0.0	0.0168131410133	0.376884904085	0.000385461972913	31.2207863644	30.8175101679
3.80424215643	5.38273921201	0.406666724078	-0.0	-0.0	0.01672814476	0.376937873457	0.000384358188845	31.0307709125	30.4603474534
3.79452054795	5.37327909887	0.41531936974	-0.0	-0.0	0.01636665716	0.377163061986	0.000378539811072	30.2281502983	28.9633562103
3.78479893946	5.36591478697	0.42397983665	-0.0	-0.0	0.01601647492	0.377381120421	0.000372916446524	29.459841612	27.548430341
3.7728678745	5.35949764521	0.432030710291	-0.0	-0.0	0.0157008088667	0.37757763774	0.000368136556436	28.7747394905	26.3025158446
3.75961113566	5.3568503937	0.440228129128	-0.0	-0.0	0.0153861453067	0.377773461686	0.000363497893829	28.0996943745	25.0940458018
3.75033141847	5.34856602584	0.448971376282	-0.0	-0.0	0.0150615938533	0.377975373446	0.000358268285763	27.4105948037	23.8743064978
3.73795846222	5.34175615919	0.458161565462	-0.0	-0.0	0.0147288175867	0.378182334041	0.000353190489625	26.7136962328	22.6598120858
3.73486522316	5.33870458136	0.468058736867	-0.0	-0.0	0.01438135024	0.378398357843	0.000346976516143	25.9957447137	21.4267101042
3.71674768007	5.32984790875	0.478947966858	-0.0	-0.0	0.0140122525067	0.378627747264	0.000341731568004	25.243224869	20.1538295492
3.70923552806	5.3239213198	0.490795225499	-0.0	-0.0	0.0136243910667	0.378868706868	0.00033514733787	24.4642192884	18.8595437465
3.69200176757	5.31424936387	0.503778744838	-0.0	-0.0	0.0132094509467	0.379126377866	0.000328927952697	23.6446230598	17.5331933351
3.68272205038	5.30414012739	0.51751252739	-0.0	-0.0	0.01277572772	0.379395614615	0.00032161556837	22.8028724598	16.219112795
3.65355722492	5.28516624041	0.53240102996	-0.0	-0.0	0.01231776044	0.379679760461	0.000315565765483	21.9313610894	14.8998522271
3.63720724702	5.27435897436	0.548631667171	-0.0	-0.0	0.01182521716	0.379985225377	0.000307785418702	21.0140246375	13.5677744106
3.62306672559	5.26227929374	0.566688435156	-0.0	-0.0	0.0113024593733	0.380309256994	0.000299252343755	20.0609971861	12.2238065914
3.60273972603	5.24718377856	0.581983787684	-0.0	-0.0	0.0108728496533	0.380575426213	0.000292956882396	19.2959980097	11.182293246
3.60229783473	5.24750563244	0.581323406598	-0.0	-0.0	0.0108816798667	0.380569956538	0.000293159495148	19.311828371	11.215993012
3.60318161732	5.2481493402	0.581098461735	-0.0	-0.0	0.0108864721867	0.380566988024	0.000293172902254	19.320036402	11.2291247115
3.60450729121	5.24911490183	0.580522674144	-0.0	-0.0	0.0108968437467	0.380560563504	0.000293252559944	19.337939758	11.2609769115
3.60583296509	5.25144880876	0.579725387243	-0.0	-0.0	0.0109103873067	0.380552174032	0.000293393943368	19.3617114108	11.3045907713
3.60760053027	5.2489546478	0.57869367442	-0.0	-0.0	0.0109278105333	0.380541381158	0.00029357104521	19.3923346472	11.3611214866
3.60892620415	5.25120617562	0.576493797857	-0.0	-0.0	0.0109653968133	0.380518097575	0.00029415489168	19.4584214632	11.4827816797
3.61908970393	5.26495176849	0.556974974643	-0.0	-0.0	0.01131748792	0.38029995009	0.000299788202747	20.082897807	12.6264479155
3.6301369863	5.27877813505	0.537691065135	-0.0	-0.0	0.0117002902933	0.380062677042	0.00030590418153	20.7736548138	13.8825222933
3.63676535572	5.28695372751	0.52091580892	-0.0	-0.0	0.01206754608	0.37983495966	0.000312106343458	21.4477490917	15.0971472393
3.65002209456	5.29391025641	0.505928741698	-0.0	-0.0	0.0124285490533	0.379611037821	0.000317605934352	22.1202183716	16.2968265122
3.66548828988	5.3085787452	0.492134228681	-0.0	-0.0	0.01279275704	0.379385046054	0.000322965826322	22.8084715543	17.5132179653
3.67520989837	5.31659737768	0.479272973589	-0.0	-0.0	0.0131643214933	0.379154410062	0.000328942175132	23.5207054239	18.7606530428
3.69023420239	5.32620491542	0.467559949868	-0.0	-0.0	0.0135363507067	0.378923389084	0.000334427787435	24.2436610273	20.0116221654
3.70260715864	5.33099936346	0.457389885685	-0.0	-0.0	0.01388941736	0.378704068928	0.00033978567383	24.9385855598	21.2012822004
3.71232876712	5.3403307888	0.448208208483	-0.0	-0.0	0.0142436939733	0.378483919315	0.000345375477482	25.6433284946	22.3839733361
3.72337604949	5.34995236583	0.440043920891	-0.0	-0.0	0.0145923324	0.37826719715	0.000350704358694	26.3435265474	23.5380775954
3.72646928856	5.35673443456	0.432395961427	-0.0	-0.0	0.0149523432267	0.378043326314	0.000356957367769	27.0734313375	24.7217752986
3.73486522316	5.3614725484	0.425677929655	-0.0	-0.0	0.01531051036	0.377820521977	0.000362624742887	27.8044962683	25.8762826953
3.74281926646	5.3619379354	0.420051100967	-0.0	-0.0	0.0156541339733	0.377606695566	0.000368024545858	28.5087750516	26.9555126122
3.7560760053	5.36935229068	0.414978758472	-0.0	-0.0	0.0160203404533	0.377378723478	0.000373245631672	29.260409844	28.0628831042
3.76668139638	5.37772167876	0.411154053122	-0.0	-0.0	0.0163805580933	0.377154407671	0.000378529482807	29.9952847285	29.0773033012
3.77507733098	5.38228805547	0.408475873005	-0.0	-0.0	0.0167494498533	0.376924598919	0.000384050359413	30.7398820277	30.0228917807
3.79098541759	5.39226171752	0.406581528379	-0.0	-0.0	0.0171536889067	0.376672676594	0.000389286086496	31.5502542278	30.9776391703
3.78656650464	5.38943063857	0.406303564846	-0.0	-0.0	0.0172135081733	0.376635393895	0.000390754643659	31.6708419424	31.120145648
3.78700839593	5.38974520289	0.406472480266	-0.0	-0.0	0.0172105263333	0.376637239043	0.000390644337727	31.6631736309	31.0979626869
3.78656650464	5.39049716803	0.406658457913	-0.0	-0.0	0.0172006025333	0.376643433248	0.000390505843749	31.641097128	31.0601702318
3.78656650464	5.38986784141	0.406915000142	-0.0	-0.0	0.01718904456	0.376650631289	0.000390293491912	31.6156484875	31.0129949484
3.78524083076	5.38999055713	0.407058946671	-0.0	-0.0	0.0171828699867	0.37665447738	0.000390315288711	31.6018862051	30.9870528742
3.78656650464	5.39168765743	0.407397263284	-0.0	-0.0	0.01716859528	0.376663383518	0.000389912122004	31.5699473085	30.9265377966
3.78391515687	5.39011335013	0.407828269763	-0.0	-0.0	0.0171501267867	0.376674889214	0.000389841416494	31.5288954743	30.8492055282
3.78214759169	5.38929133858	0.409883322535	-0.0	-0.0	0.01706294408	0.376729227761	0.000388398218957	31.3350448205	30.4841270519
3.77419354839	5.3834752444	0.417597361361	-0.0	-0.0	0.01674356016	0.376928259592	0.000383259515824	30.6298323048	29.161311769
3.76358815731	5.37223974763	0.426101521121	-0.0	-0.0	0.0164037507733	0.377139953726	0.000378001700644	29.8879427514	27.782016049
3.748121962	5.36613924051	0.434218796695	-0.0	-0.0	0.0160906825333	0.377334925462	0.000373723556611	29.2128147847	26.537779307
3.74016791869	5.3590880304	0.442518921243	-0.0	-0.0	0.0157808553067	0.377527810045	0.000368758028417	28.5524704647	25.332322265
3.73353954927	5.35530903328	0.450950331179	-0.0	-0.0	0.0154743623067	0.377718568306	0.000363719158691	27.9066132376	24.1686388663
3.72602739726	5.34835025381	0.460010182894	-0.0	-0.0	0.0151550994533	0.377917207941	0.000358522331134	27.2417259945	22.9845290699
3.71277065842	5.34192111959	0.469463811856	-0.0	-0.0	0.0148316887067	0.378118355934	0.000353812861925	26.5770038794	21.8162795115
3.70216526734	5.33875079669	0.47966714087	-0.0	-0.0	0.0144959934	0.378327091381	0.00034861703915	25.8960953488	20.631378921
3.68802474591	5.32992654104	0.490098923408	-0.0	-0.0	0.0141610572533	0.378535269843	0.000343749033076	25.2257868058	19.4869253153
3.67697746354	5.31809462916	0.501841140813	-0.0	-0.0	0.0137938848667	0.378763420043	0.000338000710554	24.5015932935	18.2748820139
3.66946531153	5.31338028169	0.514561316758	-0.0	-0.0	0.0134071160933	0.379003648493	0.000331551974802	23.750009197	17.0455540751
3.65841802916	5.30374879846	0.528486330347	-0.0	-0.0	0.0129895113467	0.379262917908	0.000324838608616	22.9514160621	15.7832526673
3.63809102961	5.2918675667	0.542597849905	-0.0	-0.0	0.0125746587867	0.379520380851	0.000318972563543	22.1711368463	14.5901782712
3.62836942112	5.27772420444	0.55858057279	-0.0	-0.0	0.0121117381733	0.379807552663	0.000311292338686	21.3162249666	13.3330367903
3.60936809545	5.26288659794	0.576654978962	-0.0	-0.0	0.0115982158533	0.380125953567	0.000303450011196	20.3858968926	12.0237236406
3.5885992046	5.24725274725	0.595871267051	-0.0	-0.0	0.0110636225333	0.380457245531	0.000295304610259	19.4365318632	10.7515288031
3.57401679187	5.23171521036	0.619881917891	-0.0	-0.0	0.0104102220533	0.380861922841	0.000284389212395	18.3039446366	9.3192776209
3.5466195316	5.20909090909	0.648694022556	-0.0	-0.0	0.00965482125333	0.381329443635	0.000272651135981	17.0382843336	7.81624742655
3.51568714096	5.18754076973	0.678286101402	-0.0	-0.0	0.00892951114667	0.381778008948	0.00026164720909	15.8650764065	6.49759287182
