# C		CN		K0		e_x		e_y		e_z		n		overlap		p		q
3.45868316394	5.26312247645	0.736097750326	-0.0	-0.0	1.87240000048e-07	0.385306337949	0.000129921196554	5.58852977365	1.7896953286
3.48431285904	5.26746907389	0.650770696785	-0.0	-0.0	0.000531443826667	0.384979691133	0.000138523059806	6.17021100794	2.8087504709
3.50375607601	5.27045908184	0.574026845381	-0.0	-0.0	0.00134984762667	0.384476150153	0.000152077492059	7.10550823169	4.22720684726
3.51833848873	5.26971504307	0.533116344698	-0.0	-0.0	0.00212068413333	0.384001498984	0.000164603610951	8.0199470685	5.43653513259
3.53336279275	5.28141534392	0.507443526302	-0.0	-0.0	0.00286652962667	0.3835418879	0.000176435372095	8.93534513864	6.55296596464
3.5461776403	5.28162055336	0.489125690802	-0.0	-0.0	0.00361248325333	0.383081867179	0.000188200083861	9.88054632627	7.65481676273
3.55678303137	5.27872619829	0.475710844379	-0.0	-0.0	0.00433858268	0.382633760612	0.000199656855714	10.8299794205	8.72908320917
3.57578435705	5.27783219066	0.465563332154	-0.0	-0.0	0.00503626472	0.382202884985	0.000210095953914	11.7703600339	9.7722932091
3.60583296509	5.28900421667	0.457294626941	-0.0	-0.0	0.00572674384	0.381776161671	0.000219731999579	12.7296093237	10.82492346
3.63190455148	5.29220360825	0.450422035359	-0.0	-0.0	0.00641326198667	0.381351594068	0.000229459700956	13.7113997779	11.8928479696
3.64560318162	5.29797492768	0.4449459291	-0.0	-0.0	0.00707321445333	0.380943180774	0.000239436235519	14.6787271398	12.9332594655
3.66327883341	5.31131773004	0.440234886604	-0.0	-0.0	0.00772982676	0.380536566969	0.000249057323293	15.6653146888	13.9894245227
3.69023420239	5.31951530612	0.436255120287	-0.0	-0.0	0.00836371930667	0.380143770352	0.000257662302386	16.641779215	15.0307073657
3.69951391958	5.32421253579	0.432802972746	-0.0	-0.0	0.00898968749333	0.379755639858	0.000267323246402	17.6284062416	16.078603801
3.7229341582	5.33375554148	0.429676984508	-0.0	-0.0	0.00960245564	0.379375460479	0.000275721582078	18.6158761544	17.1302443774
3.73044631021	5.33649588868	0.426831615369	-0.0	-0.0	0.01020852716	0.378999201524	0.000285161859464	19.6143260802	18.1947476897
3.75254087494	5.34930643127	0.424311048237	-0.0	-0.0	0.0108068733867	0.378627519283	0.000293331395506	20.6190901922	19.2632920082
3.75872735307	5.35421914358	0.422018503668	-0.0	-0.0	0.0114085767867	0.378253520095	0.000302784617187	21.6488028542	20.3563281285
3.77110030932	5.35604395604	0.419641368859	-0.0	-0.0	0.0121410528933	0.377797937769	0.000313881155255	22.9262128223	21.7020883488
3.7980556783	5.36048689139	0.417762172933	-0.0	-0.0	0.0127213886267	0.377436746883	0.00032125282225	23.9604465344	22.801133132
3.81352187362	5.36861768369	0.416124530889	-0.0	-0.0	0.0132863232	0.377084940013	0.00032929588164	24.9844438176	23.8850778949
3.81970835175	5.37511664075	0.414568102689	-0.0	-0.0	0.0138520024667	0.376732470196	0.000338138175664	26.0279173994	24.9914244025
3.82898806894	5.38253573648	0.413137249051	-0.0	-0.0	0.01442276032	0.37637663382	0.000346761037801	27.096698501	26.122102193
3.8400353513	5.38833746898	0.411713270715	-0.0	-0.0	0.0150851648267	0.375963406045	0.000356695877952	28.3552918416	27.4445526316
3.85152452497	5.39609786312	0.410596743242	-0.0	-0.0	0.0156255701333	0.37562608222	0.000364560547599	29.3987099167	28.5434175413
3.85947856827	5.39616810878	0.409506829343	-0.0	-0.0	0.0161585611733	0.375293207815	0.00037260661084	30.4429386327	29.6474090859
3.86920017676	5.40228465576	0.408552038532	-0.0	-0.0	0.01669558644	0.374957639209	0.000380559703095	31.5096425166	30.7681558831
3.874060981	5.40363860623	0.408176870393	-0.0	-0.0	0.0169151308667	0.374820394933	0.000383719197782	31.9499732618	31.2308105113
3.86831639417	5.40457072267	0.408460091513	-0.0	-0.0	0.0169067821467	0.374825614181	0.000384120510819	31.9294001134	31.1860387664
3.86743261158	5.40395305744	0.408656916374	-0.0	-0.0	0.0168967420667	0.374831887465	0.000384023123261	31.9067400733	31.1467888321
3.86743261158	5.40228465576	0.408998630177	-0.0	-0.0	0.01688252576	0.374840769382	0.000383756356478	31.8740688492	31.0852256423
3.86654882899	5.40240889438	0.409246489457	-0.0	-0.0	0.0168722147467	0.374847216812	0.000383649291983	31.8503370414	31.0405901547
3.86610693769	5.40210006177	0.409658699024	-0.0	-0.0	0.0168547711067	0.374858129305	0.000383365725293	31.8103000118	30.9659005849
3.86743261158	5.40333539222	0.41005978093	-0.0	-0.0	0.01683766904	0.374868820432	0.000382912838611	31.7710194908	30.893029103
3.86610693769	5.40117356393	0.410645761909	-0.0	-0.0	0.0168131410133	0.374884151224	0.000382583159299	31.7147932473	30.787901167
3.86433937251	5.40358467244	0.412690511084	-0.0	-0.0	0.01672814476	0.374937283725	0.000381157756984	31.5200217159	30.424345854
3.86080424216	5.40210330962	0.421565791686	-0.0	-0.0	0.01636665716	0.375163195311	0.000374706441689	30.6974901511	28.9015910307
3.85108263367	5.39764633013	0.430408409753	-0.0	-0.0	0.01601647492	0.375381961099	0.000369052393983	29.9095357676	27.4657126851
3.84666372072	5.39417415556	0.438566595535	-0.0	-0.0	0.0157008088667	0.37557910335	0.000363521761143	29.2070971179	26.2067285062
3.83915156871	5.38790697674	0.446961919412	-0.0	-0.0	0.0153861453067	0.375775554943	0.000358297473429	28.5148558166	24.9795701481
3.83075563411	5.38248990997	0.455849415675	-0.0	-0.0	0.0150615938533	0.375978106036	0.000352967746013	27.8097408219	23.7474958974
3.81794078657	5.37628384687	0.465149070027	-0.0	-0.0	0.0147288175867	0.376185738819	0.000347877603872	27.0959735963	22.5234222255
3.80866106938	5.3662410464	0.475050682684	-0.0	-0.0	0.01438135024	0.376402457579	0.000342180585473	26.3601505052	21.2877288193
3.79761378701	5.3569201995	0.485889530793	-0.0	-0.0	0.0140122525067	0.376632583546	0.000336209157472	25.5892652435	20.0159988773
3.78214759169	5.35220519237	0.497556537224	-0.0	-0.0	0.0136243910667	0.376874316847	0.000330298898421	24.7919548575	18.7306009977
3.76579761379	5.34231974922	0.510395327055	-0.0	-0.0	0.0132094509467	0.377132819695	0.000323917328839	23.9527035628	17.4100502249
3.74105170128	5.32829713566	0.524103727255	-0.0	-0.0	0.01277572772	0.377402914485	0.000317904934712	23.0929190842	16.096759283
3.72337604949	5.3142947302	0.538980008584	-0.0	-0.0	0.01231776044	0.377687976841	0.000310867122078	22.2044515857	14.7789601265
3.70702607159	5.30727848101	0.555577305808	-0.0	-0.0	0.01182521716	0.377994420384	0.000302979183677	21.2657972781	13.4300958373
3.68537339814	5.29197080292	0.573621689112	-0.0	-0.0	0.0113024593733	0.37831949367	0.000294939885511	20.2930509362	12.088778853
3.6553247901	5.27928503032	0.58889559711	-0.0	-0.0	0.0108728496533	0.378586512364	0.000289337090497	19.5131214684	11.0505499854
3.65930181175	5.27806122449	0.588319623054	-0.0	-0.0	0.0108816798667	0.378581029058	0.000289185251733	19.5288517791	11.0808142545
3.66106937693	5.27933673469	0.587936912066	-0.0	-0.0	0.0108864721867	0.378578051012	0.000289137143332	19.5376675845	11.1000254885
3.65753424658	5.27951499681	0.587409296492	-0.0	-0.0	0.0108968437467	0.378571605864	0.000289603932287	19.5559079066	11.1300121679
3.66460450729	5.2810707457	0.586591562796	-0.0	-0.0	0.0109103873067	0.378563189454	0.000289295046086	19.58008516	11.1742618158
3.6637207247	5.27979604844	0.585548423624	-0.0	-0.0	0.0109278105333	0.378552361925	0.000289686596036	19.6112651366	11.2310785595
3.66593018118	5.28193692259	0.583317576697	-0.0	-0.0	0.0109653968133	0.378529010359	0.000290204780251	19.6785587423	11.3536091173
3.68183826779	5.29844097996	0.563507004527	-0.0	-0.0	0.01131748792	0.378310150866	0.000295429904008	20.3152483653	12.50691849
3.6889085285	5.30779014308	0.543966636054	-0.0	-0.0	0.0117002902933	0.378072120739	0.000301912453353	21.0195721527	13.7728915845
3.706142289	5.32327723087	0.526983684557	-0.0	-0.0	0.01206754608	0.377843674249	0.000307263855065	21.7067077624	14.9967722183
3.71365444101	5.33206349206	0.51174637119	-0.0	-0.0	0.0124285490533	0.377619031349	0.000313280089519	22.3930968756	16.2098591917
3.72028281043	5.34253968254	0.497813152328	-0.0	-0.0	0.01279275704	0.377392313946	0.0003194157468	23.0956847396	17.435652788
3.74591250552	5.35134281201	0.484909074094	-0.0	-0.0	0.0131643214933	0.377160933781	0.000324032469271	23.8224296876	18.6880967308
3.76535572249	5.36283464567	0.473283261685	-0.0	-0.0	0.0135363507067	0.376929181248	0.000329159998315	24.5594719651	19.9364647643
3.76756517897	5.36850393701	0.463237844279	-0.0	-0.0	0.01388941736	0.376709150271	0.000335428496677	25.2677805429	21.1206221315
3.78391515687	5.37625628141	0.454115496951	-0.0	-0.0	0.0142436939733	0.37648829378	0.000340449564707	25.9864256696	22.3016821989
3.80114891737	5.3869047619	0.445957562383	-0.0	-0.0	0.0145923324	0.376270875742	0.000345265732704	26.7015268813	23.4584186908
3.81396376491	5.3921875	0.438378520649	-0.0	-0.0	0.0149523432267	0.376046286079	0.000350654164381	27.4471389427	24.6407538713
3.82280159081	5.39975015615	0.431663958379	-0.0	-0.0	0.01531051036	0.375822772125	0.000356336800711	28.1947831631	25.7991810993
3.8400353513	5.40429505135	0.426148667138	-0.0	-0.0	0.0156541339733	0.375608247449	0.000360913543586	28.9142382786	26.8733434981
3.84798939461	5.41094187131	0.421294989197	-0.0	-0.0	0.0160203404533	0.37537954927	0.000366688955481	29.6812987277	27.9661506395
3.85505965532	5.41247672253	0.417551523655	-0.0	-0.0	0.0163805580933	0.375154512963	0.00037236297496	30.4343720277	28.9789507603
3.86301369863	5.41524635885	0.414859687336	-0.0	-0.0	0.0167494498533	0.374923975275	0.000377993934122	31.2006976857	29.9337476312
3.87052585064	5.42211210901	0.412980995277	-0.0	-0.0	0.0171536889067	0.374671235341	0.000384171336373	32.0353266308	30.8966106394
3.8736190897	5.42216032188	0.412694125418	-0.0	-0.0	0.0172135081733	0.374633827514	0.000384885500219	32.1595335502	31.0413134891
3.8736190897	5.42216032188	0.41286993868	-0.0	-0.0	0.0172105263333	0.374635687412	0.000384820795249	32.1516736588	31.0184616564
3.87185152452	5.42366057603	0.413050133688	-0.0	-0.0	0.0172006025333	0.374641898213	0.000384813434007	32.1292381303	30.9811882111
3.87008395935	5.42043343653	0.413331224083	-0.0	-0.0	0.01718904456	0.374649126043	0.000384773208354	32.1027850829	30.9313332308
3.86964206805	5.42012383901	0.41351976673	-0.0	-0.0	0.0171828699867	0.374652987306	0.000384699748032	32.0884518733	30.9012077658
3.87052585064	5.42242180242	0.413828219849	-0.0	-0.0	0.01716859528	0.374661913887	0.000384347483173	32.0559968687	30.8433034912
3.86875828546	5.4208733354	0.414279772376	-0.0	-0.0	0.0171501267867	0.374673462833	0.000384177553287	32.0137563999	30.7637310572
3.86389748122	5.41728624535	0.416427409888	-0.0	-0.0	0.01706294408	0.37472797596	0.000383027815167	31.8146948899	30.3889599441
3.85505965532	5.41539894443	0.424433627826	-0.0	-0.0	0.01674356016	0.374927648059	0.00037792187209	31.0906775946	29.0362898529
3.84268669907	5.40945861854	0.433254804291	-0.0	-0.0	0.0164037507733	0.375140011114	0.000372768449338	30.3293176249	27.6274951504
3.83429076447	5.40698036772	0.4416495751	-0.0	-0.0	0.0160906825333	0.375335610623	0.000367723980072	29.6359977141	26.358964662
3.82677861246	5.40112289457	0.450226153522	-0.0	-0.0	0.0157808553067	0.37552911868	0.000362640490261	28.9576684655	25.1311259719
3.8148475475	5.40018773467	0.458925911169	-0.0	-0.0	0.0154743623067	0.375720485306	0.000358020021231	28.2944548335	23.947725559
3.80291648255	5.39097744361	0.468210407963	-0.0	-0.0	0.0151550994533	0.375919762752	0.000353181962105	27.6130069501	22.7496671903
3.79054352629	5.38080301129	0.477796783029	-0.0	-0.0	0.0148316887067	0.376121558772	0.000348308869104	26.9321260398	21.575100934
3.77728678745	5.37547169811	0.488077453235	-0.0	-0.0	0.0144959934	0.376330962288	0.000343282816829	26.2347643514	20.3883319115
3.75828546178	5.36160151324	0.49856044941	-0.0	-0.0	0.0141610572533	0.376539812623	0.00033879441704	25.5492739295	19.2448285599
3.74193548387	5.34838913455	0.510242668722	-0.0	-0.0	0.0137938848667	0.37676868784	0.000333480719963	24.8097981932	18.041378961
3.73353954927	5.34081568132	0.522873832514	-0.0	-0.0	0.0134071160933	0.377009691756	0.000327094877964	24.0430019113	16.8225224737
3.72160848431	5.32669196711	0.536856587629	-0.0	-0.0	0.0129895113467	0.377269801151	0.000320439907649	23.2293194487	15.5641190954
3.70835174547	5.31548938866	0.551055361747	-0.0	-0.0	0.0125746587867	0.377528088788	0.000313944325255	22.4355112189	14.3745555678
3.68360583297	5.30353165765	0.56717917378	-0.0	-0.0	0.0121117381733	0.377816177181	0.000307506984296	21.5653736428	13.1195534928
3.66681396376	5.29209183673	0.58525620989	-0.0	-0.0	0.0115982158533	0.378135600439	0.000299435514445	20.6179971827	11.8191255919
3.65046398586	5.28069053708	0.604131959032	-0.0	-0.0	0.0110636225333	0.378467956147	0.000290902941474	19.6517172891	10.5686916694
3.62306672559	5.25890279115	0.627716092491	-0.0	-0.0	0.0104102220533	0.378873932836	0.000281080683676	18.5025548374	9.16215099656
3.58727353071	5.23990958993	0.656443193397	-0.0	-0.0	0.00965482125333	0.379342954792	0.000270028405352	17.2166891183	7.67211580414
3.56473707468	5.22650680493	0.685476483106	-0.0	-0.0	0.00892951114667	0.379792956254	0.000258500498795	16.0276840514	6.37855363733
