# C		CN		K0		e_x		e_y		e_z		n		overlap		p		q
3.43261157755	5.23886639676	0.736684404906	-0.0	-0.0	1.87240000048e-07	0.387082669552	0.000130010305927	5.58655758251	1.78423985359
3.46531153336	5.24924623116	0.651304824787	-0.0	-0.0	0.000531443826667	0.386756966674	0.000138270364149	6.16350850534	2.80010857932
3.49226690234	5.25632490013	0.577458364724	-0.0	-0.0	0.00134984762667	0.386254880819	0.000151367828305	7.08502287893	4.16774872874
3.51612903226	5.26348891096	0.538764974172	-0.0	-0.0	0.00212068413333	0.385781601288	0.00016329992204	7.9834493833	5.31724678931
3.54794520548	5.27102496715	0.514483497932	-0.0	-0.0	0.00286652962667	0.385323318381	0.000174143405203	8.87969671329	6.37453339032
3.56076005303	5.27579430069	0.497264251243	-0.0	-0.0	0.00361248325333	0.384864627021	0.000185782695181	9.80567473358	7.41477981855
3.5797613787	5.28739386022	0.4844104592	-0.0	-0.0	0.00433858268	0.384417815548	0.00019665046508	10.7368223501	8.43519070742
3.59876270437	5.29128738622	0.474866389524	-0.0	-0.0	0.00503626472	0.383988184894	0.000206912560313	11.6572140957	9.41912911132
3.61246133451	5.2934888241	0.46713451435	-0.0	-0.0	0.00572674384	0.383562694719	0.000217306182563	12.5951482576	10.4093893252
3.61997348652	5.28834355828	0.460817264366	-0.0	-0.0	0.00641326198667	0.383139354024	0.000227921202662	13.5510017365	11.4066427476
3.63543968184	5.29639175258	0.455613515441	-0.0	-0.0	0.00707321445333	0.382732120957	0.000237600342686	14.4939703245	12.3852186445
3.64295183385	5.30202637504	0.451214361544	-0.0	-0.0	0.00772982676	0.382326682177	0.000247730821231	15.4554421811	13.3750998427
3.65930181175	5.31258023107	0.4472837603	-0.0	-0.0	0.00836371930667	0.381935023436	0.000256873327929	16.4061371304	14.3588523356
3.67079098542	5.31562099872	0.444018737189	-0.0	-0.0	0.00898968749333	0.381548009412	0.000266159766726	17.3637140652	15.3395784842
3.68272205038	5.32172523962	0.441185810425	-0.0	-0.0	0.00960245564	0.381168925598	0.000275154866511	18.3209670442	16.3166766397
3.69597878922	5.32356687898	0.438693562885	-0.0	-0.0	0.01020852716	0.38079375603	0.000283932845706	19.2877054932	17.3000758905
3.71011931065	5.33407501589	0.436518923032	-0.0	-0.0	0.0108068733867	0.380423145445	0.000292480871427	20.2599981039	18.2849357394
3.72912063632	5.33966445078	0.434527915136	-0.0	-0.0	0.0114085767867	0.380050231764	0.00030068653382	21.2569931886	19.2935428599
3.74547061423	5.3429022082	0.432441995779	-0.0	-0.0	0.0121410528933	0.379595967023	0.000311175360682	22.4950545824	20.5384061551
3.75342465753	5.34571788413	0.43074734529	-0.0	-0.0	0.0127213886267	0.3792358199	0.000319922958944	23.497690671	21.5570684059
3.77110030932	5.35489949749	0.429455974214	-0.0	-0.0	0.0132863232	0.378885029676	0.000327530976943	24.4871276447	22.547035213
3.77861246133	5.35768025078	0.428024982246	-0.0	-0.0	0.0138520024667	0.378533585985	0.000336032585917	25.4961340897	23.5712702151
3.78435704817	5.36688617121	0.426776422577	-0.0	-0.0	0.01442276032	0.378178778912	0.00034476120614	26.5278114984	24.6117078044
3.79319487406	5.37437343358	0.425513483735	-0.0	-0.0	0.0150851648267	0.377766738504	0.000354655735352	27.7427440765	25.830794488
3.80998674326	5.37710542732	0.42455710211	-0.0	-0.0	0.0156255701333	0.377430396815	0.000361804974196	28.7480805318	26.8391407068
3.82235969951	5.38126361656	0.423670152173	-0.0	-0.0	0.0161585611733	0.377098479827	0.000369219089686	29.7534728483	27.847302046
3.83826778612	5.39099378882	0.422786955715	-0.0	-0.0	0.01669558644	0.376763871501	0.000376320394699	30.7797440657	28.8795853655
3.84268669907	5.39143920596	0.422464151581	-0.0	-0.0	0.0169151308667	0.376627028461	0.000379426535567	31.2029301492	29.3032700067
3.8400353513	5.3900093081	0.422768078744	-0.0	-0.0	0.0169067821467	0.376632232053	0.000379518211753	31.1826235428	29.2591488241
3.83782589483	5.38857852266	0.422993792646	-0.0	-0.0	0.0168967420667	0.376638484895	0.000379550580062	31.1603820391	29.2196989893
3.83517454706	5.38819875776	0.423370633899	-0.0	-0.0	0.01688252576	0.376647346912	0.000379544871651	31.1283865516	29.1587275132
3.83296509059	5.3843526855	0.423641321062	-0.0	-0.0	0.0168722147467	0.376653780637	0.000379568373163	31.1050920214	29.1146942058
3.82854617764	5.38755832037	0.424098183962	-0.0	-0.0	0.0168547711067	0.376664648287	0.000379678327978	31.0658885335	29.0405856225
3.82589482987	5.38705662726	0.424546851473	-0.0	-0.0	0.01683766904	0.3766753142	0.000379619909161	31.0274244826	28.9679680604
3.82412726469	5.38698630137	0.42519102007	-0.0	-0.0	0.0168131410133	0.376690602937	0.000379333431797	30.972277157	28.864001032
3.82235969951	5.38703645996	0.427446408754	-0.0	-0.0	0.01672814476	0.376743579649	0.000377910185101	30.781228143	28.5039155092
3.80600972161	5.38168177555	0.437190864896	-0.0	-0.0	0.01636665716	0.3769688384	0.000372711191602	29.9754062677	27.0015955786
3.79407865665	5.3717146433	0.446933807275	-0.0	-0.0	0.01601647492	0.37718696553	0.000367270490325	29.2035127316	25.5849070071
3.78391515687	5.37182303106	0.455957276965	-0.0	-0.0	0.0157008088667	0.377383544555	0.000362322749995	28.5167253687	24.3436353728
3.77728678745	5.36671899529	0.465218198841	-0.0	-0.0	0.0153861453067	0.377579425514	0.000357057133834	27.840110664	23.1373349724
3.76933274414	5.35815268615	0.474974846075	-0.0	-0.0	0.0150615938533	0.377781396846	0.000351729782467	27.1504822113	21.9308521028
3.75961113566	5.34695160277	0.485291765203	-0.0	-0.0	0.0147288175867	0.377988428302	0.000346375941375	26.4498206007	20.725749904
3.75209898365	5.34161686065	0.496287411982	-0.0	-0.0	0.01438135024	0.378204515634	0.000340532968817	25.7281156811	19.5118028874
3.74281926646	5.33785061456	0.508336860183	-0.0	-0.0	0.0140122525067	0.378433980421	0.0003343356139	24.9671003073	18.2608661063
3.72602739726	5.32669826224	0.52110369186	-0.0	-0.0	0.0136243910667	0.378675006728	0.000328540016186	24.1851317111	17.0141931432
3.71498011489	5.31793736159	0.534981415913	-0.0	-0.0	0.0132094509467	0.378932774348	0.000321708729525	23.3618939574	15.7447969827
3.70083959346	5.30576679341	0.549722559098	-0.0	-0.0	0.01277572772	0.379202081163	0.00031476047482	22.5167158178	14.4877840646
3.68316394167	5.29930025445	0.565735088158	-0.0	-0.0	0.01231776044	0.379486327262	0.000307638654673	21.6414429151	13.2276577042
3.65885992046	5.27933673469	0.583435525404	-0.0	-0.0	0.01182521716	0.379791881846	0.000300421764272	20.7207800904	11.9502370042
3.63278833407	5.25647585545	0.602724245378	-0.0	-0.0	0.0113024593733	0.380116012128	0.000292805868852	19.7682538183	10.6827903524
3.61643835616	5.25224646983	0.619046383707	-0.0	-0.0	0.0108728496533	0.380382266728	0.000286132057794	19.0031279981	9.70376711432
3.61732213875	5.25320924262	0.618303122826	-0.0	-0.0	0.0108816798667	0.380376801237	0.000286229246038	19.0188520021	9.73721203373
3.61820592134	5.25385109114	0.618043681954	-0.0	-0.0	0.0108864721867	0.380373830418	0.000286246059778	19.0270313383	9.75028295041
3.61820592134	5.2541720154	0.617386923898	-0.0	-0.0	0.0108968437467	0.380367399384	0.000286434280138	19.0448753185	9.78195400415
3.62041537782	5.25473211421	0.616453015726	-0.0	-0.0	0.0109103873067	0.380359012016	0.00028651032433	19.0685811365	9.82624886975
3.62306672559	5.25657472739	0.615289933849	-0.0	-0.0	0.0109278105333	0.380348211057	0.000286623085366	19.0990593767	9.88209456561
3.62262483429	5.2568954458	0.612794771903	-0.0	-0.0	0.0109653968133	0.380324920213	0.00028735028116	19.1647441273	10.0027731644
3.63146266019	5.26506410256	0.59065090729	-0.0	-0.0	0.01131748792	0.380106699714	0.000293132894391	19.7866012707	11.1396239032
3.64958020327	5.28096	0.568853307207	-0.0	-0.0	0.0117002902933	0.379869357663	0.000298711877929	20.4748483335	12.3885051647
3.66637207247	5.29639092942	0.549935527878	-0.0	-0.0	0.01206754608	0.37964156927	0.000304101089145	21.1471341957	13.5973688898
3.68228015908	5.31090561224	0.533145045404	-0.0	-0.0	0.0124285490533	0.379417577604	0.000309426127551	21.8188055793	14.7891395308
3.69332744145	5.31974522293	0.517859380564	-0.0	-0.0	0.01279275704	0.379191523277	0.000315194063051	22.5068914115	15.9916292573
3.706142289	5.33481858689	0.503865579644	-0.0	-0.0	0.0131643214933	0.37896080214	0.00032090913129	23.2186009361	17.2127832907
3.7229341582	5.34263959391	0.491196992259	-0.0	-0.0	0.0135363507067	0.378729714433	0.000326269094912	23.9409659124	18.4341289767
3.73309765798	5.35012674271	0.480352789784	-0.0	-0.0	0.01388941736	0.378510330755	0.000331827246888	24.6344312324	19.586643092
3.74502872293	5.35461441214	0.470473203926	-0.0	-0.0	0.0142436939733	0.378290107621	0.000337215846792	25.3377444624	20.7378440599
3.74856385329	5.36424050633	0.461722311514	-0.0	-0.0	0.0145923324	0.378073317874	0.000343215830909	26.0361852016	21.8587487565
3.76270437472	5.3692016409	0.453613851523	-0.0	-0.0	0.0149523432267	0.377849377227	0.000348421033608	26.7641591784	23.002338673
3.7644719399	5.37223974763	0.44658265863	-0.0	-0.0	0.01531051036	0.377626511311	0.000354702766296	27.4932509765	24.1107974919
3.77596111357	5.3770853006	0.440792362951	-0.0	-0.0	0.0156541339733	0.377412604433	0.00035975226855	28.1947143561	25.1384368325
3.78082191781	5.38275102298	0.435726488415	-0.0	-0.0	0.0160203404533	0.377184567143	0.000365743339322	28.9402281858	26.1778485273
3.78656650464	5.38635649167	0.432006566769	-0.0	-0.0	0.0163805580933	0.376960177625	0.000371439962724	29.6691448672	27.1219324868
3.80070702607	5.39184952978	0.429189909113	-0.0	-0.0	0.0167494498533	0.376730300972	0.000376356153763	30.4105133854	28.0221961181
3.81307998232	5.39968701095	0.427085607927	-0.0	-0.0	0.0171536889067	0.37647830388	0.000381935264639	31.218627235	28.9384292412
3.8148475475	5.40050062578	0.426836553744	-0.0	-0.0	0.0172135081733	0.376441001173	0.000382760364793	31.3380455229	29.0695626402
3.81440565621	5.40018773467	0.427016791354	-0.0	-0.0	0.0172105263333	0.376442859712	0.000382740057996	31.330319519	29.0476081555
3.81440565621	5.39987484355	0.427219105618	-0.0	-0.0	0.0172006025333	0.376449047737	0.000382558397387	31.3084881669	29.0107867903
3.81307998232	5.39924906133	0.427539971725	-0.0	-0.0	0.01718904456	0.376456251509	0.000382475034622	31.2825308164	28.9604745158
3.81219619973	5.39906103286	0.42769287061	-0.0	-0.0	0.0171828699867	0.376460104786	0.000382449485921	31.2688322854	28.9352913204
3.81175430844	5.39812206573	0.428080623714	-0.0	-0.0	0.01716859528	0.376469002619	0.00038222773813	31.2369001951	28.8740892012
3.80954485197	5.39868462261	0.428578086705	-0.0	-0.0	0.0171501267867	0.376480521143	0.000382104360195	31.1955837822	28.7953814974
3.80821917808	5.39912280702	0.430939166342	-0.0	-0.0	0.01706294408	0.376534878889	0.000380610480373	31.0010540907	28.4253036981
3.79452054795	5.39459629281	0.439771016019	-0.0	-0.0	0.01674356016	0.376733971612	0.000376009402945	30.2935048067	27.0884595234
3.78214759169	5.39331862591	0.449476778542	-0.0	-0.0	0.0164037507733	0.376945727495	0.000370896410129	29.5497542398	25.7001955157
3.77198409191	5.38391167192	0.458704417296	-0.0	-0.0	0.0160906825333	0.377140755469	0.000366069381661	28.872984624	24.4530307066
3.76226248343	5.375	0.468137333474	-0.0	-0.0	0.0157808553067	0.377333700236	0.000361258457872	28.2110677407	23.2473429058
3.75784357048	5.3691190401	0.477753215593	-0.0	-0.0	0.0154743623067	0.377524513616	0.000355989167544	27.5638278967	22.08397823
3.75430844012	5.36863736959	0.488000139027	-0.0	-0.0	0.0151550994533	0.377723219525	0.000350404483662	26.8979084533	20.9084870202
3.73619089704	5.36251189343	0.49874802217	-0.0	-0.0	0.0148316887067	0.377924435033	0.000346097370217	26.2318312258	19.7478598088
3.73000441891	5.36086404066	0.51014191349	-0.0	-0.0	0.0144959934	0.378133230783	0.000340457073023	25.5494740393	18.5849378643
3.7224922669	5.3500635324	0.521705398698	-0.0	-0.0	0.0141610572533	0.378341481565	0.000334953779188	24.8778883773	17.4692622518
3.71188687583	5.33619319987	0.534544146432	-0.0	-0.0	0.0137938848667	0.378569695507	0.000329128475101	24.1530679895	16.3002036927
3.69509500663	5.3177480916	0.548320125318	-0.0	-0.0	0.0134071160933	0.37880999887	0.000323482964359	23.4019408109	15.1244626105
3.68007070261	5.30698119222	0.563583193309	-0.0	-0.0	0.0129895113467	0.379069356605	0.000317092308973	22.6037862784	13.9124127132
3.66769774635	5.29684008937	0.579067359409	-0.0	-0.0	0.0125746587867	0.379326897847	0.000310490374278	21.8236554491	12.7697620108
3.65399911622	5.28306709265	0.596557870282	-0.0	-0.0	0.0121117381733	0.379614153394	0.000303105696259	20.9697447244	11.5726839876
3.62615996465	5.2683788122	0.615802516184	-0.0	-0.0	0.0115982158533	0.37993265392	0.000295926678381	20.0417005161	10.3512549909
3.60406539991	5.25112685126	0.635790759036	-0.0	-0.0	0.0110636225333	0.380264049193	0.000287867876264	19.0975137467	9.18587899747
3.57490057446	5.22818358112	0.660788952311	-0.0	-0.0	0.0104102220533	0.380668852697	0.000278178540188	17.9745639122	7.87891370468
3.5461776403	5.21175706398	0.691186108257	-0.0	-0.0	0.00965482125333	0.381136519281	0.000266573912657	16.720695007	6.50223696614
3.51966416262	5.19204434301	0.721470619615	-0.0	-0.0	0.00892951114667	0.381585224473	0.000255299653295	15.5603786254	5.32230069333
