# C		CN		K0		e_x		e_y		e_z		n		overlap		p		q
3.46707909854	5.23631508678	0.736641109101	-0.0	-0.0	1.87240000048e-07	0.387190278529	0.000129033644797	5.58636190129	1.78453319681
3.49756959788	5.24817518248	0.648016419188	-0.0	-0.0	0.000531443826667	0.386864632835	0.000137405418159	6.16470391166	2.83516139822
3.52010605391	5.25759577279	0.566124081262	-0.0	-0.0	0.00134984762667	0.38636263513	0.000150773802926	7.09744729112	4.33262626498
3.53159522757	5.26045439579	0.521170322377	-0.0	-0.0	0.00212068413333	0.385889438692	0.000163469021772	8.01347675862	5.63631317257
3.54043305347	5.25869993434	0.492850687004	-0.0	-0.0	0.00286652962667	0.385431236245	0.000175621422096	8.93080023573	6.84279508996
3.54794520548	5.25712414019	0.473058165209	-0.0	-0.0	0.00361248325333	0.384972625417	0.00018768632437	9.87850330742	8.02428391835
3.56562085727	5.2668190725	0.458822139402	-0.0	-0.0	0.00433858268	0.384525892226	0.00019876470336	10.8302997749	9.16924769617
3.58904109589	5.2752681183	0.447964802644	-0.0	-0.0	0.00503626472	0.384096337166	0.000208955268718	11.7727167693	10.2835369104
3.59787892179	5.27691309987	0.439193172244	-0.0	-0.0	0.00572674384	0.383670921693	0.000219836882141	12.7343617167	11.4058276969
3.6133451171	5.29006150858	0.43201650703	-0.0	-0.0	0.00641326198667	0.383247658747	0.000230197067792	13.7171752842	12.539148834
3.62527618206	5.28787878788	0.426137372221	-0.0	-0.0	0.00707321445333	0.382840493753	0.000240320908249	14.6871722447	13.6509218477
3.64118426867	5.29646302251	0.421097130949	-0.0	-0.0	0.00772982676	0.382435126156	0.000250075009721	15.6757290163	14.7781230618
3.65930181175	5.31055502085	0.416821539984	-0.0	-0.0	0.00836371930667	0.382043533733	0.000259246374275	16.6523263787	15.8884978641
3.66637207247	5.31506410256	0.413077467381	-0.0	-0.0	0.00898968749333	0.381656590101	0.000269043856316	17.6393539252	17.0077588968
3.66902342024	5.31816725409	0.409903229925	-0.0	-0.0	0.00960245564	0.381277572843	0.000278929109493	18.6253928629	18.1186039487
3.67962881131	5.31725239617	0.406995154491	-0.0	-0.0	0.01020852716	0.380902474556	0.000288097975653	19.6214100928	19.2430872477
3.68404772426	5.32014044047	0.404437949718	-0.0	-0.0	0.0108068733867	0.380531923625	0.000297608165492	20.6222142939	20.3692385366
3.70172337605	5.32665394402	0.402119562432	-0.0	-0.0	0.0114085767867	0.380159077809	0.000306060510891	21.6464098012	21.5192622508
3.71542200619	5.33492063492	0.399576918728	-0.0	-0.0	0.0121410528933	0.379704890429	0.000316934455987	22.9175343948	22.9444803385
3.72912063632	5.33797468354	0.397790073265	-0.0	-0.0	0.0127213886267	0.379344811141	0.000325271001695	23.942941893	24.0902818697
3.74193548387	5.33869441816	0.396180824189	-0.0	-0.0	0.0132863232	0.378994077901	0.000333426146586	24.9575358014	25.2234341962
3.75563411401	5.34812716399	0.394700141963	-0.0	-0.0	0.0138520024667	0.378642688348	0.000341505397003	25.9895775544	26.3744580999
3.77419354839	5.35004700721	0.393215312991	-0.0	-0.0	0.01442276032	0.378287945384	0.000349220795476	27.0493694155	27.5630235776
3.78789217852	5.35301468291	0.391693144284	-0.0	-0.0	0.0150851648267	0.37787598126	0.000358818386895	28.2969443691	28.955967699
3.79982324348	5.35712059832	0.39052410849	-0.0	-0.0	0.0156255701333	0.377539699821	0.000366611940601	29.3342238577	30.1145730929
3.80512593902	5.36292834891	0.389456816965	-0.0	-0.0	0.0161585611733	0.377207837083	0.000374914168131	30.3712957471	31.2713117005
3.80998674326	5.36519302615	0.388412754835	-0.0	-0.0	0.01669558644	0.37687329563	0.000383352341311	31.4324687241	32.4573744317
3.81352187362	5.36974789916	0.388029633471	-0.0	-0.0	0.0169151308667	0.376736479398	0.000386634639142	31.8698737995	32.943864059
3.81440565621	5.37037037037	0.388286456432	-0.0	-0.0	0.0169067821467	0.376741669936	0.000386378168722	31.849647756	32.8996250294
3.81219619973	5.36892901619	0.388478721107	-0.0	-0.0	0.0168967420667	0.376747931136	0.000386417174797	31.8271427495	32.8589327611
3.81042863456	5.36873248209	0.388799943718	-0.0	-0.0	0.01688252576	0.376756794362	0.000386329912563	31.7947487725	32.7963886191
3.80998674326	5.36842105263	0.389031732302	-0.0	-0.0	0.0168722147467	0.376763220598	0.0003861802703	31.7711865307	32.7511146545
3.80866106938	5.36655247586	0.389422298882	-0.0	-0.0	0.0168547711067	0.376774092022	0.000385988165313	31.7315335046	32.6749736394
3.80821917808	5.36655247586	0.3898065558	-0.0	-0.0	0.01683766904	0.376784750381	0.000385711936402	31.6926051679	32.6002653785
3.80998674326	5.36791277259	0.390353374275	-0.0	-0.0	0.0168131410133	0.376800036434	0.000385073085247	31.6367965235	32.493726884
3.8068935042	5.36437246964	0.392291470454	-0.0	-0.0	0.01672814476	0.376852999637	0.000383790545302	31.4436916288	32.1227988319
3.80335837384	5.35834371108	0.400705984886	-0.0	-0.0	0.01636665716	0.377078219025	0.000377345072473	30.6277613808	30.5677453017
3.7980556783	5.3578553616	0.409159406789	-0.0	-0.0	0.01601647492	0.377296321002	0.000371276328724	29.8469506265	29.0952112721
3.78303137428	5.35104720225	0.417041878124	-0.0	-0.0	0.0157008088667	0.377492856393	0.000366803943301	29.1514870817	27.7971430168
3.77065841803	5.34639498433	0.425141494029	-0.0	-0.0	0.0153861453067	0.377688705892	0.000362080529994	28.465750996	26.531799505
3.76049491825	5.33961079724	0.433827251468	-0.0	-0.0	0.0150615938533	0.377890645155	0.000356912647364	27.7648006582	25.2503985235
3.74856385329	5.33322854448	0.44284596929	-0.0	-0.0	0.0147288175867	0.378097633942	0.00035179912515	27.0571208093	23.9832131801
3.74016791869	5.32473253619	0.452544879869	-0.0	-0.0	0.01438135024	0.378313685926	0.000346066832094	26.3278205428	22.6970410465
3.72956252762	5.31894106524	0.463119012226	-0.0	-0.0	0.0140122525067	0.378543107836	0.000340116769922	25.5636139825	21.3752685054
3.71011931065	5.31129389434	0.474522075853	-0.0	-0.0	0.0136243910667	0.378784100262	0.000334607260001	24.7725169905	20.0366073688
3.69951391958	5.30554675119	0.487068358031	-0.0	-0.0	0.0132094509467	0.37904181419	0.000327807154878	23.9403930714	18.6609949974
3.69465311533	5.29784537389	0.500717024933	-0.0	-0.0	0.01277572772	0.379311076761	0.000320109175203	23.0836554899	17.2755272988
3.67344233319	5.28017789072	0.515433711462	-0.0	-0.0	0.01231776044	0.379595262531	0.000313360536141	22.1976122455	15.8890941754
3.64604507291	5.27534377998	0.532028147792	-0.0	-0.0	0.01182521716	0.379900770856	0.000306510956821	21.2654444956	14.4641831765
3.62748563853	5.26033985252	0.550394187819	-0.0	-0.0	0.0113024593733	0.380224847842	0.000298345178892	20.2988481682	13.0329359532
3.60627485639	5.2463022508	0.566131397056	-0.0	-0.0	0.0108728496533	0.380491052085	0.000292108642086	19.522068017	11.9169350052
3.60760053027	5.24790996785	0.565509586575	-0.0	-0.0	0.0108816798667	0.380485581665	0.000292167209675	19.5381371343	11.9508074653
3.60627485639	5.24662379421	0.565289468035	-0.0	-0.0	0.0108864721867	0.380482612747	0.000292359821689	19.5464468602	11.9644189221
3.60980998674	5.24919614148	0.56471352822	-0.0	-0.0	0.0108968437467	0.380476187352	0.000292262911335	19.56472964	11.9979627063
3.60980998674	5.2501607717	0.563916447851	-0.0	-0.0	0.0109103873067	0.380467796737	0.000292512814944	19.5889496025	12.0438293008
3.60980998674	5.24943747991	0.562933967199	-0.0	-0.0	0.0109278105333	0.380457002393	0.000292831366777	19.6198765382	12.1011961239
3.6133451171	5.25192802057	0.560781866437	-0.0	-0.0	0.0109653968133	0.380433720214	0.000293236900992	19.6869786169	12.2271292674
3.62704374724	5.26130169926	0.541691403583	-0.0	-0.0	0.01131748792	0.380215535677	0.00029858852458	20.3215000032	13.4111476463
3.64648696421	5.27880921895	0.522787386861	-0.0	-0.0	0.0117002902933	0.379978233071	0.000304028574934	21.0239458646	14.7140436127
3.65488289881	5.28443592202	0.506271149656	-0.0	-0.0	0.01206754608	0.379750485222	0.000310084038252	21.7096387784	15.9778132352
3.67034909412	5.29834077856	0.49146478523	-0.0	-0.0	0.0124285490533	0.379526539705	0.000315411310399	22.3940431553	17.2292950519
3.68714096332	5.3088188475	0.477843234382	-0.0	-0.0	0.01279275704	0.37930050978	0.000320662914875	23.0948158949	18.4985393561
3.69421122404	5.31711195929	0.465161126886	-0.0	-0.0	0.0131643214933	0.379069837061	0.000326884735655	23.8202121989	19.7997646635
3.69995581087	5.32347328244	0.453550840947	-0.0	-0.0	0.0135363507067	0.378838789926	0.000333209591954	24.5566200446	21.1089075637
3.70923552806	5.33407501589	0.443504066316	-0.0	-0.0	0.01388941736	0.378619439896	0.000338849183511	25.2644219936	22.3521264109
3.71586389748	5.33852016513	0.434333147626	-0.0	-0.0	0.0142436939733	0.378399268149	0.000344745348408	25.9832031013	23.5962462911
3.72470172338	5.34337349398	0.426158323053	-0.0	-0.0	0.0145923324	0.37818250861	0.000350316409215	26.6982700453	24.8131118725
3.73486522316	5.35254988914	0.418544537019	-0.0	-0.0	0.0149523432267	0.37795860728	0.000355940139354	27.4435413443	26.0583941144
3.74635439682	5.35989879823	0.411679387093	-0.0	-0.0	0.01531051036	0.377735775222	0.000361374620217	28.1916381168	27.2887410595
3.74988952718	5.36326272526	0.405877790542	-0.0	-0.0	0.0156541339733	0.377521918595	0.000367269638307	28.9130964503	28.4440896852
3.76005302696	5.37314375987	0.400691292168	-0.0	-0.0	0.0160203404533	0.377293913915	0.000372848142688	29.6823123268	29.6253584342
3.76889085285	5.37665615142	0.396637436361	-0.0	-0.0	0.0163805580933	0.377069570396	0.000378339615328	30.4352608766	30.7206061494
3.77905435263	5.37229029218	0.393761259825	-0.0	-0.0	0.0167494498533	0.376839727499	0.000383724968154	31.1993428106	31.7437963525
3.78877596111	5.38297203896	0.391762483974	-0.0	-0.0	0.0171536889067	0.376587771485	0.000389647877554	32.0299200041	32.7695984052
3.78612461335	5.3807728558	0.39153356308	-0.0	-0.0	0.0172135081733	0.376550481163	0.000390935935842	32.1524738919	32.9158127703
3.78568272205	5.3807728558	0.391689507872	-0.0	-0.0	0.0172105263333	0.376552336704	0.000390917266482	32.1446995469	32.893666172
3.78435704817	5.38089252043	0.391865882178	-0.0	-0.0	0.0172006025333	0.376558514861	0.000390870793705	32.1224209317	32.8548392297
3.78391515687	5.38057825267	0.392118028367	-0.0	-0.0	0.01718904456	0.376565720814	0.000390703098102	32.0964389386	32.8053788243
3.78347326558	5.37932118165	0.392260276965	-0.0	-0.0	0.0171828699867	0.376569573928	0.000390632701786	32.082354281	32.7780832708
3.78258948299	5.38038352719	0.392584889566	-0.0	-0.0	0.01716859528	0.376578477974	0.000390455725615	32.0498443768	32.715476123
3.7817057004	5.37975479409	0.39300189318	-0.0	-0.0	0.0171501267867	0.376589991523	0.000390202438042	32.0080210716	32.6351069498
3.78082191781	5.37818296133	0.394992039592	-0.0	-0.0	0.01706294408	0.376644338292	0.000388663469467	31.8106014353	32.2555948696
3.77065841803	5.37429111531	0.40245439846	-0.0	-0.0	0.01674356016	0.376843397711	0.000383733630798	31.0924149279	30.8810104085
3.76049491825	5.37121212121	0.410699671134	-0.0	-0.0	0.0164037507733	0.377055106484	0.000378428735337	30.337052718	29.4459892381
3.75298276624	5.36800505849	0.418644231336	-0.0	-0.0	0.0160906825333	0.377250101162	0.000373316352742	29.6479311016	28.1436412273
3.74370304905	5.36245647357	0.426731808236	-0.0	-0.0	0.0157808553067	0.377443024918	0.000368458018243	28.9746185742	26.8851684751
3.7397260274	5.36133122029	0.434962429896	-0.0	-0.0	0.0154743623067	0.377633805035	0.000363148649414	28.3164374257	25.6692415953
3.72912063632	5.35129993659	0.443810786458	-0.0	-0.0	0.0151550994533	0.377832469617	0.000358249190214	27.6394859481	24.4319902455
3.72779496244	5.34717818643	0.453078889683	-0.0	-0.0	0.0148316887067	0.378033654858	0.000352389753634	26.962538961	23.2085432358
3.71144498453	5.33682872577	0.463041548022	-0.0	-0.0	0.0144959934	0.378242402948	0.000347721682976	26.2689859292	21.9700085347
3.70128148475	5.33205985355	0.47328097589	-0.0	-0.0	0.0141610572533	0.378450619045	0.000342481448992	25.5859969495	20.7698984332
3.69067609368	5.32090503505	0.484712089434	-0.0	-0.0	0.0137938848667	0.378678799095	0.000336670193443	24.8475417503	19.5036265045
3.67918692002	5.31269942565	0.497088499906	-0.0	-0.0	0.0134071160933	0.378919060268	0.00033055545131	24.0809954833	18.2189588438
3.67167476801	5.30533375918	0.510798161405	-0.0	-0.0	0.0129895113467	0.379178367763	0.000323487179553	23.2668841151	16.8909129271
3.6557666814	5.29408	0.524730140642	-0.0	-0.0	0.0125746587867	0.379435868494	0.000317218247827	22.4719666217	15.6337478408
3.63764913831	5.27733247836	0.540759777738	-0.0	-0.0	0.0121117381733	0.37972307394	0.000310245357976	21.6017004268	14.2977802142
3.61599646487	5.25779492125	0.559110377292	-0.0	-0.0	0.0115982158533	0.380041518215	0.000302610844578	20.655102972	12.897551688
3.58771542201	5.24418604651	0.578383774434	-0.0	-0.0	0.0110636225333	0.380372855305	0.000295108682945	19.6901713234	11.5474137004
3.56031816173	5.22308690013	0.602796891928	-0.0	-0.0	0.0104102220533	0.380777587738	0.000285293006845	18.5420194507	10.0176394352
3.53336279275	5.20110641067	0.632170251357	-0.0	-0.0	0.00965482125333	0.381245172215	0.000273562410013	17.2593788012	8.41107548788
3.51391957578	5.18187744459	0.661811389802	-0.0	-0.0	0.00892951114667	0.381693798629	0.000261759117307	16.0695276206	7.01645455571
