# C		CN		K0		e_x		e_y		e_z		n		overlap		p		q
3.41847105612	5.23037889039	0.736952840229	-0.0	-0.0	1.87240000048e-07	0.387337999664	0.000139262651476	5.58773893374	1.78241094761
3.46089262042	5.23653395785	0.65387633414	-0.0	-0.0	0.000531443826667	0.387012432469	0.000147110177394	6.1313462244	2.75879308171
3.49138311975	5.23921698739	0.574053590576	-0.0	-0.0	0.00134984762667	0.386510555773	0.000160239188177	7.00772713201	4.16866937967
3.51745470614	5.24670184697	0.528408270948	-0.0	-0.0	0.00212068413333	0.386037473402	0.000172394981731	7.87006882011	5.41340360753
3.53468846664	5.25509533202	0.499180999509	-0.0	-0.0	0.00286652962667	0.385579381407	0.000184301100674	8.73447914755	6.56696802476
3.5629695095	5.25440313112	0.478009278078	-0.0	-0.0	0.00361248325333	0.385120881129	0.000195437655544	9.62868397033	7.70864419616
3.57534246575	5.25959661679	0.462475667371	-0.0	-0.0	0.00433858268	0.384674255626	0.000207005462693	10.5275891696	8.8191871251
3.58771542201	5.25988334413	0.450771062645	-0.0	-0.0	0.00503626472	0.384244804112	0.00021802858983	11.4175380055	9.89330004725
3.60318161732	5.25660863959	0.441538008497	-0.0	-0.0	0.00572674384	0.383819491189	0.000228633248744	12.3215158244	10.9625392765
3.61997348652	5.26052039833	0.433993672379	-0.0	-0.0	0.00641326198667	0.383396326849	0.000239007674803	13.2435542695	12.0385218954
3.63588157313	5.26673070765	0.427972899363	-0.0	-0.0	0.00707321445333	0.382989263428	0.0002489077337	14.1511872623	13.084750577
3.65974370305	5.28120012767	0.422699849259	-0.0	-0.0	0.00772982676	0.382583994908	0.000258144243204	15.07650657	14.1492428808
3.67476800707	5.28921412663	0.418403199742	-0.0	-0.0	0.00836371930667	0.382192494071	0.00026758625292	15.9899447868	15.1889182119
3.6805125939	5.29011757229	0.414485093108	-0.0	-0.0	0.00898968749333	0.381805645162	0.000277550775224	16.9126808845	16.2429549393
3.69023420239	5.29464002537	0.411129447377	-0.0	-0.0	0.00960245564	0.381426720238	0.000286976916249	17.8341831356	17.2895717105
3.70835174547	5.30864197531	0.408179513128	-0.0	-0.0	0.01020852716	0.381051705988	0.000295627803042	18.7637946082	18.3413046101
3.71895713654	5.31573957016	0.405315439494	-0.0	-0.0	0.0108068733867	0.380681250814	0.000304776400567	19.7030688162	19.4138589299
3.72028281043	5.31721958926	0.402796084997	-0.0	-0.0	0.0114085767867	0.380308491461	0.000314716355702	20.6646745278	20.5046711024
3.73442333186	5.32870662461	0.40000259183	-0.0	-0.0	0.0121410528933	0.3798544204	0.000325749897094	21.8590555998	21.8588982254
3.74149359258	5.33385876419	0.398040944283	-0.0	-0.0	0.0127213886267	0.379494418866	0.000334833785309	22.824102286	22.9485779248
3.7565178966	5.33594976452	0.396259078199	-0.0	-0.0	0.0132863232	0.379143782896	0.000342939327213	23.7789729704	24.0271023355
3.77242598321	5.34628643059	0.394613037922	-0.0	-0.0	0.0138520024667	0.378792469927	0.000350943163358	24.7502653353	25.1228530776
3.78700839593	5.34946908182	0.393095833408	-0.0	-0.0	0.01442276032	0.378437809648	0.00035914028287	25.7459317734	26.2435105197
3.80026513478	5.3585905831	0.391487883124	-0.0	-0.0	0.0150851648267	0.378025947657	0.000368965247016	26.9210389324	27.5636585185
3.80998674326	5.35507921715	0.390416091192	-0.0	-0.0	0.0156255701333	0.377689738742	0.000377031722897	27.8926688059	28.6432190174
3.8152894388	5.35973904939	0.389284348159	-0.0	-0.0	0.0161585611733	0.377357968465	0.000385410031322	28.8656254313	29.7351841751
3.82412726469	5.36310077519	0.388309179776	-0.0	-0.0	0.01669558644	0.377023503438	0.000393438207622	29.8563679375	30.8386988591
3.82987185152	5.36253869969	0.387939374545	-0.0	-0.0	0.0169151308667	0.376886720344	0.000396511052338	30.2654579736	31.2931755276
3.8232434821	5.3620582765	0.388198829006	-0.0	-0.0	0.0169067821467	0.376891910974	0.000397028827265	30.2465776889	31.2512655573
3.82280159081	5.3617482951	0.388375826203	-0.0	-0.0	0.0168967420667	0.376898172402	0.000396887827495	30.2256194769	31.2143560104
3.82235969951	5.3617482951	0.388678582863	-0.0	-0.0	0.01688252576	0.376907024551	0.00039666630858	30.1955933113	31.1572933966
3.82147591692	5.3611283323	0.388899541047	-0.0	-0.0	0.0168722147467	0.376913447701	0.00039656335747	30.1737293612	31.1157431344
3.82412726469	5.36279069767	0.389260436681	-0.0	-0.0	0.0168547711067	0.376924324035	0.000395961816435	30.1369424603	31.0468491324
3.82191780822	5.36259305211	0.38962386319	-0.0	-0.0	0.01683766904	0.376934979826	0.000395869403463	30.1008282042	30.9785314799
3.82059213433	5.36197270471	0.390145409296	-0.0	-0.0	0.0168131410133	0.376950260513	0.000395546119278	30.0491183554	30.88078518
3.81573133009	5.35805150481	0.391965921685	-0.0	-0.0	0.01672814476	0.377003214699	0.00039444741355	29.8699448508	30.54255316
3.80600972161	5.35583203733	0.399902846123	-0.0	-0.0	0.01636665716	0.377228378475	0.000388635066603	29.1136436741	29.1215014761
3.79496243924	5.34984423676	0.407883489846	-0.0	-0.0	0.01601647492	0.377446427129	0.000383164672924	28.3894683023	27.7731775349
3.78789217852	5.34987515605	0.415320974543	-0.0	-0.0	0.0157008088667	0.377642908819	0.000377910849916	27.7437438838	26.5827817579
3.77905435263	5.34239300219	0.422937389511	-0.0	-0.0	0.0153861453067	0.377838717433	0.000372862239307	27.1074799835	25.4232519034
3.76712328767	5.33949264015	0.430977247293	-0.0	-0.0	0.0150615938533	0.378040608018	0.000367923885984	26.4586811078	24.2577220884
3.75386654883	5.32810539523	0.439510320918	-0.0	-0.0	0.0147288175867	0.378247546908	0.000362938586353	25.8012764857	23.0886487174
3.74723817941	5.32945614587	0.448676365018	-0.0	-0.0	0.01438135024	0.378463548055	0.00035704454459	25.1231682953	21.9005083993
3.73663278833	5.31656711726	0.458733000386	-0.0	-0.0	0.0140122525067	0.378692909569	0.000351116347775	24.412003524	20.673240459
3.7308882015	5.31224425559	0.469544234573	-0.0	-0.0	0.0136243910667	0.378933847752	0.000344364946038	23.6748381549	19.4294194329
3.7229341582	5.30541561713	0.481677265959	-0.0	-0.0	0.0132094509467	0.379191497569	0.000337320083828	22.8983143547	18.1353648181
3.71321254971	5.29760403531	0.49482462101	-0.0	-0.0	0.01277572772	0.37946070024	0.000330055159222	22.0998879538	16.8335991645
3.69067609368	5.28449367089	0.509088382607	-0.0	-0.0	0.01231776044	0.379744821871	0.000323461684214	21.2725963825	15.5233647661
3.67609368095	5.27633248731	0.525050166268	-0.0	-0.0	0.01182521716	0.380050248837	0.000315491448738	20.4002125133	14.1784439339
3.65399911622	5.25659777424	0.542613629857	-0.0	-0.0	0.0113024593733	0.380374243478	0.000307568548016	19.4946773041	12.8282415948
3.63985859479	5.24824729127	0.557611513702	-0.0	-0.0	0.0108728496533	0.380640384564	0.000300708551026	18.7669818964	11.7750657108
3.6389748122	5.24864520242	0.557012719296	-0.0	-0.0	0.0108816798667	0.380634919004	0.000300947675059	18.7820078373	11.8071293176
3.63985859479	5.24960153012	0.556811138677	-0.0	-0.0	0.0108864721867	0.380631950801	0.000300961307728	18.789829651	11.8196755826
3.64162615996	5.25183296143	0.556288661517	-0.0	-0.0	0.0108968437467	0.380625526955	0.000301005804699	18.8069076657	11.8502240113
3.64339372514	5.25175270873	0.555541002185	-0.0	-0.0	0.0109103873067	0.380617142479	0.00030111280284	18.8296720421	11.8929778394
3.64250994255	5.2497610704	0.5546071664	-0.0	-0.0	0.0109278105333	0.380606347728	0.000301509104414	18.8588151346	11.9469808931
3.64206805126	5.25175270873	0.552619133898	-0.0	-0.0	0.0109653968133	0.38058306548	0.000302243501012	18.9217471373	12.0630919814
3.65090587715	5.26218540937	0.534720066389	-0.0	-0.0	0.01131748792	0.380364935888	0.000308043149625	19.5171066243	13.1643113477
3.66283694211	5.27866242038	0.51691947472	-0.0	-0.0	0.0117002902933	0.380127692709	0.000314139842591	20.1752347243	14.3761574498
3.67874502872	5.28925619835	0.50131493827	-0.0	-0.0	0.01206754608	0.379899999209	0.000319581506537	20.816947072	15.5512019329
3.6889085285	5.2980952381	0.487231812381	-0.0	-0.0	0.0124285490533	0.379676103032	0.000325387929177	21.4573827972	16.7174464245
3.69863013699	5.30732635585	0.474230844791	-0.0	-0.0	0.01279275704	0.379450132787	0.000331273226619	22.1125502251	17.9004240836
3.71100309324	5.31917591125	0.46213599787	-0.0	-0.0	0.0131643214933	0.379219515673	0.000337042717356	22.7903443365	19.1107689172
3.71365444101	5.32077264091	0.4510429194	-0.0	-0.0	0.0135363507067	0.378988524233	0.000343686391157	23.4779336759	20.3277544046
3.72337604949	5.33301677746	0.44140575497	-0.0	-0.0	0.01388941736	0.378769227079	0.000349303921174	24.1381985247	21.4840286084
3.73177198409	5.33691529709	0.432609726601	-0.0	-0.0	0.0142436939733	0.378549100554	0.000355037917922	24.8080354094	22.639434683
3.73751657092	5.34101673508	0.424693583792	-0.0	-0.0	0.0145923324	0.378332401117	0.000360900830772	25.4743933519	23.7736838471
3.74414494034	5.34184799748	0.417294021173	-0.0	-0.0	0.0149523432267	0.37810855376	0.000366865768256	26.1689467608	24.9355191223
3.75033141847	5.34625078765	0.410682017249	-0.0	-0.0	0.01531051036	0.377885773324	0.000372808889241	26.8657018174	26.0778859696
3.76182059213	5.35451399811	0.405032364353	-0.0	-0.0	0.0156541339733	0.377671968792	0.000377921094701	27.538543281	27.1557282873
3.77640300486	5.36800754243	0.39989790613	-0.0	-0.0	0.0160203404533	0.377444030567	0.000383068510786	28.2572347757	28.2652492694
3.7817057004	5.37025415751	0.395987130633	-0.0	-0.0	0.0163805580933	0.377219734299	0.000388953395154	28.9608454484	29.2851137486
3.78612461335	5.37358845671	0.3931987807	-0.0	-0.0	0.0167494498533	0.376989944728	0.000394964135339	29.6752408099	30.2401425565
3.79142730888	5.37300344504	0.391281231207	-0.0	-0.0	0.0171536889067	0.376738057868	0.000401367312371	30.4506664549	31.1953593506
3.79452054795	5.37288666249	0.391061337058	-0.0	-0.0	0.0172135081733	0.376700766226	0.000402062522513	30.5652335226	31.3317697554
3.79275298277	5.37300344504	0.391161014868	-0.0	-0.0	0.0172105263333	0.376702622174	0.000402188720746	30.5584031277	31.3161373261
3.79275298277	5.37331663013	0.391389564236	-0.0	-0.0	0.0172006025333	0.376708805251	0.000402002277508	30.5373622111	31.2748063272
3.790101635	5.37143751957	0.391613239076	-0.0	-0.0	0.01718904456	0.376716004218	0.000402067838671	30.5131645387	31.2307027178
3.78877596111	5.37155388471	0.391748130895	-0.0	-0.0	0.0171828699867	0.376719860064	0.000402092378652	30.5001121651	31.2057007852
3.78877596111	5.37155388471	0.3920562719	-0.0	-0.0	0.01716859528	0.376728757141	0.000401824092678	30.4699504324	31.1482848858
3.79054352629	5.37280701754	0.392448051042	-0.0	-0.0	0.0171501267867	0.376740267916	0.000401291313259	30.4310854019	31.0748595786
3.78833406982	5.37198370417	0.394323040866	-0.0	-0.0	0.01706294408	0.376794601214	0.000399890681552	30.2477165224	30.7277305742
3.7817057004	5.36868528397	0.401364749078	-0.0	-0.0	0.01674356016	0.376993613018	0.000394597352426	29.5802910059	29.4683228073
3.77551922227	5.36600691172	0.409145438131	-0.0	-0.0	0.0164037507733	0.377205277621	0.000388873739593	28.8781300068	28.1518899019
3.76712328767	5.36100628931	0.416606129268	-0.0	-0.0	0.0160906825333	0.3774002272	0.000383882089678	28.2386272332	26.9596310559
3.76049491825	5.35736775819	0.424238995233	-0.0	-0.0	0.0157808553067	0.377593088277	0.000378767992827	27.6128544703	25.8024248862
3.74944763588	5.3518460082	0.431962582843	-0.0	-0.0	0.0154743623067	0.37778382981	0.000374158223758	27.0009630272	24.6859008845
3.73840035351	5.34196400379	0.440271971356	-0.0	-0.0	0.0151550994533	0.377982440074	0.000369316681485	26.3710410321	23.5473532019
3.72912063632	5.33480872589	0.449002464065	-0.0	-0.0	0.0148316887067	0.378183580245	0.000364220637756	25.7404862601	22.417662293
3.72381794079	5.32922201139	0.458337178273	-0.0	-0.0	0.0144959934	0.37839228239	0.000358508339167	25.0941571473	21.2752446802
3.71851524525	5.32636910415	0.467963667058	-0.0	-0.0	0.0141610572533	0.378600453096	0.000352812514553	24.4576162026	20.1645075323
3.71188687583	5.31887270424	0.478914896325	-0.0	-0.0	0.0137938848667	0.378828567757	0.000346642009208	23.768966439	18.9786482782
3.70349094123	5.31493815414	0.490880905839	-0.0	-0.0	0.0134071160933	0.379068775225	0.000340246625601	23.0536949009	17.7676391721
3.69244365886	5.30581136869	0.504140932833	-0.0	-0.0	0.0129895113467	0.379328023206	0.000333500814341	22.2931688469	16.5130255333
3.67609368095	5.29408020369	0.517689166298	-0.0	-0.0	0.0125746587867	0.379585458872	0.000327283961876	21.5501146984	15.31978643
3.664162616	5.28057324841	0.533015021276	-0.0	-0.0	0.0121117381733	0.379872595086	0.000319753315958	20.7350219928	14.0602173318
3.65002209456	5.26522154925	0.550458687336	-0.0	-0.0	0.0115982158533	0.380190961635	0.00031142644015	19.8477059638	12.7406682908
3.62527618206	5.24185303514	0.569070655615	-0.0	-0.0	0.0110636225333	0.380522219817	0.000303578725803	18.9439080827	11.454087502
3.60715863897	5.23005446972	0.592982570165	-0.0	-0.0	0.0104102220533	0.380926854688	0.000292945984126	17.8676344008	9.98063303512
3.57534246575	5.20534277438	0.621967696898	-0.0	-0.0	0.00965482125333	0.38139432645	0.000281530114184	16.6642140348	8.42218260167
3.55280600972	5.1874798322	0.650669369712	-0.0	-0.0	0.00892951114667	0.381842839526	0.00026996367402	15.551260779	7.08178892134
