# C		CN		K0		e_x		e_y		e_z		n		overlap		p		q
3.43437914273	5.23551212938	0.735592518664	-0.0	-0.0	1.87240000048e-07	0.387368317597	0.000130246532021	5.58523318482	1.79279667459
3.46840477243	5.24832663989	0.648628982794	-0.0	-0.0	0.000531443826667	0.387042766512	0.000138500124239	6.16340673256	2.82812273439
3.49403446752	5.24833997344	0.567177341589	-0.0	-0.0	0.00134984762667	0.386540914653	0.000151842046219	7.09773199397	4.31801600905
3.50950066284	5.25074429375	0.522498965141	-0.0	-0.0	0.00212068413333	0.386067855692	0.000164418127214	8.0162004899	5.61527809816
3.52054794521	5.25619016177	0.494424926721	-0.0	-0.0	0.00286652962667	0.385609786366	0.000176595235405	8.93747324338	6.81584436674
3.53115333628	5.26137112722	0.474133721694	-0.0	-0.0	0.00361248325333	0.385151308777	0.000188682205518	9.89217069057	8.01013074936
3.55192222713	5.2624508519	0.459552570148	-0.0	-0.0	0.00433858268	0.384704705376	0.000199736836047	10.8517945981	9.16806126464
3.56429518338	5.26003262643	0.448779765869	-0.0	-0.0	0.00503626472	0.384275275114	0.000210680888147	11.8008226604	10.2840287026
3.5797613787	5.26953125	0.439864416667	-0.0	-0.0	0.00572674384	0.383849983237	0.000221290970909	12.76852702	11.4145820458
3.59301811754	5.26798444588	0.432766730924	-0.0	-0.0	0.00641326198667	0.383426839838	0.000231862068549	13.7559507468	12.5478846737
3.6049491825	5.27946891192	0.427244807565	-0.0	-0.0	0.00707321445333	0.38301979656	0.000242007447109	14.7285104173	13.6466078044
3.62439239947	5.28465506125	0.422178302368	-0.0	-0.0	0.00772982676	0.382614549451	0.000251613973204	15.7239058886	14.7785097046
3.63146266019	5.29432624113	0.417948707738	-0.0	-0.0	0.00836371930667	0.382223070743	0.000261636948264	16.7070903608	15.8904034383
3.63764913831	5.30025773196	0.414375695534	-0.0	-0.0	0.00898968749333	0.381836236866	0.000271504657244	17.6957289274	17.0002040667
3.65620857269	5.30275817832	0.411096817776	-0.0	-0.0	0.00960245564	0.381457329724	0.000280266677402	18.6869116532	18.1179127022
3.67167476801	5.3050143724	0.408255604583	-0.0	-0.0	0.01020852716	0.381082335002	0.00028910796157	19.6856594474	19.2383266164
3.67874502872	5.31152250239	0.405733165167	-0.0	-0.0	0.0108068733867	0.380711900371	0.000298455649351	20.6908701095	20.3634442728
3.69111798498	5.31454950653	0.403422041895	-0.0	-0.0	0.0114085767867	0.380339157253	0.000307424307984	21.7212850737	21.5155917652
3.70216526734	5.3229497775	0.400859179478	-0.0	-0.0	0.0121410528933	0.379885104746	0.000318651909889	23.0015946014	22.9467511295
3.7140963323	5.3326984127	0.399084768737	-0.0	-0.0	0.0127213886267	0.379525124943	0.000327250735649	24.0355254117	24.0966933489
3.72867874503	5.33765822785	0.397412843623	-0.0	-0.0	0.0132863232	0.379174498203	0.000335360623509	25.0601158944	25.2407307561
3.7392841361	5.34639696587	0.395879364034	-0.0	-0.0	0.0138520024667	0.378823211193	0.000343844203717	26.103720667	26.4038836537
3.74591250552	5.3532385466	0.394479652139	-0.0	-0.0	0.01442276032	0.378468568011	0.000352753584269	27.1724696319	27.5917119373
3.76093680954	5.36042848141	0.393003255863	-0.0	-0.0	0.0150851648267	0.378056735053	0.000362381704762	28.4330621867	28.989999857
3.77065841803	5.36003770028	0.39195075798	-0.0	-0.0	0.0156255701333	0.377720534125	0.000370445148908	29.4762461033	30.1412532144
3.7812638091	5.36617508629	0.390957130472	-0.0	-0.0	0.0161585611733	0.377388776341	0.000378287962154	30.519807035	31.2942175639
3.78921785241	5.36904761905	0.389999588801	-0.0	-0.0	0.01669558644	0.377054331049	0.000386414153677	31.5834636897	32.4706765265
3.78921785241	5.36955840902	0.389687065544	-0.0	-0.0	0.0169151308667	0.376917549323	0.000390050167699	32.0208240285	32.9487588952
3.78789217852	5.37147335423	0.389945953525	-0.0	-0.0	0.0169067821467	0.376922740732	0.000390020244513	32.0005801882	32.9043859732
3.78700839593	5.37084639498	0.390122149261	-0.0	-0.0	0.0168967420667	0.37692899645	0.000389925589144	31.9780561945	32.86522226
3.78568272205	5.3706491063	0.390429909409	-0.0	-0.0	0.01688252576	0.376937858898	0.000389795695806	31.9457276258	32.8040868974
3.78479893946	5.37002195045	0.390653854035	-0.0	-0.0	0.0168722147467	0.37694428903	0.000389691525428	31.9221429602	32.7595867276
3.78479893946	5.37033552838	0.391029194309	-0.0	-0.0	0.0168547711067	0.376955157295	0.000389363791909	31.8824672438	32.6849421246
3.78524083076	5.37002195045	0.391400537497	-0.0	-0.0	0.01683766904	0.376965808238	0.000388995769799	31.843488363	32.611484546
3.78789217852	5.37284415177	0.391990820876	-0.0	-0.0	0.0168131410133	0.37698109417	0.000388209447166	31.785183042	32.4986803631
3.78435704817	5.37139272271	0.393838049658	-0.0	-0.0	0.01672814476	0.377034046192	0.000386979238443	31.5925187082	32.1370008197
3.77507733098	5.36326530612	0.401846669213	-0.0	-0.0	0.01636665716	0.377259195086	0.000381143482293	30.7783989721	30.6208402546
3.76756517897	5.35563933396	0.409906504936	-0.0	-0.0	0.01601647492	0.377477234552	0.000375315284801	29.99798662	29.1814873398
3.76358815731	5.35314465409	0.417388515327	-0.0	-0.0	0.0157008088667	0.377673712845	0.00036977193303	29.3020681266	27.9135630052
3.75165709236	5.34845620668	0.425090602393	-0.0	-0.0	0.0153861453067	0.377869505444	0.000365025046223	28.6155901891	26.6752872777
3.74591250552	5.34805932471	0.433307614901	-0.0	-0.0	0.0150615938533	0.378071386038	0.000359473483298	27.915356493	25.4247683711
3.74149359258	5.34311868687	0.441930670418	-0.0	-0.0	0.0147288175867	0.378278314688	0.000353603689987	27.2031729003	24.1757545536
3.72602739726	5.3371320038	0.451301633926	-0.0	-0.0	0.01438135024	0.378494298321	0.00034852214001	26.4711668248	22.9023352849
3.71542200619	5.32826362484	0.461460473697	-0.0	-0.0	0.0140122525067	0.378723659158	0.000342613543411	25.7069815428	21.5987438509
3.70216526734	5.3180952381	0.47246384215	-0.0	-0.0	0.0136243910667	0.3789645736	0.00033657951575	24.9153950416	20.2739236183
3.68714096332	5.3089405027	0.48465124535	-0.0	-0.0	0.0132094509467	0.379222220624	0.000330183238404	24.0818512769	18.9060118349
3.67609368095	5.30019120459	0.497844099725	-0.0	-0.0	0.01277572772	0.379491402344	0.000323060927512	23.2255124418	17.5320394931
3.65355722492	5.28653661657	0.512190790816	-0.0	-0.0	0.01231776044	0.379775515556	0.000316472710726	22.3382806297	16.1483671468
3.62660185594	5.26869983949	0.528058586022	-0.0	-0.0	0.01182521716	0.38008092677	0.00030955686871	21.4018533946	14.737128443
3.60273972603	5.24919510625	0.545584306397	-0.0	-0.0	0.0113024593733	0.3804049051	0.000301804526448	20.4317356592	13.3195878242
3.59346000884	5.23502897618	0.560575100767	-0.0	-0.0	0.0108728496533	0.380671032405	0.000294583554965	19.6526244222	12.2139193634
3.59522757402	5.23663876368	0.559961948581	-0.0	-0.0	0.0108816798667	0.380665568643	0.000294606033601	19.6688138181	12.2481186959
3.59522757402	5.23663876368	0.559753578568	-0.0	-0.0	0.0108864721867	0.380662600587	0.000294692780173	19.67720917	12.2615593324
3.59522757402	5.23728267869	0.559216287679	-0.0	-0.0	0.0108968437467	0.380656177058	0.000294880840686	19.6955102051	12.2941747666
3.59478568272	5.23728267869	0.558450793731	-0.0	-0.0	0.0109103873067	0.380647792962	0.000295166286929	19.719769123	12.3396124633
3.5969951392	5.23889246619	0.557493772551	-0.0	-0.0	0.0109278105333	0.380636997673	0.00029530875817	19.7510714836	12.3971965942
3.59522757402	5.2400128866	0.555460101895	-0.0	-0.0	0.0109653968133	0.380613717685	0.000296146414512	19.8184064693	12.5207088027
3.60406539991	5.24983902125	0.537180391712	-0.0	-0.0	0.01131748792	0.380395598887	0.000301923523546	20.4559722738	13.6920614059
3.61908970393	5.26398713826	0.519024380997	-0.0	-0.0	0.0117002902933	0.380158367448	0.000307744813443	21.1613069861	14.9820842116
3.6301369863	5.2759396081	0.503218429498	-0.0	-0.0	0.01206754608	0.379930685215	0.000313586476219	21.8492222605	16.2292038747
3.64206805126	5.28690629012	0.489011616761	-0.0	-0.0	0.0124285490533	0.379706804677	0.000319224308376	22.5357352699	17.4651622926
3.65885992046	5.30131284022	0.475927073142	-0.0	-0.0	0.01279275704	0.379480841056	0.000324483749766	23.2384389758	18.7185657589
3.67300044189	5.31509916827	0.463685706175	-0.0	-0.0	0.0131643214933	0.379250235354	0.000330103168464	23.9658177391	20.0063317339
3.6805125939	5.32214765101	0.452564966408	-0.0	-0.0	0.0135363507067	0.379019255344	0.000336295016301	24.7036746108	21.2956450489
3.68758285462	5.32726692209	0.442906723744	-0.0	-0.0	0.01388941736	0.378799969042	0.000342160764721	25.4130194691	22.5219874657
3.69376933274	5.33727243692	0.434056734768	-0.0	-0.0	0.0142436939733	0.37857985341	0.000348106336481	26.1328855445	23.7508012487
3.70216526734	5.34205488194	0.426168974431	-0.0	-0.0	0.0145923324	0.378363167669	0.000353716174615	26.8484872449	24.9519721499
3.71807335395	5.34806102988	0.418783995423	-0.0	-0.0	0.0149523432267	0.378139328417	0.000358781499273	27.5941242499	26.1837603717
3.72514361467	5.35185773261	0.412206281796	-0.0	-0.0	0.01531051036	0.377916562706	0.000364620184221	28.3421632934	27.3940432278
3.73530711445	5.35530903328	0.406669350002	-0.0	-0.0	0.0156541339733	0.37770275918	0.00036983154111	29.0625665932	28.5281147874
3.7392841361	5.35994930292	0.401679194018	-0.0	-0.0	0.0160203404533	0.377474828165	0.000376005502978	29.8308010981	29.691916606
3.74458683164	5.36277302944	0.397865159279	-0.0	-0.0	0.0163805580933	0.377250543224	0.00038183714648	30.5817597857	30.7635442815
3.75077330977	5.36421119191	0.395201082827	-0.0	-0.0	0.0167494498533	0.377020773703	0.000387625877638	31.3438396527	31.7639030699
3.75695978789	5.37061611374	0.393367945077	-0.0	-0.0	0.0171536889067	0.376768890263	0.000393900329259	32.1722941571	32.769384144
3.75872735307	5.37314375987	0.39316355399	-0.0	-0.0	0.0172135081733	0.37673160792	0.00039472977814	32.294523823	32.9124950992
3.76314626602	5.37428932407	0.393262978611	-0.0	-0.0	0.0172105263333	0.376733466404	0.00039420613068	32.2871521975	32.8959293442
3.76005302696	5.37345971564	0.393494750835	-0.0	-0.0	0.0172006025333	0.376739651546	0.000394344115815	32.2645198553	32.8517889485
3.75916924437	5.37144662034	0.393724362815	-0.0	-0.0	0.01718904456	0.376746855131	0.000394223089314	32.2385228309	32.8044615059
3.75872735307	5.37156398104	0.393860489207	-0.0	-0.0	0.0171828699867	0.376750703441	0.00039415427611	32.2245395232	32.7778778534
3.75828546178	5.36998420221	0.394174477717	-0.0	-0.0	0.01716859528	0.376759600079	0.000393933864359	32.1921257485	32.7164527969
3.7560760053	5.37041719343	0.394574228435	-0.0	-0.0	0.0171501267867	0.376771104953	0.000393821769582	32.1503794773	32.6378756772
3.7560760053	5.36935229068	0.396483124323	-0.0	-0.0	0.01706294408	0.376825442696	0.000392196775949	31.9533371838	32.2667170771
3.74723817941	5.36625514403	0.403643039617	-0.0	-0.0	0.01674356016	0.377024442849	0.000387158272303	31.2361114616	30.9212902697
3.74326115776	5.36352121596	0.411572373851	-0.0	-0.0	0.0164037507733	0.377236099827	0.000381225288533	30.4810738692	29.5136839167
3.73751657092	5.35773130545	0.419128117994	-0.0	-0.0	0.0160906825333	0.37743103691	0.00037597753251	29.7934509542	28.2433606182
3.72602739726	5.35195176135	0.426889714272	-0.0	-0.0	0.0157808553067	0.377623895661	0.000371361119853	29.1205997924	27.0085777368
3.71851524525	5.35135135135	0.434845835992	-0.0	-0.0	0.0154743623067	0.377814620537	0.00036641413696	28.4624927568	25.8101855091
3.70967741935	5.3449044586	0.443404840338	-0.0	-0.0	0.0151550994533	0.378013229511	0.000361352246526	27.7848860092	24.5890190562
3.70083959346	5.34098883573	0.452287202066	-0.0	-0.0	0.0148316887067	0.378214354192	0.000356209635663	27.1069481021	23.3860473336
3.68979231109	5.33109833972	0.461801134556	-0.0	-0.0	0.0144959934	0.378423047595	0.000351048990045	26.4121425015	22.1693205864
3.68272205038	5.32226125838	0.471554817323	-0.0	-0.0	0.0141610572533	0.378631203411	0.00034552765379	25.727956042	20.9908090436
3.67609368095	5.31575583253	0.482626915237	-0.0	-0.0	0.0137938848667	0.378859305762	0.000339355546905	24.9878782646	19.7349402795
3.66106937693	5.30377720871	0.494747947801	-0.0	-0.0	0.0134071160933	0.379099502365	0.000333562280729	24.219729689	18.4525157696
3.64958020327	5.29423076923	0.508140351717	-0.0	-0.0	0.0129895113467	0.379358739227	0.000326862583729	23.4040634236	17.1278449241
3.64825452939	5.29111894838	0.521762571493	-0.0	-0.0	0.0125746587867	0.379616157391	0.000319310519538	22.6074604666	15.8721811606
3.62527618206	5.27290260366	0.537240204124	-0.0	-0.0	0.0121117381733	0.379903277494	0.000312747146209	21.7340262275	14.5447990262
3.60273972603	5.25636891325	0.5548183481	-0.0	-0.0	0.0115982158533	0.380221630745	0.000305153235883	20.7845650152	13.1580575046
3.58329650906	5.24006462036	0.573636463337	-0.0	-0.0	0.0110636225333	0.380552875033	0.000296882768802	19.8170195076	11.804630541
3.56650463986	5.22506476684	0.597451432197	-0.0	-0.0	0.0104102220533	0.3809574884	0.000286184365793	18.665485968	10.2698366734
3.53424657534	5.2030589001	0.626174956979	-0.0	-0.0	0.00965482125333	0.381424938509	0.000274828371989	17.3781716765	8.65282396974
3.50463985859	5.17929457871	0.655189860615	-0.0	-0.0	0.00892951114667	0.381873434584	0.000263764171798	16.1863669537	7.24715083953
