# C		CN		K0		e_x		e_y		e_z		n		overlap		p		q
3.45691559876	5.24170298357	0.736330950168	-0.0	-0.0	1.87240000048e-07	0.387415382812	0.000129903672131	5.5849595043	1.78663443512
3.48342907645	5.25350233489	0.64944507562	-0.0	-0.0	0.000531443826667	0.387089856737	0.000138435873518	6.16319988319	2.81945625086
3.51171011931	5.25231481481	0.569576295728	-0.0	-0.0	0.00134984762667	0.386588043432	0.000151584237396	7.09437447186	4.28242513208
3.52231551038	5.25470141867	0.526225650943	-0.0	-0.0	0.00212068413333	0.386115020814	0.00016429249704	8.00730549767	5.54506108823
3.53910737958	5.26217105263	0.498856347209	-0.0	-0.0	0.00286652962667	0.385656986679	0.000176046243199	8.92121659038	6.71389496888
3.56562085727	5.26477309827	0.47950235897	-0.0	-0.0	0.00361248325333	0.385198544313	0.000187191341438	9.86753194369	7.86525992375
3.58152894388	5.27033181522	0.465129851777	-0.0	-0.0	0.00433858268	0.384751975221	0.000198456415866	10.8202887374	8.99482504371
3.58373840035	5.26909327267	0.454244351538	-0.0	-0.0	0.00503626472	0.38432257795	0.000209944409001	11.7639242597	10.0921133604
3.59964648696	5.27576150356	0.445551302978	-0.0	-0.0	0.00572674384	0.383897318747	0.000220420755984	12.7233157634	11.1909726494
3.60671674768	5.28358692133	0.438483759407	-0.0	-0.0	0.00641326198667	0.383474207856	0.00023129447272	13.7025923735	12.2978603713
3.62704374724	5.29161290323	0.432908096863	-0.0	-0.0	0.00707321445333	0.383067196469	0.00024083990458	14.6678187772	13.3743097952
3.63985859479	5.29495014474	0.428093576826	-0.0	-0.0	0.00772982676	0.382661977156	0.000250801017343	15.6534748689	14.468890389
3.65046398586	5.2987804878	0.423953637826	-0.0	-0.0	0.00836371930667	0.382270527129	0.00026049845836	16.6277802632	15.5500859668
3.66283694211	5.29772945315	0.420412584428	-0.0	-0.0	0.00898968749333	0.381883727081	0.000269905901898	17.6101861141	16.6338049321
3.6721166593	5.30162783275	0.417262042665	-0.0	-0.0	0.00960245564	0.381504849048	0.00027933572878	18.5930696269	17.7183077098
3.67786124613	5.30401529637	0.414336339179	-0.0	-0.0	0.01020852716	0.381129883135	0.000288916976895	19.5858442448	18.8181034962
3.69465311533	5.31246026701	0.411816169453	-0.0	-0.0	0.0108068733867	0.380759475026	0.000297461496131	20.5841236415	19.9172526725
3.70790985418	5.32370675976	0.409607383136	-0.0	-0.0	0.0114085767867	0.380386762481	0.000306274914577	21.6058264627	21.0353180855
3.72646928856	5.33628879037	0.407136705502	-0.0	-0.0	0.0121410528933	0.379932744331	0.000316768277273	22.87559216	22.4256699944
3.73442333186	5.34250474383	0.405304628772	-0.0	-0.0	0.0127213886267	0.379572793502	0.000325631344492	23.9014894364	23.5513627373
3.74944763588	5.34804539723	0.403765227028	-0.0	-0.0	0.0132863232	0.379222192905	0.000333588780605	24.9143947999	24.6549016543
3.76137870084	5.35305223411	0.402228856273	-0.0	-0.0	0.0138520024667	0.378870938552	0.000341845828394	25.9467189517	25.7864727267
3.77242598321	5.36235072282	0.40087499965	-0.0	-0.0	0.01442276032	0.378516316946	0.000350220214575	27.003694472	26.9381242674
3.78303137428	5.36563185952	0.399307039429	-0.0	-0.0	0.0150851648267	0.378104512885	0.000360163620439	28.2525891183	28.3070141629
3.79186920018	5.37112433448	0.398320509645	-0.0	-0.0	0.0156255701333	0.377768340527	0.000368181899667	29.2831665308	29.4200352632
3.80733539549	5.37316692668	0.397250038276	-0.0	-0.0	0.0161585611733	0.37743660823	0.000375439872827	30.3158038905	30.5480894764
3.81749889527	5.37640099626	0.396436234349	-0.0	-0.0	0.01669558644	0.37710218617	0.000383240114892	31.3660647295	31.6778027535
3.82103402563	5.37791601866	0.396018166687	-0.0	-0.0	0.0169151308667	0.376965417414	0.000386508526236	31.801492727	32.1548009741
3.82147591692	5.37729393468	0.396282878098	-0.0	-0.0	0.0169067821467	0.376970613731	0.000386296544307	31.7812591288	32.1107723251
3.82412726469	5.37990043559	0.396467673723	-0.0	-0.0	0.0168967420667	0.376976874167	0.000385843243574	31.7588114129	32.0716572839
3.82059213433	5.37772246422	0.396790647133	-0.0	-0.0	0.01688252576	0.376985731192	0.00038593470415	31.7265949101	32.0104455464
3.81882456916	5.37721755369	0.397013869681	-0.0	-0.0	0.0168722147467	0.376992150642	0.000385920768114	31.7033295829	31.967177994
3.81749889527	5.37597261127	0.397407526937	-0.0	-0.0	0.0168547711067	0.377003022497	0.000385727598344	31.6637410643	31.8924203245
3.81749889527	5.37597261127	0.397789174997	-0.0	-0.0	0.01683766904	0.377013670879	0.000385407466816	31.6250375413	31.8197308659
3.81440565621	5.37453300125	0.398338584534	-0.0	-0.0	0.0168131410133	0.377028950487	0.000385260192634	31.569522833	31.7154869895
3.81307998232	5.37507788162	0.400247689175	-0.0	-0.0	0.01672814476	0.377081905334	0.000383801748113	31.3774674089	31.3558848514
3.80070702607	5.37039350406	0.408555574796	-0.0	-0.0	0.01636665716	0.377307034376	0.000378254696638	30.5663647505	29.846780756
3.77949624392	5.36144200627	0.416901981108	-0.0	-0.0	0.01601647492	0.377525054661	0.00037379675594	29.7904728738	28.4175943652
3.7728678745	5.35718769617	0.424667047389	-0.0	-0.0	0.0157008088667	0.377721522844	0.000368535632538	29.0988047955	27.1581559996
3.76623950508	5.3534401508	0.432681747747	-0.0	-0.0	0.0153861453067	0.377917300401	0.000363284602251	28.4167611449	25.9274087431
3.75563411401	5.34801762115	0.441193600966	-0.0	-0.0	0.0150615938533	0.378119162214	0.000358209810253	27.7212982429	24.6880750652
3.75165709236	5.34708661417	0.450147217189	-0.0	-0.0	0.0147288175867	0.378326078239	0.000352360818785	27.0169727732	23.4521936081
3.73398144057	5.33807266983	0.459829090832	-0.0	-0.0	0.01438135024	0.378542052103	0.00034751414996	26.2909917185	22.1939963612
3.72116659302	5.33217226092	0.470428582664	-0.0	-0.0	0.0140122525067	0.378771388496	0.000341800720779	25.5305145304	20.8983396718
3.71365444101	5.32720355105	0.481907273838	-0.0	-0.0	0.0136243910667	0.379012292398	0.000335231632736	24.7426736397	19.5828051895
3.69553689792	5.31468531469	0.494628132777	-0.0	-0.0	0.0132094509467	0.37926990474	0.000329104886259	23.9134535811	18.2256859972
3.6805125939	5.30994897959	0.508303505957	-0.0	-0.0	0.01277572772	0.379539078341	0.000322332115764	23.0619083643	16.8691164243
3.65753424658	5.30172966047	0.522896994151	-0.0	-0.0	0.01231776044	0.379823157114	0.000315792472424	22.1816756269	15.5190759825
3.64339372514	5.28534786791	0.538999407184	-0.0	-0.0	0.01182521716	0.380128552804	0.000307852034368	21.2534363624	14.1451188923
3.6305788776	5.27223113965	0.556613758517	-0.0	-0.0	0.0113024593733	0.380452510746	0.000299226992831	20.2892362155	12.7709412957
3.61953159523	5.26229508197	0.571711808921	-0.0	-0.0	0.0108728496533	0.380718617205	0.000292155279822	19.5132766648	11.6971361544
3.61864781264	5.26133076181	0.571144952532	-0.0	-0.0	0.0108816798667	0.380713148794	0.000292390619078	19.5291593013	11.728354579
3.61820592134	5.26100932176	0.570903193394	-0.0	-0.0	0.0108864721867	0.380710180966	0.000292512202703	19.537563006	11.7426663023
3.61953159523	5.26197364192	0.570330881761	-0.0	-0.0	0.0108968437467	0.380703757931	0.000292592671522	19.5558361944	11.775618695
3.61908970393	5.26133076181	0.56954612331	-0.0	-0.0	0.0109103873067	0.380695370398	0.000292877474114	19.5799535582	11.8203414479
3.61820592134	5.26237942122	0.568560062987	-0.0	-0.0	0.0109278105333	0.38068458002	0.000293263645343	19.6108412579	11.8770583098
3.61953159523	5.26495176849	0.566421137767	-0.0	-0.0	0.0109653968133	0.380661301819	0.000293847976332	19.6778666621	12.0007566472
3.62748563853	5.27167630058	0.547426604511	-0.0	-0.0	0.01131748792	0.380443205836	0.000299675517132	20.3113191105	13.1642101945
3.6385329209	5.2836970475	0.528683591623	-0.0	-0.0	0.0117002902933	0.380205986564	0.000305792029168	21.0116779759	14.4405170038
3.64781263809	5.29143956396	0.51236307698	-0.0	-0.0	0.01206754608	0.379978325121	0.000311743562309	21.694262788	15.674599055
3.66327883341	5.30675632405	0.497730622091	-0.0	-0.0	0.0124285490533	0.379754451748	0.000317026526136	22.375123554	16.8958521558
3.67697746354	5.31809462916	0.484254990686	-0.0	-0.0	0.01279275704	0.379528512223	0.000322505676233	23.0719940129	18.1344253466
3.6893504198	5.33067092652	0.4717508115	-0.0	-0.0	0.0131643214933	0.379297924238	0.000328228759627	23.7932281766	19.4011983227
3.69376933274	5.33588761175	0.460359959624	-0.0	-0.0	0.0135363507067	0.379066961973	0.000334652961569	24.5250408632	20.6714585125
3.70525850641	5.34545454545	0.450451771275	-0.0	-0.0	0.01388941736	0.378847697045	0.000340064654186	25.2283655357	21.8804425634
3.7140963323	5.35	0.441455440582	-0.0	-0.0	0.0142436939733	0.378627599545	0.000345697408545	25.9406231998	23.0849915964
3.71763146266	5.35541401274	0.433401791198	-0.0	-0.0	0.0145923324	0.378410926759	0.000351720916956	26.6496831165	24.2655352626
3.72205037561	5.35932527053	0.425902540023	-0.0	-0.0	0.0149523432267	0.378187108855	0.000357837214893	27.3882960346	25.4727962829
3.73619089704	5.36487773896	0.419269101672	-0.0	-0.0	0.01531051036	0.377964352932	0.000362953321491	28.1285332385	26.654504671
3.73795846222	5.36378052648	0.413644108022	-0.0	-0.0	0.0156541339733	0.377750573701	0.000368987816888	28.8437345629	27.7668737079
3.74679628811	5.36617041495	0.408555042303	-0.0	-0.0	0.0160203404533	0.377522653444	0.000374672012643	29.6064674985	28.9095240826
3.75695978789	5.36383717261	0.404690823371	-0.0	-0.0	0.0163805580933	0.377298385733	0.000380019836998	30.3528625437	29.9594134412
3.76800707026	5.37527593819	0.401974365353	-0.0	-0.0	0.0167494498533	0.37706864175	0.000385310632156	31.1107336126	30.9404849977
3.77110030932	5.38075709779	0.400145984294	-0.0	-0.0	0.0171536889067	0.376816769775	0.000391874365081	31.9332445747	31.9202973633
3.77198409191	5.38095238095	0.399876074974	-0.0	-0.0	0.0172135081733	0.376779490297	0.000392803530598	32.0556095202	32.0666457405
3.77198409191	5.38095238095	0.40004106728	-0.0	-0.0	0.0172105263333	0.376781340482	0.000392739004142	32.0478721353	32.0442164162
3.76977463544	5.38150836226	0.400220461765	-0.0	-0.0	0.0172006025333	0.376787533304	0.000392784201193	32.025551948	32.0059445018
3.76977463544	5.3811928053	0.400467024605	-0.0	-0.0	0.01718904456	0.376794730568	0.000392570770712	31.9997503838	31.95825894
3.77021652673	5.38150836226	0.400602956413	-0.0	-0.0	0.0171828699867	0.37679858435	0.000392409191903	31.9857618133	31.9322254017
3.77021652673	5.38194444444	0.40093204218	-0.0	-0.0	0.01716859528	0.376807480304	0.000392142339078	31.9535238237	31.8708815415
3.76800707026	5.38036616162	0.401345738699	-0.0	-0.0	0.0171501267867	0.376818984059	0.000392027622526	31.9119621773	31.7928481664
3.7644719399	5.37626262626	0.403326208084	-0.0	-0.0	0.01706294408	0.376873317864	0.000390767254137	31.7157719679	31.4238141564
3.75916924437	5.37132933375	0.410744811096	-0.0	-0.0	0.01674356016	0.377072294075	0.000385351786512	31.0019631217	30.0875735109
3.74679628811	5.37305863708	0.418931130964	-0.0	-0.0	0.0164037507733	0.377283943446	0.000380262533432	30.2511110377	28.6930842021
3.7397260274	5.37004125674	0.426789223674	-0.0	-0.0	0.0160906825333	0.377478865553	0.000375142320299	29.567456865	27.4308081125
3.73398144057	5.36999364272	0.43482940251	-0.0	-0.0	0.0157808553067	0.377671709673	0.000369950225588	28.8985910359	26.2068682026
3.72558550597	5.36302895323	0.443059928334	-0.0	-0.0	0.0154743623067	0.377862419711	0.000365088078424	28.2444959457	25.0204008094
3.71939902784	5.35646085296	0.451892010857	-0.0	-0.0	0.0151550994533	0.378061013427	0.000359761383367	27.5711349285	23.8135615464
3.71144498453	5.35149776928	0.461156321572	-0.0	-0.0	0.0148316887067	0.378262122656	0.000354531964184	26.8977090287	22.6190997484
3.69642068051	5.3383338653	0.471057872164	-0.0	-0.0	0.0144959934	0.378470795703	0.000349744537374	26.2079402262	21.4134770957
3.68581528944	5.33216112532	0.481223299242	-0.0	-0.0	0.0141610572533	0.378678936374	0.000344560722582	25.5292813791	20.2461504585
3.67609368095	5.32256	0.492681134718	-0.0	-0.0	0.0137938848667	0.378907029001	0.000338689429152	24.7954782785	19.0079373896
3.66593018118	5.31187960295	0.505062858726	-0.0	-0.0	0.0134071160933	0.379147202829	0.000332496561608	24.0341895668	17.7532374822
3.65797613787	5.30959255695	0.518751318138	-0.0	-0.0	0.0129895113467	0.379406419775	0.000325517813425	23.2257172429	16.4574203873
3.65002209456	5.30452939287	0.532597374858	-0.0	-0.0	0.0125746587867	0.379663821215	0.000318593696965	22.4362018618	15.2335361833
3.63102076889	5.28530073979	0.548356793711	-0.0	-0.0	0.0121117381733	0.379950916699	0.000311739644018	21.571338256	13.9397413633
3.622182943	5.27445302445	0.566161346377	-0.0	-0.0	0.0115982158533	0.380269248463	0.000303055488254	20.6292170329	12.5915534828
3.60627485639	5.25942636159	0.585176766233	-0.0	-0.0	0.0110636225333	0.380600463842	0.000294538473221	19.6683833888	11.2777512211
3.58373840035	5.23804909561	0.609191922912	-0.0	-0.0	0.0104102220533	0.381005047604	0.00028433409122	18.5231550953	9.78955734558
3.55634114008	5.21991566656	0.638215833296	-0.0	-0.0	0.00965482125333	0.381472460322	0.00027260008187	17.2419693834	8.22059139828
3.53247901016	5.19772357724	0.667437721083	-0.0	-0.0	0.00892951114667	0.381920921941	0.000261077044309	16.0552719968	6.86038031939
