# C		CN		K0		e_x		e_y		e_z		n		overlap		p		q
3.4790101635	5.30154986523	0.736770458938	-0.0	-0.0	1.87240000048e-07	0.384958620514	0.000128997295262	5.58681666142	1.78361535299
3.5125939019	5.30805212162	0.649956543647	-0.0	-0.0	0.000531443826667	0.384631788922	0.000137298450453	6.18440030981	2.82377043534
3.53733981441	5.30437665782	0.566790122432	-0.0	-0.0	0.00134984762667	0.384127963101	0.000150741042065	7.15487786246	4.35825711773
3.54529385771	5.30082644628	0.521668933807	-0.0	-0.0	0.00212068413333	0.383653043433	0.000163788891705	8.11255645596	5.69727773459
3.5634114008	5.29129720854	0.49348292791	-0.0	-0.0	0.00286652962667	0.383193172358	0.000175762786026	9.07566964142	6.94070549914
3.57357490057	5.29198036007	0.473919842325	-0.0	-0.0	0.00361248325333	0.382732891415	0.0001880005095	10.0724813423	8.16124542668
3.60185594344	5.29174788824	0.459909844383	-0.0	-0.0	0.00433858268	0.382284531364	0.000198805400367	11.0751053442	9.34705806562
3.61467079099	5.28973777922	0.44957490187	-0.0	-0.0	0.00503626472	0.381853412001	0.000209894721955	12.0687412931	10.4935452129
3.6305788776	5.28760064412	0.441401510773	-0.0	-0.0	0.00572674384	0.381426447301	0.00022062416988	13.0818908473	11.6435830726
3.63455589925	5.28245501285	0.434771253126	-0.0	-0.0	0.00641326198667	0.38100164063	0.000232003035844	14.1190579505	12.8060700504
3.64427750773	5.28470663674	0.429349848856	-0.0	-0.0	0.00707321445333	0.380592995206	0.000242590652642	15.1451916591	13.9494388254
3.66018559434	5.28544061303	0.42487868815	-0.0	-0.0	0.00772982676	0.380186151389	0.000252658047006	16.1912396957	15.1024028344
3.67653557225	5.28975826972	0.420915101653	-0.0	-0.0	0.00836371930667	0.379793131457	0.000262309990287	17.2276105926	16.2494606357
3.68360583297	5.29183867895	0.417564249095	-0.0	-0.0	0.00898968749333	0.379404780153	0.000272459492324	18.2744463349	17.3999110427
3.69597878922	5.28851629231	0.414631677135	-0.0	-0.0	0.00960245564	0.379024382635	0.000281987547101	19.3212845298	18.548561465
3.71056120194	5.29089190041	0.411994584912	-0.0	-0.0	0.01020852716	0.378647912926	0.000291220912953	20.3775083721	19.7074941019
3.72602739726	5.3036500944	0.409622696961	-0.0	-0.0	0.0108068733867	0.378276018	0.000300219129397	21.440052973	20.8730290485
3.74105170128	5.30803011292	0.407577980448	-0.0	-0.0	0.0114085767867	0.377901811997	0.000309272618381	22.5292279654	22.0589486816
3.76093680954	5.3178125	0.40517962708	-0.0	-0.0	0.0121410528933	0.377445973013	0.000320127916531	23.8846415758	23.5429592936
3.77772867875	5.32740879326	0.403650594182	-0.0	-0.0	0.0127213886267	0.37708457781	0.000328569680619	24.9764130096	24.7241618945
3.78921785241	5.33115671642	0.402087580979	-0.0	-0.0	0.0132863232	0.376732578505	0.000337239445751	26.0602963097	25.9095266393
3.79496243924	5.33333333333	0.400774356023	-0.0	-0.0	0.0138520024667	0.37637990273	0.000346396710772	27.1622690525	27.1038935378
3.8064516129	5.33725976441	0.399401957517	-0.0	-0.0	0.01442276032	0.376023866491	0.000355109249262	28.2935736958	28.3406070576
3.81882456916	5.34653465347	0.397994298035	-0.0	-0.0	0.0150851648267	0.375610403538	0.000365294835271	29.6284463981	29.7938868504
3.82456915599	5.34569045412	0.396940238684	-0.0	-0.0	0.0156255701333	0.375272888897	0.000373995506422	30.7350325653	30.997151098
3.83650022095	5.3467816446	0.395981897118	-0.0	-0.0	0.0161585611733	0.374939826193	0.000381942639509	31.8410955372	32.198080422
3.8400353513	5.34852216749	0.395111188734	-0.0	-0.0	0.01669558644	0.374604062938	0.00039077492349	32.970137982	33.4203188758
3.84224480778	5.35283251232	0.394768145116	-0.0	-0.0	0.0169151308667	0.374466747342	0.000394305952254	33.4360857361	33.9248513158
3.8400353513	5.35109331691	0.395038843104	-0.0	-0.0	0.0169067821467	0.374471959761	0.000394365079601	33.4149379897	33.8779814411
3.8404772426	5.35109331691	0.395190440763	-0.0	-0.0	0.0168967420667	0.37447824679	0.000394131152083	33.3912132484	33.839712838
3.84136102519	5.35047736372	0.395470092342	-0.0	-0.0	0.01688252576	0.374487140918	0.000393772113663	33.3574662216	33.7793291151
3.83870967742	5.34955343394	0.395702977774	-0.0	-0.0	0.0168722147467	0.374493581157	0.00039384792684	33.3328917593	33.7326676345
3.83826778612	5.34893748075	0.396025581393	-0.0	-0.0	0.0168547711067	0.37450450157	0.000393563734006	33.2915046557	33.660674851
3.83738400354	5.34832152756	0.396375952181	-0.0	-0.0	0.01683766904	0.374515198744	0.000393330427774	33.2508445643	33.5869274613
3.83605832965	5.346473668	0.396870370663	-0.0	-0.0	0.0168131410133	0.374530537165	0.000393001683554	33.1926125602	33.4821766305
3.83561643836	5.34421182266	0.398590551192	-0.0	-0.0	0.01672814476	0.37458369135	0.000391437138673	32.9911378348	33.1205052087
3.82898806894	5.34062885327	0.406090301167	-0.0	-0.0	0.01636665716	0.374809740144	0.000385244774453	32.1399752976	31.5999018391
3.82501104728	5.33703361085	0.413591198886	-0.0	-0.0	0.01601647492	0.375028624406	0.000378991473856	31.3246195765	30.1596041538
3.81882456916	5.33374498302	0.420552176831	-0.0	-0.0	0.0157008088667	0.375225883452	0.000373595856681	30.5971517588	28.8893776388
3.81131241715	5.33147804576	0.427665913542	-0.0	-0.0	0.0153861453067	0.375422446173	0.000368368314372	29.8805921805	27.6527592188
3.79982324348	5.3242489935	0.435239137238	-0.0	-0.0	0.0150615938533	0.375625120835	0.0003633126741	29.149234507	26.4034290914
3.79628811312	5.3209417596	0.443216343352	-0.0	-0.0	0.0147288175867	0.375832861362	0.000357303788128	28.4069628129	25.1530829709
3.78877596111	5.31205453982	0.451731459311	-0.0	-0.0	0.01438135024	0.376049703432	0.000351398847435	27.6414450734	23.8853112472
3.77375165709	5.31331673927	0.461098323948	-0.0	-0.0	0.0140122525067	0.376279959576	0.000345789769028	26.8393609537	22.5738245116
3.76579761379	5.30644658985	0.471234293259	-0.0	-0.0	0.0136243910667	0.37652182962	0.000339189158188	26.0090003923	21.2399843727
3.7644719399	5.30417185554	0.482476639017	-0.0	-0.0	0.0132094509467	0.376780482061	0.000331497485988	25.1350793749	19.8600000856
3.75209898365	5.29074478031	0.494729624572	-0.0	-0.0	0.01277572772	0.377050728231	0.000324415821258	24.2366277354	18.4663998525
3.73795846222	5.284375	0.508142900407	-0.0	-0.0	0.01231776044	0.377335953298	0.00031703351755	23.3053794679	17.0554933413
3.72691117985	5.27360850532	0.523049805442	-0.0	-0.0	0.01182521716	0.377642566773	0.000308713334855	22.3217434627	15.6097383981
3.70304904993	5.25792281142	0.539644770411	-0.0	-0.0	0.0113024593733	0.377967822443	0.000300872267012	21.300867198	14.1480521354
3.68404772426	5.24740321058	0.553776503244	-0.0	-0.0	0.0108728496533	0.378234997619	0.00029438135968	20.4799900136	13.0084311938
3.68846663721	5.2491349481	0.553168567257	-0.0	-0.0	0.0108816798667	0.378229507278	0.000294197850827	20.4968926928	13.0444302272
3.68581528944	5.2492917847	0.553046839523	-0.0	-0.0	0.0108864721867	0.378226527547	0.000294492450308	20.5054610592	13.0549472494
3.69023420239	5.25047199497	0.552464036784	-0.0	-0.0	0.0108968437467	0.378220078753	0.000294335123061	20.525117702	13.0917466059
3.69155987627	5.2514159849	0.551846406751	-0.0	-0.0	0.0109103873067	0.378211657582	0.000294478123376	20.5503588731	13.1336435326
3.68802474591	5.25047199497	0.550958737435	-0.0	-0.0	0.0109278105333	0.378200823929	0.000295083721012	20.583133008	13.1917777134
3.6893504198	5.25	0.54908884863	-0.0	-0.0	0.0109653968133	0.378177458883	0.000295674806525	20.653844108	13.3159102384
3.69863013699	5.25761859881	0.532417533801	-0.0	-0.0	0.01131748792	0.377958475635	0.000301456231939	21.3224819888	14.4854456468
3.71321254971	5.26976160602	0.51589994085	-0.0	-0.0	0.0117002902933	0.377720311081	0.000307375020849	22.0621355848	15.769684659
3.72602739726	5.27802128992	0.501425569973	-0.0	-0.0	0.01206754608	0.377491733294	0.000313134440782	22.7834301006	17.0145980147
3.73221387539	5.288130285	0.488443817281	-0.0	-0.0	0.0124285490533	0.37726696539	0.000319327195206	23.5035356826	18.2459216963
3.73795846222	5.29358372457	0.47643822767	-0.0	-0.0	0.01279275704	0.377040119738	0.00032560650667	24.2402814155	19.496294297
3.74900574459	5.30528620582	0.465192570231	-0.0	-0.0	0.0131643214933	0.376808606982	0.000331545693338	25.00225254	20.7803978684
3.76005302696	5.31292941911	0.454830049269	-0.0	-0.0	0.0135363507067	0.376576721585	0.000337481802158	25.775838085	22.0754662931
3.7728678745	5.32418096724	0.445803907571	-0.0	-0.0	0.01388941736	0.376356578055	0.000342894630472	26.5196398403	23.3088708788
3.78082191781	5.32907447803	0.437518353496	-0.0	-0.0	0.0142436939733	0.376135588189	0.000348760342107	27.2750051673	24.5462231609
3.79142730888	5.33260801989	0.430030437647	-0.0	-0.0	0.0145923324	0.375918047163	0.000354265158123	28.0270275203	25.7645641957
3.80468404772	5.34337162372	0.423018474281	-0.0	-0.0	0.0149523432267	0.375693330456	0.000359702542214	28.8112599038	27.0150032102
3.80998674326	5.34646401985	0.416757128511	-0.0	-0.0	0.01531051036	0.375469686635	0.000365839462778	29.5984943849	28.2459393877
3.81926646045	5.3505729328	0.41146627203	-0.0	-0.0	0.0156541339733	0.375255044332	0.000371279150599	30.3574824743	29.4027374583
3.82103402563	5.34931930693	0.406676029506	-0.0	-0.0	0.0160203404533	0.375026216976	0.000377797322021	31.1679981273	30.5942582567
3.82280159081	5.3521039604	0.402989687578	-0.0	-0.0	0.0163805580933	0.374801057772	0.000384127124888	31.9626244196	31.698063643
3.83296509059	5.35742971888	0.400326108688	-0.0	-0.0	0.0167494498533	0.37457037607	0.00038965657451	32.7706260916	32.7409513277
3.83782589483	5.36018518519	0.398363669968	-0.0	-0.0	0.0171536889067	0.374317508523	0.000396277749082	33.6537071728	33.8069540525
3.83870967742	5.36018518519	0.398132473078	-0.0	-0.0	0.0172135081733	0.374280072896	0.000397233067492	33.7843565604	33.9599798601
3.83870967742	5.36049382716	0.39830205732	-0.0	-0.0	0.0172105263333	0.37428193246	0.000397170019187	33.7764450309	33.9360530022
3.83738400354	5.36018518519	0.398461664565	-0.0	-0.0	0.0172006025333	0.374288137506	0.000397119303159	33.752744614	33.8972222392
3.83915156871	5.36203703704	0.398671792019	-0.0	-0.0	0.01718904456	0.374295375177	0.000396720864803	33.7256078031	33.8502212099
3.83826778612	5.36111111111	0.398802296025	-0.0	-0.0	0.0171828699867	0.37429924204	0.000396696294473	33.7109437622	33.823248024
3.83782589483	5.36018518519	0.399101072156	-0.0	-0.0	0.01716859528	0.374308173016	0.000396471946081	33.6769090623	33.7610851138
3.83738400354	5.36102532427	0.399474345099	-0.0	-0.0	0.0171501267867	0.374319728789	0.000396169902961	33.6331324397	33.682270642
3.83473265577	5.36082792709	0.401269247651	-0.0	-0.0	0.01706294408	0.374374271709	0.000394799549805	33.4266029732	33.3089171723
3.82766239505	5.35394126739	0.407957221969	-0.0	-0.0	0.01674356016	0.374574059648	0.000389498594117	32.6751495104	31.9592473422
3.81926646045	5.34984520124	0.415339588145	-0.0	-0.0	0.0164037507733	0.374786549149	0.000383944249739	31.8842407381	30.5484219678
3.81219619973	5.34344998452	0.422371495831	-0.0	-0.0	0.0160906825333	0.37498225165	0.000378754389731	31.1633248041	29.2737114702
3.81352187362	5.34303405573	0.429488844752	-0.0	-0.0	0.0157808553067	0.375175870507	0.000372786076935	30.4576391746	28.0419012176
3.80335837384	5.33643410853	0.436744526887	-0.0	-0.0	0.0154743623067	0.375367345384	0.000368003272919	29.7671826125	26.8480808444
3.79540433053	5.33188450792	0.444549186441	-0.0	-0.0	0.0151550994533	0.375566735557	0.000362758805494	29.0561489401	25.6301023801
3.78479893946	5.32359341001	0.452763174983	-0.0	-0.0	0.0148316887067	0.375768650671	0.00035768532371	28.3443781911	24.4201622224
3.77817057004	5.32016179216	0.461511084194	-0.0	-0.0	0.0144959934	0.375978167698	0.000352007012146	27.6148269035	23.1982945031
3.77198409191	5.31248054777	0.470514372544	-0.0	-0.0	0.0141610572533	0.376187140168	0.000346305667134	26.8963110164	22.0108179503
3.75828546178	5.30081047382	0.480795192792	-0.0	-0.0	0.0137938848667	0.37641614498	0.00034068879918	26.1193317101	20.7402361134
3.74414494034	5.28910396503	0.491937766982	-0.0	-0.0	0.0134071160933	0.376657281108	0.000334742651244	25.3125977842	19.44735151
3.73309765798	5.28401626525	0.504327552159	-0.0	-0.0	0.0129895113467	0.37691753764	0.000327934708779	24.4555270817	18.1045480816
3.7229341582	5.27520350657	0.517042096807	-0.0	-0.0	0.0125746587867	0.377175965519	0.000321114817992	23.6186392832	16.8235049566
3.70835174547	5.26616446955	0.531649725871	-0.0	-0.0	0.0121117381733	0.377464221889	0.000313770512143	22.7013261326	15.4589858127
3.69376933274	5.25463690663	0.548300457289	-0.0	-0.0	0.0115982158533	0.37778382669	0.000305461531949	21.7025405335	14.0270295122
3.67741935484	5.25157828283	0.56593566833	-0.0	-0.0	0.0110636225333	0.378116370404	0.000296857421689	20.6823744804	12.6332404331
3.64913831198	5.23091542604	0.588206157808	-0.0	-0.0	0.0104102220533	0.378522575723	0.000286945295421	19.4643079898	11.048387452
3.62395050817	5.21571746739	0.615626639581	-0.0	-0.0	0.00965482125333	0.378991864014	0.000274838144376	18.1008188185	9.35457120074
3.59832081308	5.2106948447	0.643930050786	-0.0	-0.0	0.00892951114667	0.379442124183	0.000263344471993	16.8425339894	7.86383776457
