# C		CN		K0		e_x		e_y		e_z		n		overlap		p		q
3.4533804684	5.253866846	0.737026256909	-0.0	-0.0	1.87240000048e-07	0.386640681945	0.000130606416439	5.58809714008	1.78192194403
3.48563853292	5.26335113485	0.65212840554	-0.0	-0.0	0.000531443826667	0.386314744197	0.000138925644245	6.16738953181	2.7932558816
3.50331418471	5.26611295681	0.576257356231	-0.0	-0.0	0.00134984762667	0.385812296277	0.000152475069943	7.09660298986	4.19109792183
3.52585064074	5.2833941001	0.53545308615	-0.0	-0.0	0.00212068413333	0.385338675454	0.000164594566227	8.00673210015	5.38822483157
3.53601414052	5.27431585889	0.510169484902	-0.0	-0.0	0.00286652962667	0.384880062069	0.000176649059576	8.91740007774	6.48606209953
3.54441007512	5.27434210526	0.492310685499	-0.0	-0.0	0.00361248325333	0.384421039937	0.000188657838044	9.85694892298	7.56456780358
3.56871409633	5.2807591623	0.479223773025	-0.0	-0.0	0.00433858268	0.383973906095	0.000199376881742	10.8012800339	8.61659512999
3.58948298719	5.27828348505	0.469327426235	-0.0	-0.0	0.00503626472	0.38354396579	0.000209732802126	11.7372176611	9.63856897546
3.60406539991	5.28664072633	0.461504156195	-0.0	-0.0	0.00572674384	0.383118168785	0.000220255029547	12.6900513138	10.6607025765
3.61997348652	5.29398447607	0.45469408244	-0.0	-0.0	0.00641326198667	0.38269452281	0.000230613462177	13.6661639857	11.7088398715
3.63323022536	5.29584273284	0.44919992895	-0.0	-0.0	0.00707321445333	0.382286996078	0.000240652434063	14.6284045847	12.7328174585
3.65355722492	5.30571612075	0.444663418895	-0.0	-0.0	0.00772982676	0.381881264928	0.000250069664316	15.6066796531	13.7619811685
3.66151126823	5.3103558833	0.440663656018	-0.0	-0.0	0.00836371930667	0.381489319857	0.000259915131359	16.5734616536	14.7823391323
3.67697746354	5.31851614966	0.437296125626	-0.0	-0.0	0.00898968749333	0.381102030645	0.000269068730858	17.5483186288	15.8026475485
3.69155987627	5.32557397959	0.434337944896	-0.0	-0.0	0.00960245564	0.380722679181	0.000278058281144	18.5234697802	16.8215751711
3.6973044631	5.32982791587	0.431729157648	-0.0	-0.0	0.01020852716	0.380347233356	0.000287588659938	19.5078228148	17.8470215498
3.70658418029	5.33439389119	0.429243999517	-0.0	-0.0	0.0108068733867	0.379976355515	0.00029669922608	20.4992202374	18.8864059846
3.71895713654	5.33756345178	0.427018854327	-0.0	-0.0	0.0114085767867	0.379603173106	0.000305592057917	21.514734382	19.9470654197
3.73795846222	5.35	0.424603783445	-0.0	-0.0	0.0121410528933	0.379148580598	0.000316055317216	22.7757833965	21.2606196785
3.75872735307	5.3658459596	0.42296423727	-0.0	-0.0	0.0127213886267	0.378788173766	0.000323806865419	23.792662215	22.3127014583
3.77198409191	5.36709657125	0.421363804545	-0.0	-0.0	0.0132863232	0.378437133183	0.000331924369845	24.8008376591	23.3631855458
3.78258948299	5.3726844584	0.419912491583	-0.0	-0.0	0.0138520024667	0.378085425884	0.000340263431254	25.825991821	24.4284136561
3.79098541759	5.37617554859	0.418523826012	-0.0	-0.0	0.01442276032	0.377730362296	0.000348874053362	26.8773507228	25.5222651105
3.79982324348	5.38565162907	0.417100354178	-0.0	-0.0	0.0150851648267	0.377318031176	0.000358959737013	28.1178988747	26.8071752791
3.80998674326	5.39161714107	0.41592996609	-0.0	-0.0	0.0156255701333	0.37698144043	0.000366899131601	29.1483156786	27.8809379928
3.82412726469	5.39719188768	0.414906773083	-0.0	-0.0	0.0161585611733	0.376649287776	0.000374309209352	30.1779644786	28.9487242931
3.83473265577	5.40417575569	0.413955194143	-0.0	-0.0	0.01669558644	0.376314442792	0.000382119091863	31.2293434043	30.0372402439
3.83694211224	5.40336134454	0.413502323397	-0.0	-0.0	0.0169151308667	0.376177501072	0.00038553292925	31.6648675743	30.4947849391
3.83650022095	5.40379825654	0.413755368476	-0.0	-0.0	0.0169067821467	0.37618270917	0.000385409452691	31.6446569725	30.4537367001
3.83473265577	5.40392401121	0.41401967075	-0.0	-0.0	0.0168967420667	0.376188969352	0.000385397672862	31.6217408433	30.4091673907
3.83384887318	5.40542224992	0.414339492921	-0.0	-0.0	0.01688252576	0.376197840539	0.000385220224525	31.5895021401	30.3509647975
3.83296509059	5.4047990028	0.414610979205	-0.0	-0.0	0.0168722147467	0.376204267004	0.000385114606386	31.5659472888	30.3052763317
3.83340698188	5.4047990028	0.415009736784	-0.0	-0.0	0.0168547711067	0.376215153712	0.000384742027034	31.5263425568	30.2334543925
3.83296509059	5.40417575569	0.41542716473	-0.0	-0.0	0.01683766904	0.376225820153	0.000384465227598	31.4874528596	30.1608532651
3.82942996023	5.40243142145	0.416024856345	-0.0	-0.0	0.0168131410133	0.376241113273	0.000384356822046	31.4316659936	30.0570091577
3.8316394167	5.40367830424	0.418100911658	-0.0	-0.0	0.01672814476	0.376294136307	0.000382536489932	31.2387875104	29.6990588002
3.82280159081	5.39856429463	0.427179546891	-0.0	-0.0	0.01636665716	0.376519547804	0.000376566125333	30.4229643304	28.1934005195
3.81219619973	5.39231009691	0.436256721839	-0.0	-0.0	0.01601647492	0.376737851052	0.000370990564196	29.6427290393	26.7729280642
3.80424215643	5.38704630788	0.444672201185	-0.0	-0.0	0.0157008088667	0.376934557977	0.00036581245232	28.9482432752	25.5259404226
3.79098541759	5.37774294671	0.453255287317	-0.0	-0.0	0.0153861453067	0.377130582006	0.000361152035154	28.2639767275	24.3164344968
3.78303137428	5.375	0.462354362259	-0.0	-0.0	0.0150615938533	0.377332708223	0.000355791683956	27.565828268	23.1006081028
3.76756517897	5.36913385827	0.471960482037	-0.0	-0.0	0.0147288175867	0.377539874654	0.0003509781515	26.8594124209	21.8879750508
3.76093680954	5.36506935687	0.482159087309	-0.0	-0.0	0.01438135024	0.37775612964	0.000345064298077	26.1313723662	20.6665507006
3.74988952718	5.35606060606	0.493396575454	-0.0	-0.0	0.0140122525067	0.377985756063	0.000339111146513	25.3679981293	19.4054142782
3.74016791869	5.34597156398	0.505346936618	-0.0	-0.0	0.0136243910667	0.378226964622	0.000332671488793	24.5778167053	18.1392490717
3.72602739726	5.33575949367	0.518472478623	-0.0	-0.0	0.0132094509467	0.378484909681	0.000326147683471	23.7480619668	16.8419063692
3.71277065842	5.32730732636	0.53248161542	-0.0	-0.0	0.01277572772	0.378754416761	0.000319176081	22.8952277636	15.5507949082
3.70039770217	5.31893265565	0.547727366098	-0.0	-0.0	0.01231776044	0.379038855015	0.000311638723768	22.0111539611	14.2523373437
3.67476800707	5.30092445011	0.564728619416	-0.0	-0.0	0.01182521716	0.379344636699	0.000304547401432	21.0800664084	12.9266032317
3.65399911622	5.28042159055	0.583297908275	-0.0	-0.0	0.0113024593733	0.379669002548	0.000296499642118	20.1155799784	11.6065084995
3.63455589925	5.27147435897	0.599055750997	-0.0	-0.0	0.0108728496533	0.37993544732	0.000290051509865	19.3391090135	10.5825903728
3.63411400795	5.27220262905	0.598357207909	-0.0	-0.0	0.0108816798667	0.379929971994	0.00029025328665	19.3550496778	10.6165136501
3.63411400795	5.27220262905	0.598128193315	-0.0	-0.0	0.0108864721867	0.379927006198	0.000290338753069	19.3633113739	10.6293176506
3.63676535572	5.27371794872	0.597541366276	-0.0	-0.0	0.0108968437467	0.379920569255	0.000290313877913	19.3813743274	10.6604657526
3.63543968184	5.27380570696	0.596684205936	-0.0	-0.0	0.0109103873067	0.379912171115	0.000290669747525	19.405425183	10.7047877928
3.63632346443	5.2733974359	0.595614553117	-0.0	-0.0	0.0109278105333	0.37990136709	0.000290920557567	19.4363377802	10.7607718198
3.64162615996	5.27916666667	0.593330893275	-0.0	-0.0	0.0109653968133	0.379878059452	0.000291187523717	19.5029615605	10.8813150782
3.64869642068	5.29176017954	0.572947156854	-0.0	-0.0	0.01131748792	0.379659681589	0.000297100352849	20.133923296	12.0205116333
3.66062748564	5.30333119795	0.552776835355	-0.0	-0.0	0.0117002902933	0.379422171428	0.000303170850949	20.8320681552	13.274299643
3.67697746354	5.31639501438	0.535166046682	-0.0	-0.0	0.01206754608	0.379194219587	0.000308588470541	21.5138828287	14.4909841835
3.6973044631	5.3355661882	0.51945889865	-0.0	-0.0	0.0124285490533	0.378970062538	0.000313555035461	22.1952995016	15.6932570035
3.70437472382	5.34236531718	0.50497610223	-0.0	-0.0	0.01279275704	0.378743837281	0.000319698016083	22.8937290975	16.9152425423
3.71630578878	5.35168682368	0.491621432904	-0.0	-0.0	0.0131643214933	0.378512958151	0.000325534331022	23.6162788992	18.161179703
3.73000441891	5.36311605723	0.479510499615	-0.0	-0.0	0.0135363507067	0.378281707176	0.000331179603947	24.3489619507	19.4077231111
3.73884224481	5.36461636018	0.469079719902	-0.0	-0.0	0.01388941736	0.378062156581	0.000336880568934	25.0529197235	20.5882491663
3.74988952718	5.37333755541	0.459634014626	-0.0	-0.0	0.0142436939733	0.377841779513	0.000342377117108	25.7673046263	21.7641956349
3.75961113566	5.38291139241	0.451288121849	-0.0	-0.0	0.0145923324	0.377624833434	0.000347869111082	26.4776666546	22.908848327
3.77198409191	5.39115323855	0.443572304873	-0.0	-0.0	0.0149523432267	0.377400731299	0.000353273467444	27.2173045187	24.0752011415
3.77728678745	5.39255285579	0.436737210359	-0.0	-0.0	0.01531051036	0.377177696764	0.00035928247091	27.9594486526	25.2181458216
3.78789217852	5.3988657845	0.431066064444	-0.0	-0.0	0.0156541339733	0.37696364455	0.000364480248766	28.6746473349	26.2827428395
3.79628811312	5.40591567023	0.426072596251	-0.0	-0.0	0.0160203404533	0.376735442224	0.000370236764634	29.4368673968	27.3649575874
3.80247459125	5.40974842767	0.422312806257	-0.0	-0.0	0.0163805580933	0.376510890477	0.000375994798709	30.1828159934	28.3573417048
3.80777728679	5.41711229947	0.419651694218	-0.0	-0.0	0.0167494498533	0.376280848054	0.000381872876894	30.9400052122	29.287141619
3.81573133009	5.42054020101	0.417581093184	-0.0	-0.0	0.0171536889067	0.376028674487	0.000388008156168	31.7669201247	30.2452639272
3.81617322139	5.41964846202	0.417332442844	-0.0	-0.0	0.0172135081733	0.375991347561	0.000388983834037	31.8891694939	30.3828529674
3.81617322139	5.41857546282	0.417509822484	-0.0	-0.0	0.0172105263333	0.375993199514	0.000388919325611	31.8814135061	30.3603456184
3.81573133009	5.42009419152	0.417704878101	-0.0	-0.0	0.0172006025333	0.375999389798	0.00038878006056	31.859029735	30.3224239826
3.81705700398	5.41996233522	0.417973703184	-0.0	-0.0	0.01718904456	0.376006604143	0.000388429879441	31.8330059405	30.2747995392
3.81573133009	5.41933458883	0.418166150326	-0.0	-0.0	0.0171828699867	0.376010457024	0.000388447244805	31.8188109834	30.2449528551
3.81307998232	5.41896984925	0.418478995546	-0.0	-0.0	0.01716859528	0.376019364228	0.000388451559292	31.7866574887	30.1878579925
3.81263809103	5.41972981464	0.418937846723	-0.0	-0.0	0.0171501267867	0.376030888104	0.000388150714685	31.7448041798	30.1092794325
3.81175430844	5.41891891892	0.421118205713	-0.0	-0.0	0.01706294408	0.376085281978	0.000386605040578	31.5475960756	29.7393899748
3.80424215643	5.41428122051	0.429283647848	-0.0	-0.0	0.01674356016	0.376284521558	0.000381377000297	30.8302543592	28.4014418168
3.80026513478	5.40924819126	0.438269917653	-0.0	-0.0	0.0164037507733	0.376496429926	0.00037540779926	30.0756975832	27.0088975926
3.79098541759	5.40176322418	0.44684983172	-0.0	-0.0	0.0160906825333	0.376691598539	0.000370449333374	29.3888205828	25.7534465968
3.78612461335	5.39823566478	0.455588665877	-0.0	-0.0	0.0157808553067	0.376884686539	0.000365124808675	28.7170444355	24.5407124919
3.77507733098	5.38757489751	0.464448488132	-0.0	-0.0	0.0154743623067	0.377075637463	0.000360463860315	28.0606398042	23.372816054
3.76844896156	5.38150836226	0.473924670786	-0.0	-0.0	0.0151550994533	0.377274478162	0.000355154164883	27.3857986871	22.1890770799
3.76314626602	5.37701294601	0.483816988723	-0.0	-0.0	0.0148316887067	0.377475846183	0.000349647460044	26.7108961429	21.0217616127
3.748121962	5.36985433819	0.494371915605	-0.0	-0.0	0.0144959934	0.377684789548	0.000344821588218	26.0198007827	19.8462091793
3.73663278833	5.36176284084	0.505190439971	-0.0	-0.0	0.0141610572533	0.377893190504	0.000339674181	25.3391993913	18.7100040008
3.72956252762	5.34896988906	0.51730661874	-0.0	-0.0	0.0137938848667	0.378121569016	0.000333515163921	24.6037710617	17.5110589474
3.71056120194	5.33788938334	0.530281769201	-0.0	-0.0	0.0134071160933	0.378362045666	0.000328047449451	23.8414879619	16.3044448808
3.69200176757	5.32642652215	0.544578004527	-0.0	-0.0	0.0129895113467	0.378621587955	0.00032194707479	23.0320458021	15.0624944431
3.67741935484	5.31046585833	0.559183327911	-0.0	-0.0	0.0125746587867	0.378879315441	0.000315541435035	22.2422484654	13.885349717
3.66283694211	5.29488817891	0.575769148809	-0.0	-0.0	0.0121117381733	0.379166780416	0.000308237043169	21.3766572877	12.6448655739
3.6469288555	5.28219090327	0.594411682805	-0.0	-0.0	0.0115982158533	0.379485510287	0.000300086781968	20.4354255395	11.360034783
3.62527618206	5.26548956661	0.613903953608	-0.0	-0.0	0.0110636225333	0.379817139142	0.000291975946033	19.4753167985	10.1256613648
3.60848431286	5.2545045045	0.638083866617	-0.0	-0.0	0.0104102220533	0.380222239952	0.00028123912998	18.3301179511	8.74359826362
3.57711003093	5.2359223301	0.66745775309	-0.0	-0.0	0.00965482125333	0.380690243725	0.000269649204978	17.0464226604	7.28333296636
3.5377817057	5.20585365854	0.696884333679	-0.0	-0.0	0.00892951114667	0.381139270041	0.000259265822291	15.8641669119	6.02649402553
