# C		CN		K0		e_x		e_y		e_z		n		overlap		p		q
3.44056562086	5.26056100034	0.736899960522	-0.0	-0.0	1.87240000048e-07	0.386438480595	0.000130417056851	5.58753080778	1.78277907231
3.46973044631	5.26467628313	0.651981070048	-0.0	-0.0	0.000531443826667	0.386112435397	0.00013883413552	6.16687551492	2.79456339212
3.48961555457	5.26442147382	0.575571816632	-0.0	-0.0	0.00134984762667	0.385609821839	0.000152258438428	7.09606276133	4.20023421071
3.51391957578	5.27940199336	0.535230904336	-0.0	-0.0	0.00212068413333	0.385136044882	0.000164268869969	8.00450729358	5.39046062163
3.54131683606	5.28340481689	0.509716173148	-0.0	-0.0	0.00286652962667	0.384677280309	0.000175487357377	8.91553248287	6.4936189501
3.5550154662	5.27956636005	0.491716024924	-0.0	-0.0	0.00361248325333	0.384218106855	0.000187181270667	9.8567514131	7.57781763682
3.56473707468	5.27552356021	0.478635010194	-0.0	-0.0	0.00433858268	0.38377082561	0.00019865565396	10.8023425767	8.63237545466
3.58550596553	5.27938782156	0.468856764363	-0.0	-0.0	0.00503626472	0.38334074357	0.000208961647585	11.7379003926	9.65236548385
3.59964648696	5.28163530175	0.460736783581	-0.0	-0.0	0.00572674384	0.382914806195	0.000219548364407	12.6934954678	10.6873214036
3.61908970393	5.28585271318	0.453941410686	-0.0	-0.0	0.00641326198667	0.382491021823	0.000229671466267	13.6704009256	11.7378904425
3.63455589925	5.29265936896	0.44846915835	-0.0	-0.0	0.00707321445333	0.382083363571	0.000239526190511	14.6326574959	12.7632435382
3.64604507291	5.29640333976	0.443764523371	-0.0	-0.0	0.00772982676	0.381677494578	0.000249546723704	15.6137030589	13.8035950936
3.66062748564	5.30163304515	0.43982091704	-0.0	-0.0	0.00836371930667	0.381285420297	0.000258940531718	16.5830910305	14.8264960234
3.67432611578	5.30693069307	0.436403152986	-0.0	-0.0	0.00898968749333	0.380898003411	0.000268208626016	17.5611303443	15.854385465
3.68669907203	5.31082802548	0.433400043038	-0.0	-0.0	0.00960245564	0.380518521173	0.000277324000081	18.5383074014	16.8799073679
3.69509500663	5.32187201528	0.430794842509	-0.0	-0.0	0.01020852716	0.380142957293	0.000286618803489	19.5242117502	17.9093418602
3.7145382236	5.33206349206	0.428314055938	-0.0	-0.0	0.0108068733867	0.379771963024	0.000294926173957	20.5184834467	18.9539227133
3.72425983208	5.33407219759	0.426229741497	-0.0	-0.0	0.0114085767867	0.379398651568	0.000304016463607	21.5349767403	20.0103634404
3.74370304905	5.34480580991	0.423736616866	-0.0	-0.0	0.0121410528933	0.378943911109	0.000314458623498	22.7997236752	21.335052102
3.75519222271	5.34877126654	0.421982956369	-0.0	-0.0	0.0127213886267	0.378583391212	0.000323039000797	23.821330269	22.4013927844
3.76579761379	5.35175879397	0.420408017312	-0.0	-0.0	0.0132863232	0.378232224828	0.00033142347593	24.8322757598	23.4557734259
3.7817057004	5.36175548589	0.419040846289	-0.0	-0.0	0.0138520024667	0.377880404189	0.000339279716421	25.859261222	24.5198696703
3.79319487406	5.36721926806	0.417663273934	-0.0	-0.0	0.01442276032	0.377525226235	0.000347641172763	26.9129101716	25.6178542448
3.80600972161	5.36961946351	0.416166564187	-0.0	-0.0	0.0150851648267	0.377112758527	0.000357382464334	28.1577659124	26.9155945983
3.81440565621	5.37371535347	0.415066221036	-0.0	-0.0	0.0156255701333	0.376776059911	0.000365468002227	29.1874181585	27.986018513
3.83650022095	5.38442444927	0.414059351724	-0.0	-0.0	0.0161585611733	0.376443792642	0.000372092721202	30.2162288203	29.0543223534
3.85505965532	5.39783281734	0.413139425738	-0.0	-0.0	0.01669558644	0.376108837271	0.000379119169009	31.2666382949	30.1418766748
3.86036235086	5.39814528594	0.412680224893	-0.0	-0.0	0.0169151308667	0.375971850407	0.000382227165183	31.702201593	30.6010737422
3.85947856827	5.39857761286	0.412969414304	-0.0	-0.0	0.0169067821467	0.375977051517	0.000382147063548	31.6817606813	30.5566028345
3.85903667698	5.39795918367	0.413169558277	-0.0	-0.0	0.0168967420667	0.375983320466	0.00038200555036	31.6592115712	30.5177537006
3.8572691118	5.39882425743	0.413515728297	-0.0	-0.0	0.01688252576	0.375992188307	0.000381914280407	31.6268078034	30.4569884781
3.8572691118	5.39808227652	0.413767496673	-0.0	-0.0	0.0168722147467	0.375998620575	0.000381720460584	31.6032592349	30.4128640634
3.8572691118	5.39808227652	0.414178976409	-0.0	-0.0	0.0168547711067	0.37600951546	0.000381392651802	31.5634940488	30.3396143463
3.8568272205	5.39777296629	0.414595382845	-0.0	-0.0	0.01683766904	0.376020179242	0.0003811159881	31.524541612	30.2668467819
3.8568272205	5.39746365605	0.415192994871	-0.0	-0.0	0.0168131410133	0.37603548744	0.000380654509622	31.4686300233	30.1626138682
3.85373398144	5.39721362229	0.417253950737	-0.0	-0.0	0.01672814476	0.376088524093	0.000379357655968	31.27532565	29.8045690301
3.83384887318	5.39427860697	0.426261517634	-0.0	-0.0	0.01636665716	0.376314019595	0.000374516592978	30.4594123213	28.3004367551
3.81705700398	5.38236210658	0.435268996751	-0.0	-0.0	0.01601647492	0.376532385113	0.000369570877829	29.6787142854	26.8807532674
3.80733539549	5.37429819089	0.44361906707	-0.0	-0.0	0.0157008088667	0.376729158742	0.000364567823008	28.9833124706	25.6339072533
3.79540433053	5.366875	0.452139900607	-0.0	-0.0	0.0153861453067	0.376925251383	0.000359785747874	28.2977416898	24.4237273822
3.78391515687	5.36645768025	0.461112235997	-0.0	-0.0	0.0150615938533	0.377127432403	0.000354745440665	27.5981445202	23.2110806118
3.77772867875	5.36303733919	0.470546697679	-0.0	-0.0	0.0147288175867	0.377334681107	0.000349071667207	26.8896981892	22.0033299872
3.76270437472	5.35146180446	0.480678072785	-0.0	-0.0	0.01438135024	0.37755099939	0.000343938696289	26.1600072812	20.7797019852
3.75695978789	5.34559748428	0.491708665283	-0.0	-0.0	0.0140122525067	0.377780701511	0.000337522607876	25.3949199276	19.523905856
3.74944763588	5.33889238515	0.503626050528	-0.0	-0.0	0.0136243910667	0.378021989588	0.000330906207486	24.6035977822	18.252692319
3.7397260274	5.33585619678	0.516741851876	-0.0	-0.0	0.0132094509467	0.378280019681	0.000323966939018	23.7704622457	16.9471772167
3.72160848431	5.32416192283	0.530674746072	-0.0	-0.0	0.01277572772	0.378549615608	0.000317459389088	22.9179672652	15.653795022
3.69907202828	5.30891214716	0.545795661501	-0.0	-0.0	0.01231776044	0.378834149491	0.000310857923479	22.0343410345	14.3547544644
3.68448961555	5.29774388306	0.562519337713	-0.0	-0.0	0.01182521716	0.37914002453	0.000302896480007	21.1020077794	13.0327797498
3.66813963765	5.2867155145	0.580843378669	-0.0	-0.0	0.0113024593733	0.379464504684	0.000294550430193	20.1355971759	11.7130322218
3.65620857269	5.27960421321	0.596438394266	-0.0	-0.0	0.0108728496533	0.379731035508	0.000287544826205	19.3576554853	10.6873398976
3.65709235528	5.280651341	0.59585120813	-0.0	-0.0	0.0108816798667	0.379725558377	0.000287635323078	19.3732671339	10.7172613152
3.65267344233	5.27987220447	0.59555227494	-0.0	-0.0	0.0108864721867	0.379722585816	0.000288071050176	19.3817770944	10.7328274051
3.65311533363	5.27946343021	0.5948606813	-0.0	-0.0	0.0108968437467	0.379716155547	0.000288228655343	19.4003824862	10.7682984839
3.65399911622	5.28010220377	0.594079444483	-0.0	-0.0	0.0109103873067	0.37970775163	0.00028840451844	19.4241996328	10.8100219941
3.65665046399	5.2810603641	0.592990058097	-0.0	-0.0	0.0109278105333	0.379696944043	0.00028851652393	19.4552812778	10.8671979822
3.65665046399	5.280242579	0.590706371809	-0.0	-0.0	0.0109653968133	0.379673628721	0.000289204725244	19.5221499092	10.9886928869
3.67344233319	5.2958240357	0.570281347825	-0.0	-0.0	0.01131748792	0.379455178867	0.000294314623947	20.1550761202	12.138414113
3.68404772426	5.30490133673	0.550179986586	-0.0	-0.0	0.0117002902933	0.37921759351	0.000300458797277	20.8549511528	13.3990951938
3.69553689792	5.31880369074	0.532764002909	-0.0	-0.0	0.01206754608	0.378989559561	0.000306226258247	21.5376344646	14.6158629934
3.70260715864	5.32623211447	0.517219025653	-0.0	-0.0	0.0124285490533	0.378765332475	0.000312233121196	22.2191703095	15.8181164833
3.71763146266	5.33777777778	0.503016053272	-0.0	-0.0	0.01279275704	0.37853903264	0.000317612560639	22.9169104696	17.0326335877
3.72867874503	5.34580031696	0.489864712698	-0.0	-0.0	0.0131643214933	0.378308076931	0.000323447455193	23.6387408636	18.2736424088
3.73442333186	5.35286664555	0.477944992716	-0.0	-0.0	0.0135363507067	0.378076752911	0.000329748849847	24.3713872426	19.515215333
3.74458683164	5.36119025008	0.4677600507	-0.0	-0.0	0.01388941736	0.377857127216	0.000335282435978	25.0746623921	20.6855051993
3.75209898365	5.3661081252	0.458538145558	-0.0	-0.0	0.0142436939733	0.377636677498	0.000341045040974	25.7879694417	21.8507763424
3.76579761379	5.37934301958	0.450401838669	-0.0	-0.0	0.0145923324	0.3774196599	0.000346117451868	26.4967720517	22.9838210665
3.77375165709	5.38517350158	0.442883395372	-0.0	-0.0	0.0149523432267	0.377195483887	0.000351880079377	27.234901837	24.1382170583
3.78391515687	5.3905511811	0.436198596568	-0.0	-0.0	0.01531051036	0.376972376145	0.000357378556139	27.9753558299	25.2711523008
3.79540433053	5.39578748821	0.430647229456	-0.0	-0.0	0.0156541339733	0.376758258378	0.000362457230752	28.6889031054	26.3270108425
3.80159080866	5.40150801131	0.425804504869	-0.0	-0.0	0.0160203404533	0.376529975073	0.000368371120784	29.447779307	27.3958197396
3.80954485197	5.40238169853	0.422030088337	-0.0	-0.0	0.0163805580933	0.37630535856	0.00037393376565	30.1925322786	28.3890549257
3.82059213433	5.40876369327	0.419269398371	-0.0	-0.0	0.0167494498533	0.376075237965	0.000379236168266	30.950993035	29.3290337492
3.82677861246	5.41583229036	0.417263826622	-0.0	-0.0	0.0171536889067	0.375822965717	0.000385516576183	31.7773378684	30.2821343197
3.83031374282	5.41268353639	0.417026809626	-0.0	-0.0	0.0172135081733	0.37578563595	0.000386173988496	31.8993038951	30.4185855319
3.82942996023	5.4134375	0.41720330467	-0.0	-0.0	0.0172105263333	0.375787484495	0.000386198895879	31.8915502547	30.3961346456
3.82722050376	5.41325414192	0.417398543614	-0.0	-0.0	0.0172006025333	0.375793682621	0.000386237946696	31.869177537	30.3581731889
3.82810428635	5.4147638411	0.417665894305	-0.0	-0.0	0.01718904456	0.37580089714	0.000385936316274	31.843285971	30.3107561914
3.82766239505	5.41583229036	0.417821686557	-0.0	-0.0	0.0171828699867	0.375804751291	0.000385865017177	31.829226641	30.2841266808
3.82280159081	5.41345852895	0.418177236022	-0.0	-0.0	0.01716859528	0.375813651438	0.000386088651061	31.7968355488	30.2231236285
3.82235969951	5.41314553991	0.418630018321	-0.0	-0.0	0.0171501267867	0.375825189106	0.00038578944388	31.7550654307	30.1450661955
3.82235969951	5.41452723857	0.420793552765	-0.0	-0.0	0.01706294408	0.375879603984	0.000384163515099	31.5579850853	29.7763625216
3.81087052585	5.40520213099	0.428933306347	-0.0	-0.0	0.01674356016	0.376078906174	0.000379360655038	30.8410554957	28.4395544928
3.8068935042	5.40338770389	0.437904173531	-0.0	-0.0	0.0164037507733	0.3762908748	0.000373418578248	30.0870284358	27.0472084333
3.79717189571	5.39635678392	0.446425619908	-0.0	-0.0	0.0160906825333	0.376486109061	0.000368537773041	29.400425396	25.7949308229
3.79142730888	5.39220615965	0.455078886009	-0.0	-0.0	0.0157808553067	0.376679269006	0.000363336506876	28.7291829203	24.587191577
3.77949624392	5.38708661417	0.463889476705	-0.0	-0.0	0.0154743623067	0.376870283173	0.000358783008919	28.0732805904	23.4213281372
3.76933274414	5.38012618297	0.473286947988	-0.0	-0.0	0.0151550994533	0.377069193591	0.000353829778162	27.3988272639	22.241107763
3.76049491825	5.36845425868	0.483039150372	-0.0	-0.0	0.0148316887067	0.37727061762	0.000348686195779	26.7245565928	21.0808737529
3.74105170128	5.36035465484	0.493421575791	-0.0	-0.0	0.0144959934	0.377479635779	0.000344286181678	26.0336937386	19.9131585298
3.73442333186	5.35456273764	0.504012664665	-0.0	-0.0	0.0141610572533	0.377688105054	0.000338706874795	25.3534251632	18.7870804286
3.72028281043	5.34010152284	0.515946703009	-0.0	-0.0	0.0137938848667	0.377916551393	0.000333209640918	24.6183190803	17.5942967508
3.70393283252	5.32666031141	0.528777117215	-0.0	-0.0	0.0134071160933	0.378157115163	0.000327558223123	23.8568835916	16.3911734702
3.68758285462	5.31094844048	0.542980847454	-0.0	-0.0	0.0129895113467	0.378416744453	0.000321323037691	23.0485991324	15.1493451705
3.68007070261	5.30286624204	0.557270866766	-0.0	-0.0	0.0125746587867	0.378674557412	0.00031438724829	22.2592793456	13.9815137646
3.66990720283	5.29464285714	0.573576367676	-0.0	-0.0	0.0121117381733	0.378962115204	0.000306810700659	21.3949782624	12.7471011176
3.65753424658	5.28512132822	0.592001288839	-0.0	-0.0	0.0115982158533	0.379280950148	0.000298460095308	20.453537741	11.4629219613
3.64339372514	5.27415227127	0.611254881356	-0.0	-0.0	0.0110636225333	0.379612693724	0.000289779799462	19.4913331752	10.2278434338
3.61732213875	5.2576292965	0.635271383265	-0.0	-0.0	0.0104102220533	0.380017922684	0.000279776058972	18.3432438931	8.83970044984
3.59346000884	5.23735909823	0.664401653156	-0.0	-0.0	0.00965482125333	0.380486080796	0.000267669870449	17.0607517955	7.37575399729
3.55810870526	5.21347586654	0.693205960899	-0.0	-0.0	0.00892951114667	0.380935257587	0.000256970901696	15.8756804334	6.12287100876
