# C		CN		K0		e_x		e_y		e_z		n		overlap		p		q
3.48652231551	5.28341708543	0.736795126984	-0.0	-0.0	1.87240000048e-07	0.386589458815	0.00013402835225	5.58690979622	1.78344236412
3.51878038003	5.29098769538	0.654098440044	-0.0	-0.0	0.000531443826667	0.386263493847	0.000142283710501	6.1482474713	2.76409054574
3.53645603182	5.29569536424	0.577558296891	-0.0	-0.0	0.00134984762667	0.385761003967	0.00015583942104	7.05157711447	4.14670870398
3.55589924878	5.28914473684	0.535725114653	-0.0	-0.0	0.00212068413333	0.385287343591	0.000168082963439	7.93564366638	5.33585601224
3.57666813964	5.29146221786	0.508805795445	-0.0	-0.0	0.00286652962667	0.384828691906	0.000179628835245	8.82137857449	6.44278123431
3.58904109589	5.28255208333	0.489866488963	-0.0	-0.0	0.00361248325333	0.38436963144	0.000191438893805	9.7358030963	7.52610499243
3.60627485639	5.29201817002	0.47603538356	-0.0	-0.0	0.00433858268	0.383922460257	0.000202556077951	10.6542022037	8.57923554589
3.62350861688	5.29896574014	0.465370042513	-0.0	-0.0	0.00503626472	0.383492484046	0.000213153162284	11.5654673769	9.60757801634
3.63632346443	5.30516129032	0.456700631235	-0.0	-0.0	0.00572674384	0.383066651482	0.000223802079787	12.4933203051	10.6422210051
3.64471939903	5.30779137154	0.449582701483	-0.0	-0.0	0.00641326198667	0.382642970127	0.000234602289527	13.4404947695	11.6859976654
3.66548828988	5.31484450144	0.443898136985	-0.0	-0.0	0.00707321445333	0.382235411354	0.00024411342136	14.3733495428	12.702185986
3.67653557225	5.31777493606	0.439044939241	-0.0	-0.0	0.00772982676	0.381829644328	0.000254158565802	15.3234178431	13.7305709684
3.69155987627	5.32472089314	0.434974488296	-0.0	-0.0	0.00836371930667	0.381437668716	0.000263520058397	16.2616304888	14.7408879116
3.706142289	5.32994278449	0.431405838953	-0.0	-0.0	0.00898968749333	0.381050346931	0.000272758909367	17.2091037699	15.7584301781
3.72116659302	5.335340729	0.428286561836	-0.0	-0.0	0.00960245564	0.380670956109	0.000281709546233	18.155974247	16.7728612371
3.73442333186	5.34620253165	0.425566987333	-0.0	-0.0	0.01020852716	0.380295484645	0.000290671126455	19.111091476	17.7913246726
3.75254087494	5.34919634415	0.422984174341	-0.0	-0.0	0.0108068733867	0.379924575901	0.000299121755457	20.0746718133	18.8249218999
3.75563411401	5.35349716446	0.420685954445	-0.0	-0.0	0.0114085767867	0.37955136207	0.000308810715318	21.0608704374	19.8778823502
3.76800707026	5.35626767201	0.418179905734	-0.0	-0.0	0.0121410528933	0.379096731784	0.000319857257229	22.2843924538	21.1813184494
3.77684489616	5.36178224035	0.416316597294	-0.0	-0.0	0.0127213886267	0.378736294854	0.000328695502437	23.2729572438	22.2369193931
3.79054352629	5.37175070467	0.414595179858	-0.0	-0.0	0.0132863232	0.378385223718	0.000336857174856	24.2525062043	23.2849478302
3.79452054795	5.38193791157	0.412921103258	-0.0	-0.0	0.0138520024667	0.378033488284	0.00034589261333	25.2504503684	24.3569895991
3.80954485197	5.3876211316	0.411371375723	-0.0	-0.0	0.01442276032	0.377678394686	0.000353969635999	26.2726793079	25.4531547003
3.82412726469	5.39183291771	0.409696290001	-0.0	-0.0	0.0150851648267	0.377266031788	0.000363581694226	27.4788172228	26.7465877314
3.83340698188	5.39440124417	0.408443031332	-0.0	-0.0	0.0156255701333	0.376929412415	0.000371652495278	28.4785140372	27.8168187575
3.84489615555	5.39925488979	0.407306477472	-0.0	-0.0	0.0161585611733	0.376597231515	0.00037935215845	29.4776789948	28.8842246251
3.85196641626	5.40446650124	0.406258829586	-0.0	-0.0	0.01669558644	0.376262363375	0.000387533768152	30.497854236	29.9712914424
3.85550154662	5.40440037186	0.405840225212	-0.0	-0.0	0.0169151308667	0.376125413083	0.00039081523123	30.9190477479	30.4206866762
3.85373398144	5.40316083049	0.406119124267	-0.0	-0.0	0.0169067821467	0.37613060463	0.000390827102386	30.8996029296	30.3779317027
3.85064074238	5.40279069767	0.406304878368	-0.0	-0.0	0.0168967420667	0.376136871803	0.000390954588141	30.8779620823	30.3409413737
3.85196641626	5.40372093023	0.406633172526	-0.0	-0.0	0.01688252576	0.376145737102	0.000390553064747	30.8469121093	30.2827013124
3.85108263367	5.40353598015	0.406874634785	-0.0	-0.0	0.0168722147467	0.376152167403	0.000390448828601	30.8243761123	30.2402095689
3.84931506849	5.40198511166	0.407271436525	-0.0	-0.0	0.0168547711067	0.37616305022	0.000390301143132	30.7863146387	30.1694630446
3.84975695979	5.40304064536	0.407664545437	-0.0	-0.0	0.01683766904	0.376173728731	0.000389936753179	30.7489003551	30.0997719269
3.8488731772	5.40304064536	0.408231006703	-0.0	-0.0	0.0168131410133	0.376189020521	0.00038956685227	30.695464872	30.0000069564
3.84357048166	5.40124223602	0.410204641475	-0.0	-0.0	0.01672814476	0.376242042058	0.000388507718456	30.5103035917	29.6551477969
3.83075563411	5.39296826385	0.418746029272	-0.0	-0.0	0.01636665716	0.376467487765	0.000382997369937	29.728512655	28.2120664591
3.81926646045	5.39082969432	0.427349419426	-0.0	-0.0	0.01601647492	0.376685800912	0.000377542385471	28.9792886383	26.8426433161
3.80866106938	5.39099155458	0.435372988023	-0.0	-0.0	0.0157008088667	0.376882521189	0.000372626626435	28.3104606013	25.6339198079
3.80380026513	5.38579474343	0.443570260976	-0.0	-0.0	0.0153861453067	0.37707857051	0.000367194250492	27.6528371898	24.460596551
3.79893946089	5.38365173818	0.45227728857	-0.0	-0.0	0.0150615938533	0.377280706363	0.000361568166085	26.9824252757	23.2792811143
3.78479893946	5.3750784683	0.461449358589	-0.0	-0.0	0.0147288175867	0.377487892535	0.000356646889443	26.3029971039	22.1002216624
3.77817057004	5.36734693878	0.471293738891	-0.0	-0.0	0.01438135024	0.377704158604	0.00035074678054	25.6023001486	20.9042267731
3.77065841803	5.36077938404	0.482041075177	-0.0	-0.0	0.0140122525067	0.37793380695	0.00034451935418	24.8682704237	19.6744458095
3.75828546178	5.34748427673	0.493533678298	-0.0	-0.0	0.0136243910667	0.378175038842	0.000338378980478	24.1082068644	18.434193707
3.73619089704	5.33512148943	0.506036741688	-0.0	-0.0	0.0132094509467	0.378433002959	0.000332574761406	23.3081197785	17.1664030454
3.72867874503	5.33122629583	0.519413600872	-0.0	-0.0	0.01277572772	0.37870253503	0.000325106724616	22.486457703	15.901326597
3.71100309324	5.31360759494	0.533966942539	-0.0	-0.0	0.01231776044	0.378987002646	0.000318057975651	21.6354168878	14.6273817859
3.69244365886	5.3010786802	0.550098699277	-0.0	-0.0	0.01182521716	0.379292803001	0.000310440700502	20.7387465617	13.3278744082
3.66902342024	5.28566878981	0.567704838244	-0.0	-0.0	0.0113024593733	0.379617198981	0.00030264140676	19.8089531125	12.0304520734
3.64471939903	5.27607165707	0.582600298617	-0.0	-0.0	0.0108728496533	0.37988366422	0.000296623833786	19.0604160538	11.0231984684
3.64560318162	5.27703134997	0.581944493975	-0.0	-0.0	0.0108816798667	0.379878194501	0.000296718759311	19.0758266259	11.0561416006
3.64648696421	5.27799104287	0.581730647415	-0.0	-0.0	0.0108864721867	0.379875217809	0.000296733263324	19.0838335058	11.0686279034
3.64825452939	5.2775823473	0.581187061166	-0.0	-0.0	0.0108968437467	0.379868784912	0.00029677677773	19.1012489564	11.0987041441
3.64869642068	5.27822193796	0.580389922617	-0.0	-0.0	0.0109103873067	0.37986038825	0.000296991060789	19.1244842625	11.1415695666
3.64869642068	5.27991042866	0.579394533244	-0.0	-0.0	0.0109278105333	0.379849581144	0.000297312905068	19.1543147827	11.1957341752
3.64913831198	5.2802303263	0.577266923069	-0.0	-0.0	0.0109653968133	0.379826271559	0.000297968670696	19.2186432236	11.3124556371
3.66990720283	5.29483088705	0.558265747242	-0.0	-0.0	0.01131748792	0.379607875459	0.000302749396295	19.8274143964	12.4143412541
3.6889085285	5.31041069723	0.539432959119	-0.0	-0.0	0.0117002902933	0.379370343473	0.000308213160094	20.5010369537	13.6258454794
3.69995581087	5.31808071179	0.522966131402	-0.0	-0.0	0.01206754608	0.379142370728	0.000314036444755	21.1585177545	14.8000934758
3.71895713654	5.33491912464	0.508192413108	-0.0	-0.0	0.0124285490533	0.378918198816	0.000319053944233	21.8149400771	15.9623593146
3.73000441891	5.34928684628	0.494496676656	-0.0	-0.0	0.01279275704	0.378691954667	0.000324810332323	22.487566839	17.1456678104
3.73353954927	5.35064935065	0.481813751584	-0.0	-0.0	0.0131643214933	0.378461058765	0.000331342246446	23.1838240388	18.3541004339
3.74591250552	5.36032900981	0.470283231495	-0.0	-0.0	0.0135363507067	0.37822978219	0.000337075013481	23.8902982398	19.5640167295
3.75077330977	5.36283185841	0.460292671441	-0.0	-0.0	0.01388941736	0.378010217038	0.000343113369511	24.5692290725	20.7127369319
3.76049491825	5.37058080808	0.451224237196	-0.0	-0.0	0.0142436939733	0.377789826006	0.000348709800481	25.2578060526	21.8574200088
3.77065841803	5.38277059009	0.443192937626	-0.0	-0.0	0.0145923324	0.377572857369	0.000354135053494	25.9420263071	22.9720286547
3.78082191781	5.38602015113	0.435683140036	-0.0	-0.0	0.0149523432267	0.377348743792	0.000359746336825	26.6557452905	24.114391676
3.78877596111	5.39194715319	0.428977040948	-0.0	-0.0	0.01531051036	0.377125689479	0.000365511000618	27.3720709978	25.2375682406
3.79452054795	5.39566310497	0.423329856385	-0.0	-0.0	0.0156541339733	0.376911612257	0.000371180921976	28.0628393395	26.2901737882
3.8068935042	5.40583804143	0.418320014481	-0.0	-0.0	0.0160203404533	0.376683391466	0.000376534606411	28.7992260001	27.3629014372
3.81396376491	5.40721003135	0.414600905695	-0.0	-0.0	0.0163805580933	0.376458823101	0.000382182133874	29.5191308396	28.3410048316
3.82015024304	5.41259398496	0.411890457638	-0.0	-0.0	0.0167494498533	0.376228762887	0.000387988696196	30.2527169994	29.2665276855
3.82898806894	5.413125	0.409825254322	-0.0	-0.0	0.0171536889067	0.37597656145	0.000394031044383	31.0519433514	30.213614125
3.83384887318	5.41323345818	0.409634592067	-0.0	-0.0	0.0172135081733	0.375939226341	0.000394542651167	31.1692394877	30.3439000874
3.83384887318	5.41323345818	0.409746774646	-0.0	-0.0	0.0172105263333	0.375941086019	0.00039448451446	31.1625144588	30.3278481145
3.83252319929	5.41198501873	0.409941714415	-0.0	-0.0	0.0172006025333	0.375947274498	0.000394437328595	31.1410522943	30.2904608675
3.83119752541	5.41073657928	0.410198658062	-0.0	-0.0	0.01718904456	0.375954487626	0.000394358885522	31.1159979125	30.2443710974
3.82987185152	5.41268353639	0.410345790273	-0.0	-0.0	0.0171828699867	0.375958338466	0.000394380028031	31.1025353956	30.2188593475
3.8316394167	5.41424554827	0.410673557979	-0.0	-0.0	0.01716859528	0.375967254086	0.000393931474314	31.0714311715	30.1609986702
3.82545293858	5.41106595811	0.411105026427	-0.0	-0.0	0.0171501267867	0.375978775754	0.000394223504335	31.0312482004	30.0856853362
3.8236853734	5.41056910569	0.413151615776	-0.0	-0.0	0.01706294408	0.376033178204	0.000392776254653	30.8419063726	29.7314092344
3.81573133009	5.41115637731	0.420809981749	-0.0	-0.0	0.01674356016	0.376232426545	0.000387622591162	30.1530404515	28.4494201771
3.80777728679	5.40633824914	0.429303302522	-0.0	-0.0	0.0164037507733	0.376444349816	0.000382076515501	29.4280963966	27.1082391201
3.80026513478	5.40307885642	0.437417199167	-0.0	-0.0	0.0160906825333	0.376639544537	0.00037697562033	28.7676835264	25.897013602
3.79275298277	5.40056639396	0.445710013024	-0.0	-0.0	0.0157808553067	0.376832648662	0.000371939974645	28.1216910223	24.7236016366
3.77993813522	5.3921815889	0.45417612679	-0.0	-0.0	0.0154743623067	0.37702361412	0.000367484131755	27.4904654797	23.5883375037
3.7733097658	5.3844213182	0.463214706619	-0.0	-0.0	0.0151550994533	0.377222477298	0.000362191625163	26.8407812607	22.4369549353
3.76270437472	5.37393499527	0.472632889004	-0.0	-0.0	0.0148316887067	0.377423857674	0.0003571889219	26.1906096335	21.3010473331
3.74900574459	5.36697247706	0.482710462975	-0.0	-0.0	0.0144959934	0.377632810116	0.000352233124869	25.5243492825	20.1536657856
3.7313300928	5.3561687282	0.492932637424	-0.0	-0.0	0.0141610572533	0.37784123685	0.000347682021754	24.8691924995	19.0501682211
3.7224922669	5.34793650794	0.504354776543	-0.0	-0.0	0.0137938848667	0.378069634434	0.000341710869096	24.1611578513	17.8851578574
3.71586389748	5.33915528739	0.51674293689	-0.0	-0.0	0.0134071160933	0.378310131168	0.000335156989352	23.4259606257	16.7015090862
3.70967741935	5.32888888889	0.530348374944	-0.0	-0.0	0.0129895113467	0.378569696264	0.00032799828906	22.6453595296	15.4832532787
3.6977463544	5.31448538755	0.544107881061	-0.0	-0.0	0.0125746587867	0.37882744609	0.000321395540439	21.8837167017	14.332734421
3.67786124613	5.29557747375	0.559787392555	-0.0	-0.0	0.0121117381733	0.379114930532	0.000314586060437	21.0494384631	13.1152176222
3.65488289881	5.27928503032	0.577302565537	-0.0	-0.0	0.0115982158533	0.379433689612	0.000307059663984	20.1406425645	11.8537700727
3.63764913831	5.2685659411	0.595646523375	-0.0	-0.0	0.0110636225333	0.379765351556	0.000298609044911	19.2133594303	10.6361703125
3.60450729121	5.24453024453	0.619012834657	-0.0	-0.0	0.0104102220533	0.380170480803	0.000289285014667	18.1109343455	9.24926862897
3.57401679187	5.2265675501	0.647565623386	-0.0	-0.0	0.00965482125333	0.380638523715	0.000277811572603	16.8752753611	7.77396999903
3.55059655325	5.19773462783	0.675918334528	-0.0	-0.0	0.00892951114667	0.381087589978	0.000266347592547	15.7318331213	6.50351116549
