# C		CN		K0		e_x		e_y		e_z		n		overlap		p		q
3.5718073354	5.36387782205	0.736706796797	-0.0	-0.0	1.87240000048e-07	0.383543291049	0.000138741321509	5.58662837705	1.78407843028
3.60097216085	5.36606260297	0.65463062006	-0.0	-0.0	0.000531443826667	0.383215707354	0.000147092236028	6.14140057794	2.75549384285
3.61246133451	5.35836065574	0.572324327757	-0.0	-0.0	0.00134984762667	0.382710722132	0.000161087535594	7.04256426442	4.21318438107
3.62483429076	5.35401698236	0.524894400914	-0.0	-0.0	0.00212068413333	0.382234709581	0.000173974991625	7.9325115439	5.51585701799
3.63146266019	5.35223199739	0.494709868607	-0.0	-0.0	0.00286652962667	0.381773780254	0.000186539462614	8.82673409561	6.72567213573
3.64604507291	5.35042180402	0.473929006465	-0.0	-0.0	0.00361248325333	0.381312440115	0.000198620943899	9.75241157735	7.90169634614
3.6553247901	5.34799482536	0.458959166556	-0.0	-0.0	0.00433858268	0.380863048908	0.000210545945367	10.6825351133	9.04056382568
3.67609368095	5.35082072739	0.447755863202	-0.0	-0.0	0.00503626472	0.380430936849	0.000221269494542	11.6033011608	10.1416228837
3.69200176757	5.34774255524	0.438699298825	-0.0	-0.0	0.00572674384	0.38000298962	0.000232125668328	12.5429705441	11.2502131993
3.70525850641	5.35207667732	0.431177311617	-0.0	-0.0	0.00641326198667	0.379577204749	0.000243016094329	13.5032564456	12.3729796744
3.71542200619	5.34648425072	0.425223769871	-0.0	-0.0	0.00707321445333	0.379167619591	0.000253608598935	14.4501890586	13.4653239501
3.72602739726	5.34803299492	0.420283522685	-0.0	-0.0	0.00772982676	0.378759839547	0.000264084616257	15.4148331631	14.5654560134
3.73795846222	5.35243825206	0.416259690985	-0.0	-0.0	0.00836371930667	0.3783659152	0.000274071870178	16.3680890375	15.6419300883
3.7476800707	5.35101010101	0.412976056527	-0.0	-0.0	0.00898968749333	0.377976670225	0.000284052921144	17.3290184093	16.713278487
3.75916924437	5.35559055118	0.410058501827	-0.0	-0.0	0.00960245564	0.377595397338	0.000293680203249	18.2904893648	17.7850962491
3.7728678745	5.34995296331	0.407330231375	-0.0	-0.0	0.01020852716	0.377218061299	0.000303007946148	19.2618195865	18.8727837388
3.78214759169	5.35472761428	0.405061393874	-0.0	-0.0	0.0108068733867	0.37684531057	0.000312519123572	20.2376846931	19.9547456184
3.79673000442	5.35182299782	0.402771340586	-0.0	-0.0	0.0114085767867	0.376470250096	0.000321662977727	21.2394968422	21.0764935517
3.81042863456	5.36038557214	0.400354718766	-0.0	-0.0	0.0121410528933	0.376013355489	0.000333097219401	22.4835428926	22.4613979135
3.82412726469	5.36341085271	0.398587867331	-0.0	-0.0	0.0127213886267	0.375651128646	0.000341899732435	23.4897462339	23.5820316944
3.82456915599	5.36453812771	0.396994947351	-0.0	-0.0	0.0132863232	0.375298312733	0.000351637979766	24.4865310096	24.6916138674
3.83870967742	5.3609138623	0.3955693917	-0.0	-0.0	0.0138520024667	0.374944831972	0.000360104898401	25.4998960979	25.8152821874
3.84710561202	5.36064059132	0.394184582475	-0.0	-0.0	0.01442276032	0.374587974996	0.000369186488079	26.5390738391	26.9705725423
3.85992045957	5.36931119311	0.392761657205	-0.0	-0.0	0.0150851648267	0.374173562013	0.000379350099984	27.7629072499	28.3256482626
3.86389748122	5.36897081413	0.39176075311	-0.0	-0.0	0.0156255701333	0.373835270686	0.000388252942822	28.7749159929	29.4395663385
3.87273530711	5.37331288344	0.390735315153	-0.0	-0.0	0.0161585611733	0.37350144983	0.000396526173076	29.7867785344	30.5613215188
3.88157313301	5.37928921569	0.389814101856	-0.0	-0.0	0.01669558644	0.373164907418	0.000404856556045	30.8184774186	31.7004421775
3.88555015466	5.38016528926	0.389528514188	-0.0	-0.0	0.0169151308667	0.373027272369	0.000408174445496	31.2424555481	32.161917164
3.88510826337	5.38089406001	0.38980877526	-0.0	-0.0	0.0169067821467	0.373032499132	0.000408051633896	31.2232184667	32.1172387476
3.8820150243	5.38258736971	0.389948179098	-0.0	-0.0	0.0168967420667	0.373038795039	0.000408186785872	31.2017392064	32.0827857147
3.87980556783	5.38239803741	0.390210446323	-0.0	-0.0	0.01688252576	0.373047714548	0.00040815211809	31.1713147181	32.0282841569
3.87980556783	5.38136112814	0.390410892801	-0.0	-0.0	0.0168722147467	0.373054178389	0.000407956531147	31.1490645279	31.9876990316
3.87980556783	5.38209138301	0.390732505095	-0.0	-0.0	0.0168547711067	0.37306511515	0.000407626645049	31.1116333952	31.9208743916
3.87936367654	5.38178472861	0.391051448127	-0.0	-0.0	0.01683766904	0.373075827802	0.00040735172365	31.0750515002	31.8552441336
3.87627043747	5.37871818461	0.391508143187	-0.0	-0.0	0.0168131410133	0.373091205006	0.000407212751562	31.0224798722	31.761223705
3.87185152452	5.37783916513	0.393112229997	-0.0	-0.0	0.01672814476	0.373144495801	0.00040607051721	30.8404713577	31.4350832843
3.8652231551	5.37223587224	0.400074680538	-0.0	-0.0	0.01636665716	0.373371050305	0.000399929255399	30.0717871865	30.065549434
3.8572691118	5.36581616969	0.40704364915	-0.0	-0.0	0.01601647492	0.373590452048	0.000394110457743	29.3349559165	28.7654542792
3.85152452497	5.3657635468	0.413552814076	-0.0	-0.0	0.0157008088667	0.373788157072	0.000388730996106	28.678232332	27.6146081364
3.8404772426	5.35965453424	0.420237354133	-0.0	-0.0	0.0153861453067	0.373985163827	0.000383818973866	28.0281239284	26.4871761852
3.83738400354	5.36040765905	0.427376108507	-0.0	-0.0	0.0150615938533	0.374188313177	0.000378011920525	27.366788071	25.3471216356
3.82766239505	5.35466914038	0.43490490152	-0.0	-0.0	0.0147288175867	0.374396533807	0.000372655413631	26.6947693052	24.2031300695
3.81307998232	5.34810911345	0.442940361271	-0.0	-0.0	0.01438135024	0.374613872822	0.000367490633268	25.9993848601	23.0394336676
3.79938135219	5.34244872592	0.4517727906	-0.0	-0.0	0.0140122525067	0.37484465883	0.000361762877748	25.2680499809	21.8318373852
3.79054352629	5.33592534992	0.461404326073	-0.0	-0.0	0.0136243910667	0.375087085464	0.000355282016642	24.5145109977	20.6001926771
3.7817057004	5.33291770574	0.471989209148	-0.0	-0.0	0.0132094509467	0.375346333114	0.000348286340817	23.7205009083	19.32842514
3.77242598321	5.33083411434	0.483425816366	-0.0	-0.0	0.01277572772	0.375617201172	0.000340938059167	22.901962158	18.0449234836
3.7649138312	5.32614133834	0.495968093762	-0.0	-0.0	0.01231776044	0.375903082597	0.000332998585619	22.0534031453	16.7409260838
3.75695978789	5.32789968652	0.510087854233	-0.0	-0.0	0.01182521716	0.37621040165	0.000324426310088	21.1578191048	15.3929272299
3.74060980999	5.31866750471	0.525690570582	-0.0	-0.0	0.0113024593733	0.376536404674	0.000316074493423	20.2289315823	14.0316776888
3.73353954927	5.31173324945	0.539111024331	-0.0	-0.0	0.0108728496533	0.376804195794	0.000308685676147	19.4809174645	12.9608962158
3.73221387539	5.31183134047	0.538698869675	-0.0	-0.0	0.0108816798667	0.376798692818	0.000308959081708	19.4960708302	12.9877288405
3.73265576668	5.31183134047	0.538381688026	-0.0	-0.0	0.0108864721867	0.376795706231	0.000309014353935	19.5045003608	13.00624997
3.73353954927	5.31214600378	0.537970341565	-0.0	-0.0	0.0108968437467	0.376789242597	0.000309132198577	19.5222200066	13.0348300144
3.73221387539	5.31183134047	0.537375334796	-0.0	-0.0	0.0109103873067	0.376780802047	0.000309491865669	19.5453543882	13.0745778218
3.7313300928	5.31151667716	0.536555291803	-0.0	-0.0	0.0109278105333	0.376769943463	0.00030988944103	19.5753964825	13.1282633678
3.7313300928	5.31214600378	0.534847005967	-0.0	-0.0	0.0109653968133	0.376746518124	0.000310587376123	19.6400885111	13.2420240693
3.7392841361	5.32148474363	0.519421944658	-0.0	-0.0	0.01131748792	0.376527043556	0.00031646706961	20.2518143073	14.3207298822
3.75033141847	5.33113415017	0.504050485152	-0.0	-0.0	0.0117002902933	0.376288327344	0.000322644434077	20.9276954877	15.5058145644
3.76049491825	5.33657465496	0.490577309007	-0.0	-0.0	0.01206754608	0.376059221073	0.000328595501768	21.5862891186	16.6517222705
3.76049491825	5.3355283788	0.478414888905	-0.0	-0.0	0.0124285490533	0.375833935935	0.000335311346233	22.2429273957	17.7862886516
3.77021652673	5.34241854637	0.467134065966	-0.0	-0.0	0.01279275704	0.375606573371	0.000341211392564	22.9143207681	18.9377998902
3.77375165709	5.34606952709	0.456597999467	-0.0	-0.0	0.0131643214933	0.375374528497	0.000347798363993	23.6082917374	20.1162760633
3.78612461335	5.35584740463	0.446972185145	-0.0	-0.0	0.0135363507067	0.3751421006	0.00035356552778	24.3121507192	21.2972922503
3.79231109147	5.3625	0.438582776644	-0.0	-0.0	0.01388941736	0.374921449572	0.000359547905434	24.9882833082	22.4202696562
3.80424215643	5.37109862672	0.430851669159	-0.0	-0.0	0.0142436939733	0.374699955216	0.000364980451234	25.6742251655	23.546891867
3.81617322139	5.37441643324	0.423903418583	-0.0	-0.0	0.0145923324	0.374481913586	0.000370290504961	26.3562857131	24.6515476501
3.82589482987	5.38425637834	0.417293734854	-0.0	-0.0	0.0149523432267	0.374256681112	0.000376009413231	27.0681317617	25.7923433313
3.82677861246	5.38432835821	0.411307557262	-0.0	-0.0	0.01531051036	0.374032524528	0.000382528485798	27.7823661617	26.9205531169
3.83252319929	5.38645542094	0.406141374759	-0.0	-0.0	0.0156541339733	0.373817391169	0.000388269728117	28.472428922	27.9899990795
3.8400353513	5.39106145251	0.401349606856	-0.0	-0.0	0.0160203404533	0.373588030637	0.000394196394914	29.2103620366	29.1010190453
3.84754750331	5.39584624923	0.397509724872	-0.0	-0.0	0.0163805580933	0.373362352846	0.000399968008257	29.9368769887	30.1445378589
3.8572691118	5.39956669762	0.394783886963	-0.0	-0.0	0.0167494498533	0.373131141241	0.000405572351873	30.6771123477	31.124190374
3.86301369863	5.39290123457	0.392770428101	-0.0	-0.0	0.0171536889067	0.372877686143	0.000412109505114	31.4835171622	32.1208936472
3.86389748122	5.39382716049	0.392536909544	-0.0	-0.0	0.0172135081733	0.372840170023	0.00041306824611	31.6028705887	32.2635017608
3.86345558992	5.39499691167	0.392636147946	-0.0	-0.0	0.0172105263333	0.37284204011	0.000413054086947	31.5959522613	32.2475837197
3.86036235086	5.39419215323	0.392850336781	-0.0	-0.0	0.0172006025333	0.372848263869	0.000413197003411	31.5745658097	32.2066636611
3.86080424216	5.39585908529	0.393038666785	-0.0	-0.0	0.01718904456	0.37285551243	0.000412934791448	31.5499280373	32.1647658102
3.85992045957	5.3955500618	0.393201260261	-0.0	-0.0	0.0171828699867	0.372859384768	0.00041291160774	31.5365511146	32.1366644733
3.85815289439	5.39369592089	0.393428399156	-0.0	-0.0	0.01716859528	0.372868331539	0.000412834263845	31.5061130772	32.0854700785
3.85461776403	5.39437055367	0.393782188619	-0.0	-0.0	0.0171501267867	0.372879908344	0.00041286608129	31.466602058	32.013864576
3.85152452497	5.3932549505	0.395446827087	-0.0	-0.0	0.01706294408	0.372934588721	0.000411559883715	31.2802350433	31.6778698179
3.84798939461	5.39331062248	0.401709668781	-0.0	-0.0	0.01674356016	0.373134833295	0.000405937180847	30.6016410873	30.4565869967
3.84224480778	5.39131782946	0.408618961363	-0.0	-0.0	0.0164037507733	0.373347811775	0.000400165156616	29.8871170932	29.1783604019
3.83870967742	5.38876822836	0.415150610081	-0.0	-0.0	0.0160906825333	0.373543960856	0.0003946590056	29.2356030555	28.0255912347
3.82633672117	5.38265464719	0.421852676776	-0.0	-0.0	0.0157808553067	0.373738029037	0.000390123760461	28.5975058786	26.9027338496
3.82412726469	5.3792353124	0.428695275667	-0.0	-0.0	0.0154743623067	0.373929935628	0.00038461082443	27.9723990887	25.8116373083
3.81705700398	5.37566137566	0.436000627327	-0.0	-0.0	0.0151550994533	0.374129793544	0.000379330572175	27.3274261286	24.6997449734
3.80733539549	5.37367436057	0.443613776365	-0.0	-0.0	0.0148316887067	0.374332173967	0.000374225068696	26.6814501598	23.5984122965
3.79584622183	5.36980306346	0.45169724577	-0.0	-0.0	0.0144959934	0.374542171385	0.000369055614186	26.0189152163	22.4854746694
3.79054352629	5.36514392991	0.460008815556	-0.0	-0.0	0.0141610572533	0.374751625826	0.000363320240726	25.3656783603	21.4017451924
3.77905435263	5.35179968701	0.469471598481	-0.0	-0.0	0.0137938848667	0.374981155209	0.000357569456367	24.65844211	20.2409290232
3.7733097658	5.34596117721	0.479783564455	-0.0	-0.0	0.0134071160933	0.375222841592	0.000350904329714	23.9234321779	19.0532323644
3.76800707026	5.34221247258	0.491204331109	-0.0	-0.0	0.0129895113467	0.375483700597	0.000343626657224	23.1419987468	17.8185491563
3.75961113566	5.33051378446	0.502869202819	-0.0	-0.0	0.0125746587867	0.375742732535	0.000336689560701	22.3783636733	16.6397179332
3.74988952718	5.32173095014	0.516485740621	-0.0	-0.0	0.0121117381733	0.376031647215	0.000328977040095	21.5403843961	15.369251026
3.73884224481	5.31479736098	0.53213354207	-0.0	-0.0	0.0115982158533	0.376351980316	0.000320416381833	20.6274320078	14.0256320858
3.71939902784	5.29672750157	0.548869805843	-0.0	-0.0	0.0110636225333	0.376685295595	0.000312162373873	19.696641763	12.7076064731
3.70128148475	5.28422712934	0.570406672778	-0.0	-0.0	0.0104102220533	0.377092436694	0.000301510071172	18.5849966559	11.1882578176
3.68493150685	5.27554571338	0.597119772963	-0.0	-0.0	0.00965482125333	0.377562803886	0.000288879538886	17.339597908	9.55107361211
3.65709235528	5.25540025413	0.624976092332	-0.0	-0.0	0.00892951114667	0.37801410019	0.000277681458242	16.1838579269	8.0926168328
