# C		CN		K0		e_x		e_y		e_z		n		overlap		p		q
3.55899248785	5.35450615231	0.736737559076	-0.0	-0.0	1.87240000048e-07	0.384679264831	0.000128419684633	5.58680177466	1.78388097947
3.58506407424	5.35711925999	0.650042725558	-0.0	-0.0	0.000531443826667	0.38435228479	0.000136932806135	6.18541403997	2.82332637382
3.60008837826	5.36285808364	0.569937943135	-0.0	-0.0	0.00134984762667	0.383848230129	0.000150624223598	7.15462168939	4.31370530353
3.61290322581	5.3601180715	0.527460925532	-0.0	-0.0	0.00212068413333	0.383373094748	0.000163264809074	8.10746569434	5.59305114231
3.6133451171	5.35199738048	0.501568775264	-0.0	-0.0	0.00286652962667	0.382913014797	0.000175890803963	9.06134573016	6.76407516127
3.62748563853	5.34190817323	0.483663752725	-0.0	-0.0	0.00361248325333	0.382452524792	0.000187720452943	10.0467073316	7.91044573927
3.64604507291	5.34154244977	0.471018331804	-0.0	-0.0	0.00433858268	0.382003961093	0.000198887467941	11.0374582623	9.01931440377
3.65620857269	5.34140826873	0.461287739587	-0.0	-0.0	0.00503626472	0.381572645913	0.000210026374842	12.0213968967	10.105310245
3.67432611578	5.33579454254	0.453384604793	-0.0	-0.0	0.00572674384	0.381145489775	0.00022054948317	13.0255412598	11.2021339778
3.69597878922	5.34740882917	0.446949361581	-0.0	-0.0	0.00641326198667	0.380720486561	0.000230743313758	14.0527660523	12.3109400863
3.70835174547	5.34299363057	0.44157724188	-0.0	-0.0	0.00707321445333	0.380311656629	0.000241018248405	15.068254666	13.4048317383
3.71939902784	5.35050890585	0.437163128978	-0.0	-0.0	0.00772982676	0.379904628021	0.000251294736087	16.1039419873	14.5074406562
3.7308882015	5.34770206022	0.433660725365	-0.0	-0.0	0.00836371930667	0.379511429577	0.000261124591208	17.1260653131	15.5824752128
3.73707467963	5.33922931143	0.430511111124	-0.0	-0.0	0.00898968749333	0.379122901881	0.000271166902054	18.1577775995	16.669310768
3.75121520106	5.34973194576	0.427972564417	-0.0	-0.0	0.00960245564	0.378742331584	0.000280381613485	19.186139414	17.7402843821
3.7644719399	5.35029846057	0.42558666068	-0.0	-0.0	0.01020852716	0.37836569088	0.000289530525852	20.2258826829	18.8280859688
3.78214759169	5.35157960588	0.423572489422	-0.0	-0.0	0.0108068733867	0.377993627419	0.000298155154789	21.2706874291	19.913449475
3.79938135219	5.3564973512	0.421719380393	-0.0	-0.0	0.0114085767867	0.377619251474	0.000306852051935	22.3411538194	21.0250373621
3.81794078657	5.3721219664	0.419832382652	-0.0	-0.0	0.0121410528933	0.377163205038	0.000317538382468	23.6691816332	22.3933615054
3.8152894388	5.36660447761	0.418375605458	-0.0	-0.0	0.0127213886267	0.376801645687	0.00032745728488	24.7430861802	23.5053867391
3.82545293858	5.37150837989	0.417167975127	-0.0	-0.0	0.0132863232	0.376449479925	0.000336032425084	25.8040701312	24.5965387787
3.83384887318	5.37329615861	0.415937338564	-0.0	-0.0	0.0138520024667	0.376096656283	0.000344763359666	26.8840915165	25.7146314169
3.84577993814	5.37619783617	0.414868410208	-0.0	-0.0	0.01442276032	0.375740451161	0.000353227017731	27.9896206739	26.8524047719
3.85152452497	5.37611848195	0.413781478824	-0.0	-0.0	0.0150851648267	0.375326804744	0.00036375717681	29.2918156099	28.1873816016
3.86257180734	5.38459167951	0.412978701996	-0.0	-0.0	0.0156255701333	0.374989133894	0.000371749471202	30.3696069017	29.2902879733
3.86964206805	5.38707692308	0.412218274565	-0.0	-0.0	0.0161585611733	0.374655927605	0.000380003624213	31.4477809434	30.3947500166
3.87936367654	5.39066339066	0.411512042544	-0.0	-0.0	0.01669558644	0.374320004149	0.000388018153938	32.5466226922	31.51899473
3.88157313301	5.39416282642	0.411515810369	-0.0	-0.0	0.0169151308667	0.374182624513	0.000391380533785	32.9937492893	31.9516670899
3.87980556783	5.39563479865	0.411872704731	-0.0	-0.0	0.0169067821467	0.374187843559	0.000391367593091	32.9704967663	31.8972960583
3.88113124171	5.3935483871	0.412058875394	-0.0	-0.0	0.0168967420667	0.374194132438	0.00039103496734	32.945871477	31.8568788429
3.87936367654	5.39501998156	0.41239483488	-0.0	-0.0	0.01688252576	0.374203029023	0.00039094118716	32.9122221348	31.794445205
3.87671232877	5.39452644526	0.412650768358	-0.0	-0.0	0.0168722147467	0.374209481591	0.000391013379363	32.8879580838	31.7482616252
3.87671232877	5.39421894219	0.413010243117	-0.0	-0.0	0.0168547711067	0.374220395577	0.000390686670177	32.8472833211	31.6771126002
3.87627043747	5.39256071319	0.413397032355	-0.0	-0.0	0.01683766904	0.374231090299	0.000390408205905	32.8071424111	31.6041651384
3.87715422006	5.39630769231	0.413934108655	-0.0	-0.0	0.0168131410133	0.374246448281	0.000389857368527	32.7496592178	31.5013818375
3.87450287229	5.39415384615	0.41584065267	-0.0	-0.0	0.01672814476	0.374299632728	0.000388518120304	32.5506029715	31.1430906647
3.86257180734	5.38644067797	0.424115913572	-0.0	-0.0	0.01636665716	0.374525769736	0.000382843476096	31.7090122542	29.6403004515
3.85285019885	5.3809817845	0.432356866504	-0.0	-0.0	0.01601647492	0.374744765434	0.000377163858386	30.9035808345	28.2223568433
3.84754750331	5.37770228536	0.439960452381	-0.0	-0.0	0.0157008088667	0.374942102976	0.000371714930979	30.1861482897	26.9778959152
3.83252319929	5.36965944272	0.4477347856	-0.0	-0.0	0.0153861453067	0.375138759099	0.000367156554802	29.4771057104	25.7654045505
3.82456915599	5.36484810911	0.455912347976	-0.0	-0.0	0.0150615938533	0.375341525817	0.000361775449457	28.7558362301	24.5509362593
3.81175430844	5.36349502488	0.464457056847	-0.0	-0.0	0.0147288175867	0.375549355499	0.0003566883283	28.0246781304	23.3422812872
3.80468404772	5.35729847495	0.473614732891	-0.0	-0.0	0.01438135024	0.375766296608	0.000350776904374	27.2700375567	22.1153381082
3.79628811312	5.35140186916	0.483626808608	-0.0	-0.0	0.0140122525067	0.375996661991	0.00034458903019	26.4790204685	20.8509815683
3.78038002651	5.34093037777	0.494509718822	-0.0	-0.0	0.0136243910667	0.376238637382	0.000338704065791	25.6584594497	19.5625567599
3.77065841803	5.33552220138	0.506438159628	-0.0	-0.0	0.0132094509467	0.376497411816	0.000331756180987	24.7950161994	18.2393826839
3.7649138312	5.32510159425	0.519498051324	-0.0	-0.0	0.01277572772	0.376767773017	0.000324117284828	23.908377858	16.9024680364
3.74149359258	5.31418706842	0.533814893958	-0.0	-0.0	0.01231776044	0.377053130474	0.000317545948607	22.9896874707	15.5503416821
3.72867874503	5.30837004405	0.54985635532	-0.0	-0.0	0.01182521716	0.377359885332	0.000309440899912	22.0222114671	14.1635926908
3.71586389748	5.30242825607	0.567722913926	-0.0	-0.0	0.0113024593733	0.377685292998	0.0003007560147	21.0164116601	12.7630208273
3.6973044631	5.2859399684	0.583047500928	-0.0	-0.0	0.0108728496533	0.377952585523	0.000294265039069	20.2068007652	11.6688456463
3.69863013699	5.2868878357	0.582375784404	-0.0	-0.0	0.0108816798667	0.377947101624	0.00029432719295	20.2234240172	11.7045184956
3.69863013699	5.2868878357	0.582177539258	-0.0	-0.0	0.0108864721867	0.377944114361	0.000294414004126	20.2321705489	11.717285258
3.70039770217	5.28846761453	0.581666564105	-0.0	-0.0	0.0108968437467	0.377937662382	0.000294461081514	20.2510458895	11.7481068869
3.70172337605	5.2897314376	0.580873604129	-0.0	-0.0	0.0109103873067	0.377929240895	0.000294608120848	20.2762321992	11.7936603656
3.69951391958	5.28982300885	0.579951062788	-0.0	-0.0	0.0109278105333	0.377918398812	0.000295103862543	20.3082904416	11.848419957
3.70128148475	5.29140328698	0.577869808782	-0.0	-0.0	0.0109653968133	0.377895017763	0.000295658311392	20.3779846974	11.9710597331
3.70702607159	5.29794628752	0.559480351747	-0.0	-0.0	0.01131748792	0.3776759406	0.00030170595333	21.0362679758	13.1199545428
3.71939902784	5.30924581887	0.541274838169	-0.0	-0.0	0.0117002902933	0.377437667712	0.000307767967424	21.7641936934	14.3820578029
3.73221387539	5.32460567823	0.525468283189	-0.0	-0.0	0.01206754608	0.377208986103	0.000313494742873	22.4740582687	15.5996830357
3.73707467963	5.32734719597	0.511317123979	-0.0	-0.0	0.0124285490533	0.376984116109	0.000319758607949	23.1824614016	16.8031445958
3.748121962	5.33511642542	0.498255481075	-0.0	-0.0	0.01279275704	0.376757172126	0.000325532819993	23.9070275919	18.0242737738
3.75961113566	5.34443746072	0.486105617995	-0.0	-0.0	0.0131643214933	0.376525549512	0.000331393348396	24.6565367982	19.2740851118
3.76889085285	5.34891747725	0.475009239144	-0.0	-0.0	0.0135363507067	0.37629355614	0.00033743617659	25.4169545752	20.5285228878
3.78833406982	5.3604505632	0.465439733469	-0.0	-0.0	0.01388941736	0.376073306825	0.000342200721069	26.1472845358	21.7164762947
3.79054352629	5.36303939962	0.456592003108	-0.0	-0.0	0.0142436939733	0.375852229307	0.000348530829399	26.8889043989	22.9120340186
3.79982324348	5.37269603249	0.448671209408	-0.0	-0.0	0.0145923324	0.375634585195	0.000354089212688	27.6263109041	24.0829179197
3.81307998232	5.38663335415	0.441269895183	-0.0	-0.0	0.0149523432267	0.375409766419	0.000359461010532	28.3949229398	25.2824907366
3.82589482987	5.39358055469	0.434716030998	-0.0	-0.0	0.01531051036	0.375186025217	0.000364795749496	29.1652825849	26.4572332397
3.83473265577	5.40018685768	0.429243391486	-0.0	-0.0	0.0156541339733	0.374971280929	0.000370203208746	29.9081105578	27.5550817559
3.83296509059	5.39576851276	0.424361931785	-0.0	-0.0	0.0160203404533	0.374742354386	0.000376979262009	30.7005962569	28.6777797441
3.83650022095	5.40031104199	0.420712832541	-0.0	-0.0	0.0163805580933	0.37451708004	0.000383037121917	31.4764306088	29.7061554124
3.84445426425	5.40596829344	0.418103490464	-0.0	-0.0	0.0167494498533	0.374286302847	0.000388704539209	32.2655254914	30.6749677843
3.84931506849	5.40639552934	0.416317328074	-0.0	-0.0	0.0171536889067	0.374033312938	0.00039518628615	33.1258776302	31.6511543098
3.84798939461	5.40559006211	0.416095718983	-0.0	-0.0	0.0172135081733	0.37399586695	0.000396348773103	33.2532443773	31.7926031319
3.84754750331	5.40484321639	0.416164108284	-0.0	-0.0	0.0172105263333	0.373997733591	0.00039633855517	33.2462576742	31.7798279587
3.84710561202	5.40559006211	0.416411334846	-0.0	-0.0	0.0172006025333	0.37400393616	0.000396197164437	33.2229774547	31.7355629421
3.84666372072	5.40527950311	0.416640363489	-0.0	-0.0	0.01718904456	0.374011174045	0.000396027138574	33.1961139715	31.6895378243
3.8484312859	5.4072693383	0.416780719666	-0.0	-0.0	0.0171828699867	0.374015046287	0.000395729770018	33.1816694952	31.6632794323
3.84622182943	5.40602671637	0.417103999535	-0.0	-0.0	0.01716859528	0.374023981975	0.000395688856723	33.1483314361	31.6027895844
3.84754750331	5.40633737185	0.417518587167	-0.0	-0.0	0.0171501267867	0.374035542702	0.000395207115996	33.1052637671	31.5250302517
3.84091913389	5.40622083981	0.419504078846	-0.0	-0.0	0.01706294408	0.374090113599	0.000394254819005	32.9022092616	31.1574446151
3.83561643836	5.40255292653	0.426923591458	-0.0	-0.0	0.01674356016	0.374289987232	0.000388815221702	32.1631955275	29.8276504395
3.83252319929	5.39881693649	0.435097255984	-0.0	-0.0	0.0164037507733	0.374502573247	0.000382755571473	31.3852074691	28.4402339554
3.82545293858	5.39146683276	0.442871624949	-0.0	-0.0	0.0160906825333	0.374698361661	0.000377584372094	30.6764140512	27.1893335113
3.8232434821	5.3924563591	0.450773430667	-0.0	-0.0	0.0157808553067	0.374892062428	0.000372002733336	29.9828145777	25.9799409485
3.81882456916	5.38727782975	0.458787597375	-0.0	-0.0	0.0154743623067	0.375083624072	0.000366707447204	29.3041250228	24.8122044244
3.80291648255	5.38148843027	0.467340193813	-0.0	-0.0	0.0151550994533	0.375283114021	0.000362265571084	28.6052830365	23.6269793434
3.79407865665	5.37202753442	0.476252132486	-0.0	-0.0	0.0148316887067	0.375485112343	0.000357070905262	27.905793012	22.4566980623
3.78568272205	5.37021943574	0.485751801598	-0.0	-0.0	0.0144959934	0.375694731242	0.000351593229627	27.1886427273	21.2757062937
3.77772867875	5.36178224035	0.49549756109	-0.0	-0.0	0.0141610572533	0.375903800423	0.000346100120416	26.4821901541	20.1311334794
3.76535572249	5.35218347471	0.506504078655	-0.0	-0.0	0.0137938848667	0.376132909251	0.000340419556836	25.7182145134	18.9147280708
3.75077330977	5.33616352201	0.518530827801	-0.0	-0.0	0.0134071160933	0.376374154904	0.000334550466038	24.9244089807	17.6730064009
3.74060980999	5.32536186281	0.531890756446	-0.0	-0.0	0.0129895113467	0.376634529646	0.000327701046768	24.0808406319	16.3861300558
3.72867874503	5.31872635561	0.545605559914	-0.0	-0.0	0.0125746587867	0.376893076064	0.000321076674291	23.2572692131	15.1605551278
3.7229341582	5.31315042573	0.561380402748	-0.0	-0.0	0.0121117381733	0.377181459395	0.000313019977593	22.3540283225	13.8568342807
3.70746796288	5.29879974732	0.57923188222	-0.0	-0.0	0.0115982158533	0.377501212171	0.000304825854646	21.3697387438	12.4973671971
3.70083959346	5.29140328698	0.598194769259	-0.0	-0.0	0.0110636225333	0.377833906928	0.000295468025682	20.364377227	11.1763143292
3.66548828988	5.26372580133	0.622148368762	-0.0	-0.0	0.0104102220533	0.37824029777	0.000286054586406	19.1619546739	9.67836700492
3.63278833407	5.24872286079	0.651018097165	-0.0	-0.0	0.00965482125333	0.378709795698	0.000274622209764	17.8226984467	8.10560568018
3.61820592134	5.24415251522	0.680296824515	-0.0	-0.0	0.00892951114667	0.379160262873	0.000262440894908	16.5869640747	6.73928580023
