# C		CN		K0		e_x		e_y		e_z		n		overlap		p		q
3.45470614229	5.24111334675	0.73629224435	-0.0	-0.0	1.87240000048e-07	0.388455356243	0.000129953295913	5.5847871773	1.78689751437
3.47149801149	5.24799465241	0.650997186949	-0.0	-0.0	0.000531443826667	0.388130382808	0.000138854912397	6.16220790272	2.80273651018
3.49138311975	5.25207848354	0.574429925679	-0.0	-0.0	0.00134984762667	0.387629421422	0.000152302892311	7.08944258218	4.21207730884
3.51612903226	5.25388429752	0.532796002854	-0.0	-0.0	0.00212068413333	0.387157201846	0.000164346081408	7.99811695063	5.42713982041
3.52806009722	5.25568369028	0.5063491875	-0.0	-0.0	0.00286652962667	0.386699945306	0.000176341812627	8.90863285113	6.55501176905
3.53999116217	5.25911330049	0.487889096215	-0.0	-0.0	0.00361248325333	0.386242281229	0.000188219289388	9.84982939102	7.6590657558
3.56120194432	5.26897905759	0.474632528364	-0.0	-0.0	0.00433858268	0.38579647027	0.000199158723359	10.7947179172	8.72820292904
3.57666813964	5.2766721044	0.464426855296	-0.0	-0.0	0.00503626472	0.385367801978	0.000209892047164	11.7328679711	9.7733834782
3.59566946531	5.27996102631	0.456321793822	-0.0	-0.0	0.00572674384	0.384943264729	0.000220236197873	12.6887203587	10.8204907091
3.61290322581	5.28183581125	0.449371434441	-0.0	-0.0	0.00641326198667	0.384520872146	0.000230549391848	13.6667736384	11.8899447961
3.62483429076	5.28019323671	0.443621096465	-0.0	-0.0	0.00707321445333	0.384114551115	0.00024069385994	14.6317757156	12.9408054142
3.64383561644	5.28956661316	0.43884836824	-0.0	-0.0	0.00772982676	0.383710020355	0.000250227142108	15.6138692207	13.998663396
3.66283694211	5.29635549872	0.434824562046	-0.0	-0.0	0.00836371930667	0.383319234885	0.000259358223218	16.5855890447	15.0409519593
3.6805125939	5.30676020408	0.431292230835	-0.0	-0.0	0.00898968749333	0.382933091501	0.00026838960549	17.5665928409	16.0909607569
3.68537339814	5.31399426203	0.428180632645	-0.0	-0.0	0.00960245564	0.382554861804	0.000278122198553	18.5478468056	17.1400118465
3.69642068051	5.32049649905	0.425530548894	-0.0	-0.0	0.01020852716	0.382180527341	0.00028720691203	19.5359456387	18.1887091376
3.70481661511	5.31852791878	0.423111445174	-0.0	-0.0	0.0108068733867	0.381810746774	0.000296374305271	20.5306228719	19.2455874426
3.70923552806	5.32181357007	0.420976551743	-0.0	-0.0	0.0114085767867	0.381438668269	0.000305883332874	21.5477417617	20.3207905458
3.72602739726	5.33038254821	0.418730437812	-0.0	-0.0	0.0121410528933	0.380985420897	0.000316437869378	22.8072732106	21.6448261125
3.74016791869	5.34090909091	0.417135217729	-0.0	-0.0	0.0127213886267	0.380626085236	0.000324697505849	23.8229982868	22.710260888
3.75386654883	5.34645669291	0.415724593097	-0.0	-0.0	0.0132863232	0.38027608125	0.000332728105799	24.8279814744	23.7621317935
3.76358815731	5.35440251572	0.414416444916	-0.0	-0.0	0.0138520024667	0.379925411614	0.000341093110855	25.8495994216	24.8307547578
3.77110030932	5.35878102419	0.413278427887	-0.0	-0.0	0.01442276032	0.379571398155	0.000349724968851	26.8944780691	25.916910942
3.78568272205	5.35888610763	0.411963943864	-0.0	-0.0	0.0150851648267	0.379160287307	0.000359180518185	28.1280566001	27.2055352317
3.80380026513	5.36942277691	0.410901637235	-0.0	-0.0	0.0156255701333	0.378824691561	0.00036629557053	29.1512745537	28.279071104
3.81617322139	5.37663551402	0.410026826139	-0.0	-0.0	0.0161585611733	0.37849352244	0.000373807860338	30.1727064823	29.3415868016
3.81705700398	5.37608966376	0.409158147097	-0.0	-0.0	0.01669558644	0.378159668122	0.000382513156886	31.2166083544	30.4304791971
3.81882456916	5.3781512605	0.408765716102	-0.0	-0.0	0.0169151308667	0.378023132642	0.000385935901955	31.6482062902	30.8850305162
3.82015024304	5.37846249611	0.409051965781	-0.0	-0.0	0.0169067821467	0.378028324245	0.000385632052811	31.627777438	30.8404364227
3.82103402563	5.37908496732	0.409248965887	-0.0	-0.0	0.0168967420667	0.378034568859	0.000385359229812	31.6054553443	30.8017211931
3.81882456916	5.3781512605	0.409587478524	-0.0	-0.0	0.01688252576	0.378043410847	0.00038531353276	31.5732881802	30.7412950253
3.81838267786	5.3778400249	0.409830348101	-0.0	-0.0	0.0168722147467	0.378049823817	0.000385163500141	31.5498885785	30.6976791861
3.81838267786	5.37616677038	0.410239013191	-0.0	-0.0	0.0168547711067	0.378060672797	0.000384835965155	31.5105131348	30.624381704
3.81838267786	5.37690631808	0.410640804849	-0.0	-0.0	0.01683766904	0.378071309154	0.000384513984606	31.4718520971	30.5524834651
3.81661511268	5.37608966376	0.411218943701	-0.0	-0.0	0.0168131410133	0.378086562086	0.000384229280938	31.4163998084	30.4494016375
3.81970835175	5.37826899128	0.413234155372	-0.0	-0.0	0.01672814476	0.378139421716	0.000382316874653	31.2243729556	30.0931510213
3.80512593902	5.37191887676	0.422000755326	-0.0	-0.0	0.01636665716	0.378364175979	0.000376978606108	30.4149053664	28.6005063885
3.79231109147	5.36565530185	0.43075654087	-0.0	-0.0	0.01601647492	0.378581823694	0.000371654390047	29.6397752926	27.1911839581
3.78214759169	5.36246867168	0.43885719637	-0.0	-0.0	0.0157008088667	0.378777953359	0.000366670269772	28.9481277163	25.9528823064
3.77728678745	5.35967387896	0.447112726671	-0.0	-0.0	0.0153861453067	0.378973393807	0.0003612133611	28.2683411133	24.752923701
3.76712328767	5.34996861268	0.455858834854	-0.0	-0.0	0.0150615938533	0.379174920931	0.000356089055232	27.5760848625	23.5473310495
3.74856385329	5.33994334278	0.465081991626	-0.0	-0.0	0.0147288175867	0.379381482412	0.000351592311405	26.8754008143	22.3444266952
3.73177198409	5.33596713021	0.474900364866	-0.0	-0.0	0.01438135024	0.379597089621	0.000346643496678	26.1534875807	21.1301389573
3.72337604949	5.32722099273	0.485715974905	-0.0	-0.0	0.0140122525067	0.379826036674	0.000340484533526	25.3962964995	19.8752631369
3.70923552806	5.32350142721	0.49723498733	-0.0	-0.0	0.0136243910667	0.380066531598	0.000334529361726	24.6151523775	18.6149266033
3.69818824569	5.31311527469	0.509837336834	-0.0	-0.0	0.0132094509467	0.380323713505	0.000327787453562	23.7929797734	17.3232310368
3.68139637649	5.30308818848	0.523399961629	-0.0	-0.0	0.01277572772	0.380592423226	0.000321204077751	22.9485587397	16.030805725
3.66504639859	5.29671031619	0.5382114819	-0.0	-0.0	0.01231776044	0.380876023186	0.000314123778263	22.072642496	14.7266135751
3.64383561644	5.28049951969	0.554654159939	-0.0	-0.0	0.01182521716	0.381180896949	0.000306816873409	21.1509283081	13.3970143388
3.62969509501	5.27497590748	0.572643370618	-0.0	-0.0	0.0113024593733	0.381504304915	0.000298311113503	20.1934259414	12.0680293409
3.61599646487	5.26552944963	0.588126536273	-0.0	-0.0	0.0108728496533	0.381769959609	0.000291510512151	19.4238884435	11.0283831139
3.61776403005	5.26512226512	0.587458850403	-0.0	-0.0	0.0108816798667	0.381764500482	0.000291535238007	19.4398810655	11.0621439329
3.61688024746	5.26544401544	0.587278901054	-0.0	-0.0	0.0108864721867	0.381761537692	0.000291688769751	19.4479175398	11.0733766996
3.61688024746	5.26512226512	0.586612655593	-0.0	-0.0	0.0108968437467	0.381755125562	0.000291881563683	19.4664359233	11.1086202751
3.61688024746	5.26617315739	0.5858641071	-0.0	-0.0	0.0109103873067	0.381746755822	0.000292127421949	19.4901174359	11.1499548621
3.61864781264	5.26673101673	0.584825616535	-0.0	-0.0	0.0109278105333	0.381735980208	0.000292305363578	19.5209890786	11.2063374267
3.61908970393	5.26600192988	0.582627133328	-0.0	-0.0	0.0109653968133	0.381712741527	0.000292959204408	19.587510261	11.3270234833
3.62571807335	5.27363344051	0.56303241309	-0.0	-0.0	0.01131748792	0.381495009753	0.000298872399984	20.2164945699	12.4652165906
3.64074237738	5.28943141664	0.54367795677	-0.0	-0.0	0.0117002902933	0.381258199252	0.000304638366344	20.9118138099	13.7147501442
3.6473707468	5.29387231312	0.526772735669	-0.0	-0.0	0.01206754608	0.381030921014	0.000310802662286	21.5900134017	14.9258681459
3.66239505082	5.30313700384	0.51167458613	-0.0	-0.0	0.0124285490533	0.380807430998	0.000316120354547	22.2666592184	16.1218474706
3.6725585506	5.31413947537	0.497843535082	-0.0	-0.0	0.01279275704	0.380581876736	0.000321901317231	22.9591876251	17.3310305021
3.6805125939	5.32289002558	0.485091994442	-0.0	-0.0	0.0131643214933	0.380351678526	0.000328000906564	23.6752002405	18.562555892
3.70216526734	5.32898504613	0.47353885278	-0.0	-0.0	0.0135363507067	0.380121115444	0.00033287431437	24.401222356	19.7931938901
3.71011931065	5.33884823417	0.46357719673	-0.0	-0.0	0.01388941736	0.379902212441	0.000338621116676	25.0993101678	20.959154647
3.71851524525	5.34307496823	0.454571939212	-0.0	-0.0	0.0142436939733	0.379682486091	0.000344324306878	25.8078603592	22.1193353543
3.73000441891	5.35120558376	0.446565101816	-0.0	-0.0	0.0145923324	0.379466181866	0.000349601682826	26.5121915347	23.2516051898
3.74149359258	5.35727848101	0.439091873056	-0.0	-0.0	0.0149523432267	0.37924274732	0.000355056010887	27.2461046872	24.4106492428
3.7476800707	5.36965473551	0.432377818876	-0.0	-0.0	0.01531051036	0.379020368086	0.000360955434553	27.9828803625	25.5535415964
3.75298276624	5.37587080431	0.426698072423	-0.0	-0.0	0.0156541339733	0.378806951243	0.00036663220112	28.6935067856	26.6268646261
3.75519222271	5.37658227848	0.421596577167	-0.0	-0.0	0.0160203404533	0.378579421576	0.000372952609495	29.4516893504	27.7262714791
3.76579761379	5.38167456556	0.41773478811	-0.0	-0.0	0.0163805580933	0.37835553582	0.000378233124983	30.194388109	28.7356576506
3.77551922227	5.38568274992	0.414995274887	-0.0	-0.0	0.0167494498533	0.378126172777	0.000383614666671	30.9477666852	29.6798085839
3.77861246133	5.38827607942	0.412955734168	-0.0	-0.0	0.0171536889067	0.377874736273	0.000390178298981	31.7686471758	30.6415767926
3.77861246133	5.38965952081	0.412710239347	-0.0	-0.0	0.0172135081733	0.377837525034	0.000391188718731	31.8898415384	30.7796109822
3.77772867875	5.38796092026	0.412882142992	-0.0	-0.0	0.0172105263333	0.377839375269	0.000391215928594	31.8821421303	30.7573794296
3.77772867875	5.38764576111	0.413070482366	-0.0	-0.0	0.0172006025333	0.377845549436	0.000391033755467	31.8600114366	30.7198318839
3.77817057004	5.38796092026	0.413326577189	-0.0	-0.0	0.01718904456	0.377852740239	0.000390774053367	31.8342711879	30.6730165971
3.77772867875	5.38764576111	0.413479492812	-0.0	-0.0	0.0171828699867	0.377856581721	0.000390704391406	31.8203373857	30.6464686442
3.77905435263	5.38752362949	0.413822154613	-0.0	-0.0	0.01716859528	0.377865462573	0.000390301163391	31.7881925677	30.5861498334
3.77949624392	5.38614173228	0.414261600525	-0.0	-0.0	0.0171501267867	0.377876952354	0.000389911878148	31.7467838515	30.5087357124
3.77640300486	5.38745271122	0.416358766565	-0.0	-0.0	0.01706294408	0.377931187562	0.000388606774812	31.5513652662	30.1432338715
3.77021652673	5.38296529968	0.424239298604	-0.0	-0.0	0.01674356016	0.378129835413	0.000383285686367	30.8404351835	28.81836547
3.7644719399	5.38369152971	0.432944626765	-0.0	-0.0	0.0164037507733	0.378341116832	0.000377541333578	30.0926637681	27.4360442117
3.75828546178	5.37962670041	0.441214009641	-0.0	-0.0	0.0160906825333	0.378535708023	0.000372331426224	29.4121648451	26.1924049577
3.748121962	5.37187203041	0.449646077199	-0.0	-0.0	0.0157808553067	0.378728222716	0.000367573541874	28.7463761734	24.9893322468
3.7392841361	5.36334812936	0.458145982264	-0.0	-0.0	0.0154743623067	0.378918611028	0.000362743620221	28.095729495	23.8331906462
3.72956252762	5.35820895522	0.467246106422	-0.0	-0.0	0.0151550994533	0.379116867595	0.000357758038059	27.4263873099	22.6594573952
3.7145382236	5.3480750875	0.476706396869	-0.0	-0.0	0.0148316887067	0.379317635406	0.000353217434316	26.7572459304	21.5037431069
3.71011931065	5.34415791149	0.486819642239	-0.0	-0.0	0.0144959934	0.379525960594	0.000347437207576	26.0710991702	20.3368104364
3.69907202828	5.33460803059	0.497192777971	-0.0	-0.0	0.0141610572533	0.379733744978	0.000342275472668	25.3952545298	19.2072952165
3.68669907203	5.31983418367	0.508693524106	-0.0	-0.0	0.0137938848667	0.37996144436	0.000336640984653	24.6654461239	18.0207760661
3.6725585506	5.30820824018	0.521126447385	-0.0	-0.0	0.0134071160933	0.380201212994	0.000330802984952	23.9087516524	16.8185862853
3.65444100751	5.30169926258	0.534836452912	-0.0	-0.0	0.0129895113467	0.380459987406	0.000324761027156	23.1053192227	15.5789142564
3.64383561644	5.29075738126	0.548764026921	-0.0	-0.0	0.0125746587867	0.380716954327	0.000318078873095	22.3211033542	14.4056496986
3.62439239947	5.27500804117	0.564700312617	-0.0	-0.0	0.0121117381733	0.38100356687	0.000311270145859	21.4616083833	13.1617761016
3.61467079099	5.26973896229	0.582779250846	-0.0	-0.0	0.0115982158533	0.38132135346	0.000302675954556	20.5263560515	11.8639440715
3.5885992046	5.24684975767	0.601767694487	-0.0	-0.0	0.0110636225333	0.381652006833	0.000294968093577	19.5709762194	10.610850663
3.56694653115	5.23047001621	0.625501479518	-0.0	-0.0	0.0104102220533	0.382055903741	0.000284667600415	18.4335694049	9.20035814472
3.53999116217	5.21184510251	0.654457298759	-0.0	-0.0	0.00965482125333	0.382522522941	0.00027292654729	17.1627634494	7.70552663502
3.52054794521	5.19471624266	0.683776248245	-0.0	-0.0	0.00892951114667	0.382970221116	0.000261193253408	15.9876064825	6.40618644483
