# C		CN		K0		e_x		e_y		e_z		n		overlap		p		q
3.47503314185	5.27230046948	0.736856625624	-0.0	-0.0	1.87240000048e-07	0.38663807769	0.000142062852661	5.58716651656	1.78301892868
3.49138311975	5.27707219251	0.655231477645	-0.0	-0.0	0.000531443826667	0.386312138557	0.000150963943388	6.1193704476	2.73940722849
3.53336279275	5.28373015873	0.574408928709	-0.0	-0.0	0.00134984762667	0.385809688504	0.000163565931294	6.97776177815	4.14600953746
3.55103844454	5.28768926926	0.527504966675	-0.0	-0.0	0.00212068413333	0.385336065903	0.000176123699307	7.82257929674	5.39578394077
3.5545735749	5.28327308577	0.497224806124	-0.0	-0.0	0.00286652962667	0.384877450338	0.000188724833918	8.66885130438	6.55591903923
3.56959787892	5.28856862103	0.475571981282	-0.0	-0.0	0.00361248325333	0.384418426258	0.000200586272542	9.54300184919	7.69489742697
3.57887759611	5.29332897319	0.459882166316	-0.0	-0.0	0.00433858268	0.383971290517	0.000212308360408	10.4198563167	8.79475171833
3.59257622625	5.29045913383	0.448150604782	-0.0	-0.0	0.00503626472	0.383541348386	0.00022317724275	11.2849271114	9.85220096379
3.60760053027	5.2961038961	0.438660762785	-0.0	-0.0	0.00572674384	0.383115549573	0.000233787234486	12.1655209109	10.9128630372
3.61511268228	5.29802397149	0.430826220985	-0.0	-0.0	0.00641326198667	0.382691901799	0.000244767501804	13.0645500816	11.9829015988
3.62615996465	5.29770745883	0.424437899161	-0.0	-0.0	0.00707321445333	0.382284373337	0.000255075421977	13.9520518302	13.0299811427
3.64030048608	5.29697554698	0.419016535426	-0.0	-0.0	0.00772982676	0.381878640465	0.000265066885495	14.8562715341	14.0877466952
3.64958020327	5.2943251042	0.414591324539	-0.0	-0.0	0.00836371930667	0.381486693729	0.000274972063613	15.7484193698	15.1202964809
3.66106937693	5.2992	0.410667977633	-0.0	-0.0	0.00898968749333	0.381099402873	0.000284579370772	16.6492539845	16.1616617075
3.6805125939	5.30264415419	0.407175687031	-0.0	-0.0	0.00960245564	0.380720049383	0.000293322992221	17.5498261887	17.2027818896
3.69288555015	5.30654383736	0.404114586255	-0.0	-0.0	0.01020852716	0.380344607565	0.000302484207351	18.4572507	18.2472553321
3.7140963323	5.31435800127	0.401307560499	-0.0	-0.0	0.0108068733867	0.379973722964	0.000310763324785	19.3711137262	19.300857733
3.72646928856	5.32280480101	0.398712486713	-0.0	-0.0	0.0114085767867	0.379600538783	0.000319799437774	20.3075762232	20.3803088117
3.73884224481	5.32829237555	0.395829299554	-0.0	-0.0	0.0121410528933	0.379145944532	0.000330980532055	21.4699642579	21.719857819
3.7476800707	5.33196979232	0.393730777998	-0.0	-0.0	0.0127213886267	0.378785536169	0.000339972501111	22.4099612939	22.8029572214
3.75961113566	5.3355304457	0.39172096396	-0.0	-0.0	0.0132863232	0.378434494444	0.000348410339492	23.3413300306	23.8831018415
3.76844896156	5.34388714734	0.389956819281	-0.0	-0.0	0.0138520024667	0.378082785304	0.000357102646478	24.2869232545	24.9721193058
3.77198409191	5.35006273526	0.38832600631	-0.0	-0.0	0.01442276032	0.377727719851	0.000366340150501	25.2547057052	26.0844215779
3.78656650464	5.350625	0.386528510748	-0.0	-0.0	0.0150851648267	0.377315387338	0.000376088921741	26.3976731397	27.4005060031
3.80070702607	5.34971997511	0.385169657892	-0.0	-0.0	0.0156255701333	0.376978794328	0.000383813878224	27.3451001401	28.4904658518
3.81970835175	5.35782945736	0.383943828508	-0.0	-0.0	0.0161585611733	0.376646641099	0.000390898659934	28.2920493482	29.5768085759
3.83296509059	5.35950540958	0.382764520752	-0.0	-0.0	0.01669558644	0.376311794692	0.000398622331005	29.2595244515	30.6877137211
3.83650022095	5.36487322202	0.382309698227	-0.0	-0.0	0.0169151308667	0.376174852391	0.000401963869861	29.6587292666	31.145372426
3.83296509059	5.36521200867	0.382559325396	-0.0	-0.0	0.0169067821467	0.376180060511	0.000402165273176	29.6405171721	31.1048680667
3.82898806894	5.36284829721	0.382718419805	-0.0	-0.0	0.0168967420667	0.376186320164	0.000402396417936	29.6203271596	31.0700704971
3.82810428635	5.36493184634	0.382999141347	-0.0	-0.0	0.01688252576	0.376195190618	0.000402221402112	29.591284845	31.0156272579
3.82589482987	5.36693548387	0.383207039793	-0.0	-0.0	0.0168722147467	0.376201616249	0.000402258674454	29.5702092521	30.9758008204
3.82501104728	5.3687150838	0.38354696044	-0.0	-0.0	0.0168547711067	0.376212505191	0.000402023594725	29.5346343163	30.9095881348
3.82235969951	5.36789816827	0.383892041938	-0.0	-0.0	0.01683766904	0.376223169561	0.000401979904702	29.4997439903	30.8437447746
3.81882456916	5.36541446756	0.384381794188	-0.0	-0.0	0.0168131410133	0.376238472982	0.000401888201581	29.449683606	30.7498890792
3.81661511268	5.36262030425	0.386089600082	-0.0	-0.0	0.01672814476	0.376291488122	0.00040051510645	29.2766192158	30.4256268374
3.81042863456	5.36131840796	0.393492482194	-0.0	-0.0	0.01636665716	0.376516910269	0.000394305282647	28.5450830937	29.0648346311
3.80247459125	5.3548085901	0.400919842979	-0.0	-0.0	0.01601647492	0.37673520475	0.000388508561107	27.8451630567	27.7740879829
3.79142730888	5.34923604615	0.407788144658	-0.0	-0.0	0.0157008088667	0.376931917239	0.000383655193525	27.220819965	26.6369841746
3.77728678745	5.34835680751	0.414918926666	-0.0	-0.0	0.0153861453067	0.377127943217	0.0003790265202	26.6017907058	25.5173499069
3.76889085285	5.34440614228	0.422458423251	-0.0	-0.0	0.0150615938533	0.377330064447	0.00037373818818	25.9738353916	24.3929202685
3.76049491825	5.33720200753	0.430475503231	-0.0	-0.0	0.0147288175867	0.37753723975	0.000368288374712	25.3375615791	23.2628832639
3.75033141847	5.33280955374	0.439085948244	-0.0	-0.0	0.01438135024	0.377753487662	0.000362736842529	24.6819595712	22.1137234152
3.73619089704	5.33007566204	0.448537854198	-0.0	-0.0	0.0140122525067	0.377983115059	0.000357151510642	23.9950063188	20.9253710032
3.72602739726	5.32196969697	0.458798317371	-0.0	-0.0	0.0136243910667	0.378224324643	0.000350858580756	23.2845143004	19.7147065607
3.70172337605	5.30935023772	0.470010300128	-0.0	-0.0	0.0132094509467	0.378482270797	0.000345380251466	22.5366557245	18.4702091338
3.68625718073	5.29955527319	0.48209535122	-0.0	-0.0	0.01277572772	0.378751775735	0.000338705002336	21.7680131456	17.2189317291
3.67609368095	5.29471674093	0.495423805396	-0.0	-0.0	0.01231776044	0.379036225241	0.000331118035774	20.971146984	15.9452810215
3.65930181175	5.28503032237	0.510309871871	-0.0	-0.0	0.01182521716	0.379341996432	0.000323469250694	20.1309299128	14.6359813798
3.64074237738	5.27432778489	0.526549485721	-0.0	-0.0	0.0113024593733	0.379666370476	0.000315389440028	19.257946523	13.3228131894
3.62969509501	5.26788578762	0.540535437896	-0.0	-0.0	0.0108728496533	0.379932814595	0.000308385470544	18.5551057592	12.2899421278
3.6305788776	5.26779987171	0.539971295435	-0.0	-0.0	0.0108816798667	0.379927339246	0.000308477709203	18.5697460886	12.3214211893
3.6301369863	5.2674791533	0.539794324924	-0.0	-0.0	0.0108864721867	0.379924367652	0.000308602403241	18.577368038	12.3333191875
3.6305788776	5.26779987171	0.539333323604	-0.0	-0.0	0.0108968437467	0.379917937635	0.000308753048654	18.5938971998	12.3621392143
3.63146266019	5.26981071543	0.538665184695	-0.0	-0.0	0.0109103873067	0.379909538291	0.000308925043599	18.6158085567	12.4026308893
3.63278833407	5.27077317934	0.537805933138	-0.0	-0.0	0.0109278105333	0.379898734221	0.000309134848108	18.6440855367	12.4549091145
3.63455589925	5.27293136626	0.535984999382	-0.0	-0.0	0.0109653968133	0.379875426483	0.000309677292163	18.7050269963	12.5668997888
3.6389748122	5.27692307692	0.519700232762	-0.0	-0.0	0.01131748792	0.379657047693	0.0003158005814	19.2811862758	13.6227525249
3.65267344233	5.2880921895	0.503472159174	-0.0	-0.0	0.0117002902933	0.379419533508	0.000321671368176	19.9177739049	14.7832640606
3.66681396376	5.29968051118	0.489215450948	-0.0	-0.0	0.01206754608	0.379191579857	0.000327199768621	20.5381224807	15.9073874448
3.67741935484	5.30452806122	0.476346733461	-0.0	-0.0	0.0124285490533	0.378967425714	0.000332915495724	21.1570990485	17.0210801873
3.68802474591	5.31421287444	0.46437430383	-0.0	-0.0	0.01279275704	0.378741199496	0.000338679531321	21.7907824677	18.1543146416
3.70083959346	5.31956797967	0.453164995692	-0.0	-0.0	0.0131643214933	0.378510326917	0.00034436263861	22.446296097	19.3163101012
3.70746796288	5.32888465205	0.442903244967	-0.0	-0.0	0.0135363507067	0.378279063588	0.000350630383772	23.1114578615	20.4824592249
3.71895713654	5.32910991448	0.433982293196	-0.0	-0.0	0.01388941736	0.378059515902	0.000356067046248	23.7504601339	21.5901003881
3.72691117985	5.33681544793	0.425689169461	-0.0	-0.0	0.0142436939733	0.377839138195	0.000361860155479	24.3992967856	22.7065102366
3.73486522316	5.34376976597	0.418210258449	-0.0	-0.0	0.0145923324	0.377622198157	0.000367530124996	25.0448206561	23.8030771318
3.74193548387	5.34575307862	0.41114527733	-0.0	-0.0	0.0149523432267	0.377398087812	0.000373470171374	25.7178142396	24.9313530155
3.75077330977	5.34730538922	0.404849682019	-0.0	-0.0	0.01531051036	0.37717505233	0.00037916539314	26.3923156863	26.0386814271
3.76226248343	5.35314465409	0.399422361974	-0.0	-0.0	0.0156541339733	0.376961005542	0.000384280954871	27.0433726153	27.0867929288
3.77198409191	5.36497956617	0.394376643146	-0.0	-0.0	0.0160203404533	0.376732795494	0.000389937407292	27.7397846222	28.1758165479
3.78347326558	5.36982434128	0.390431339926	-0.0	-0.0	0.0163805580933	0.376508246264	0.000395228418201	28.4239304941	29.1875461618
3.790101635	5.37292384832	0.387552133128	-0.0	-0.0	0.0167494498533	0.376278199812	0.000401081776879	29.1197640246	30.1407715024
3.79761378701	5.37284954645	0.385502281682	-0.0	-0.0	0.0171536889067	0.376026017927	0.000407331911017	29.8764203576	31.0992854356
3.79231109147	5.37394300031	0.3853049886	-0.0	-0.0	0.0172135081733	0.375988689352	0.000408933060206	29.9876828965	31.2320827013
3.79363676536	5.37593984962	0.385365209358	-0.0	-0.0	0.0172105263333	0.375990550051	0.000408734546921	29.9815976986	31.2205621417
3.79275298277	5.37531328321	0.385582411019	-0.0	-0.0	0.0172006025333	0.375996742565	0.000408641803135	29.9612439555	31.1806925786
3.79098541759	5.37406015038	0.38578945519	-0.0	-0.0	0.01718904456	0.376003954736	0.000408616199415	29.9378264296	31.1385429811
3.79098541759	5.37406015038	0.385915593498	-0.0	-0.0	0.0171828699867	0.376007797355	0.000408500370013	29.9252729077	31.1146630466
3.7896597437	5.37417737386	0.386206535648	-0.0	-0.0	0.01716859528	0.376016714876	0.000408373341224	29.8960996012	31.0594028706
3.78877596111	5.37429467085	0.38658070012	-0.0	-0.0	0.0171501267867	0.3760282388	0.0004081215443	29.8584793913	30.9883254641
3.78789217852	5.37441204139	0.388339590098	-0.0	-0.0	0.01706294408	0.376082635976	0.000406576724543	29.6812328635	30.6552279028
3.78391515687	5.37076537014	0.394941646605	-0.0	-0.0	0.01674356016	0.376281873331	0.000400988294865	29.0358717028	29.4461601858
3.77551922227	5.36432160804	0.402210296333	-0.0	-0.0	0.0164037507733	0.376493777441	0.000395481245974	28.356599176	28.1829243481
3.76844896156	5.36332179931	0.409122336575	-0.0	-0.0	0.0160906825333	0.376688952041	0.000390344341968	27.7378036789	27.0419853858
3.7649138312	5.36040289581	0.416151972588	-0.0	-0.0	0.0157808553067	0.37688204086	0.000384905047786	27.1318906249	25.9360367525
3.7560760053	5.35718789407	0.423355259182	-0.0	-0.0	0.0154743623067	0.377072992889	0.000380075819954	26.5390805537	24.8608881716
3.74723817941	5.35112093464	0.43108706612	-0.0	-0.0	0.0151550994533	0.377271838599	0.000375006281286	25.9285059679	23.7642583676
3.73177198409	5.33997469956	0.439247910771	-0.0	-0.0	0.0148316887067	0.377473197239	0.000370511725718	25.3171290727	22.6723416544
3.7229341582	5.33724247227	0.447967484661	-0.0	-0.0	0.0144959934	0.377682147266	0.000365127313714	24.6906503997	21.5672616404
3.71851524525	5.33322764743	0.456903690801	-0.0	-0.0	0.0141610572533	0.377890549107	0.000359339389224	24.0738616119	20.4948922999
3.7057003977	5.32422991426	0.466999290529	-0.0	-0.0	0.0137938848667	0.378118928589	0.000353770015289	23.4072751181	19.352797412
3.69111798498	5.31847133758	0.477858770789	-0.0	-0.0	0.0134071160933	0.378359406261	0.000347993389137	22.715948587	18.1942428788
3.67476800707	5.30769230769	0.49004608713	-0.0	-0.0	0.0129895113467	0.378618952126	0.000341799399943	21.9810594073	16.9830385669
3.66283694211	5.30294305822	0.502474428704	-0.0	-0.0	0.0125746587867	0.378876675547	0.000335257243921	21.263569493	15.8295851598
3.64958020327	5.28850464297	0.516742594155	-0.0	-0.0	0.0121117381733	0.379164144428	0.000327928631199	20.4765860539	14.5987714794
3.64118426867	5.27496798976	0.533087491994	-0.0	-0.0	0.0115982158533	0.37948287152	0.000319204622791	19.6191968725	13.3005894774
3.62792752983	5.26459268762	0.550479762564	-0.0	-0.0	0.0110636225333	0.379814511308	0.000310485632902	18.7447293925	12.031838462
3.59478568272	5.24097938144	0.572578187817	-0.0	-0.0	0.0104102220533	0.380219608445	0.00030124409321	17.7032287464	10.5820902358
3.56871409633	5.21913380737	0.599794684583	-0.0	-0.0	0.00965482125333	0.38068761426	0.000289530868544	16.5376011902	9.02682472467
3.53557224923	5.19623131904	0.627535302017	-0.0	-0.0	0.00892951114667	0.38113664493	0.00027885650572	15.454860366	7.65792860982
