# C		CN		K0		e_x		e_y		e_z		n		overlap		p		q
3.46133451171	5.26630800269	0.736959485279	-0.0	-0.0	1.87240000048e-07	0.386420028724	0.000132946276435	5.58778659032	1.78237154696
3.47724259832	5.26724715338	0.653088654612	-0.0	-0.0	0.000531443826667	0.386093973721	0.000141861459698	6.15318783386	2.77681684924
3.5125939019	5.28718801997	0.575548167437	-0.0	-0.0	0.00134984762667	0.385591345575	0.000154685122988	7.06288536903	4.18092103473
3.53645603182	5.29394240318	0.53329681651	-0.0	-0.0	0.00212068413333	0.385117553842	0.00016678058326	7.95451629979	5.38915540181
3.54794520548	5.29330254042	0.506226292278	-0.0	-0.0	0.00286652962667	0.384658775473	0.000178833503822	8.85002113728	6.51430167931
3.56959787892	5.2969160105	0.486769058954	-0.0	-0.0	0.00361248325333	0.38419958821	0.000190211380329	9.77636159898	7.62721208866
3.57711003093	5.28725490196	0.472703721233	-0.0	-0.0	0.00433858268	0.383752293514	0.000201907199823	10.7072448896	8.70649036736
3.58638974812	5.28306188925	0.462120136624	-0.0	-0.0	0.00503626472	0.38332219854	0.000212994034784	11.629541455	9.75236240906
3.60141405214	5.29002923027	0.453680259251	-0.0	-0.0	0.00572674384	0.382896248356	0.000223557151521	12.5686265576	10.7999857435
3.62129916041	5.29560155239	0.446464313273	-0.0	-0.0	0.00641326198667	0.382472449976	0.000233732599638	13.5301267085	11.8695568455
3.63588157313	5.29822866345	0.440708491725	-0.0	-0.0	0.00707321445333	0.382064776639	0.000243761932607	14.4783752504	12.9120217407
3.64913831198	5.30122029544	0.43584277827	-0.0	-0.0	0.00772982676	0.381658899529	0.000253785996248	15.444498132	13.9656874415
3.66504639859	5.31719050674	0.431839045579	-0.0	-0.0	0.00836371930667	0.381266813457	0.000263185032698	16.3973506264	14.9966902965
3.68183826779	5.32651103294	0.42824573172	-0.0	-0.0	0.00898968749333	0.38087938492	0.000272349478916	17.3595539432	16.0389626205
3.69863013699	5.32664756447	0.425006835698	-0.0	-0.0	0.00960245564	0.380499894057	0.000281275135538	18.3226769075	17.08432884
3.70967741935	5.33343928798	0.422217431772	-0.0	-0.0	0.01020852716	0.380124316095	0.000290477256266	19.2942957504	18.1322333
3.72514361467	5.34305643627	0.419732523029	-0.0	-0.0	0.0108068733867	0.379753304833	0.000299188614969	20.2717017562	19.1843969917
3.73177198409	5.34684827368	0.417549503791	-0.0	-0.0	0.0114085767867	0.379379987986	0.000308601711537	21.2716542271	20.2545238844
3.74060980999	5.35888501742	0.41503685094	-0.0	-0.0	0.0121410528933	0.37892523693	0.000320016179266	22.5146560174	21.5896945633
3.74679628811	5.35863377609	0.413292607251	-0.0	-0.0	0.0127213886267	0.378564701197	0.000329101516701	23.5168990246	22.6612014639
3.76358815731	5.37184343434	0.411835297008	-0.0	-0.0	0.0132863232	0.378213526167	0.000336959235724	24.5067722096	23.7115492983
3.77949624392	5.377281309	0.410288507659	-0.0	-0.0	0.0138520024667	0.377861694948	0.000344921561158	25.516090479	24.7951034235
3.7896597437	5.376097867	0.408950022109	-0.0	-0.0	0.01442276032	0.37750650327	0.000353460702514	26.5493118772	25.8957640404
3.80247459125	5.38215962441	0.407400678671	-0.0	-0.0	0.0150851648267	0.377094024174	0.000363272528175	27.7692839268	27.2030744449
3.80777728679	5.38923654568	0.406283760476	-0.0	-0.0	0.0156255701333	0.376757311507	0.000371751328808	28.7785333689	28.2796901301
3.82589482987	5.39557356608	0.405254555822	-0.0	-0.0	0.0161585611733	0.376425046374	0.000378848817013	29.7871837437	29.3549340004
3.82722050376	5.39775561097	0.404342718829	-0.0	-0.0	0.01669558644	0.376090074753	0.000387671051476	30.8163142333	30.4463588356
3.83340698188	5.39788293898	0.403968461259	-0.0	-0.0	0.0169151308667	0.375953083769	0.000390708312827	31.2416299076	30.898749588
3.83031374282	5.3984423676	0.404187431473	-0.0	-0.0	0.0169067821467	0.375958292863	0.000390864970639	31.2229796679	30.8614835798
3.82810428635	5.39657320872	0.404388628785	-0.0	-0.0	0.0168967420667	0.375964559138	0.000390902279079	31.2008597909	30.822347205
3.82766239505	5.39732003739	0.404719825084	-0.0	-0.0	0.01688252576	0.375973427332	0.000390679397004	31.1693292082	30.7628116937
3.82766239505	5.39732003739	0.404957784484	-0.0	-0.0	0.0168722147467	0.375979855526	0.000390485007858	31.146487108	30.7198993346
3.82677861246	5.39881509199	0.405357872597	-0.0	-0.0	0.0168547711067	0.375990746294	0.000390246273084	31.1078259305	30.6475886775
3.82589482987	5.39787963829	0.405752823732	-0.0	-0.0	0.01683766904	0.376001421711	0.000390013507095	31.0699461934	30.5765998876
3.82501104728	5.39725600249	0.40631947782	-0.0	-0.0	0.0168131410133	0.376016726977	0.000389640815515	31.0156632951	30.4750073756
3.82280159081	5.39750390016	0.40829889643	-0.0	-0.0	0.01672814476	0.376069756481	0.000388261464604	30.8279206057	30.1237533946
3.81573133009	5.39606126915	0.416914027524	-0.0	-0.0	0.01636665716	0.376295263248	0.000382143224911	30.0349763238	28.6498616866
3.80954485197	5.39267834793	0.425576395324	-0.0	-0.0	0.01601647492	0.376513635332	0.000376121882249	29.2741949659	27.2518649156
3.79982324348	5.38490447855	0.43356487357	-0.0	-0.0	0.0157008088667	0.376710412001	0.000371127871036	28.5979616097	26.0274734921
3.79231109147	5.37962382445	0.441718802935	-0.0	-0.0	0.0153861453067	0.376906513417	0.000365929544424	27.9312057011	24.8377757336
3.77684489616	5.37570799245	0.450326217979	-0.0	-0.0	0.0150615938533	0.377108706501	0.000361292132255	27.2515176711	23.6436359968
3.76933274414	5.37165354331	0.459328461348	-0.0	-0.0	0.0147288175867	0.377315955455	0.000355720422818	26.5627197145	22.4558747876
3.76314626602	5.36684525685	0.468953290808	-0.0	-0.0	0.01438135024	0.377532280242	0.000349765494867	25.8528622423	21.2534663134
3.75209898365	5.35815714737	0.479465073332	-0.0	-0.0	0.0140122525067	0.377761981044	0.000343850884743	25.1091685584	20.0163327465
3.74944763588	5.3523659306	0.490836244813	-0.0	-0.0	0.0136243910667	0.378003284605	0.000336845355169	24.3405651698	18.761930082
3.73619089704	5.34091627172	0.503331130458	-0.0	-0.0	0.0132094509467	0.378261322458	0.000330286650676	23.5315684182	17.4728917453
3.71851524525	5.32605254827	0.51665185543	-0.0	-0.0	0.01277572772	0.378530918941	0.000323745106532	22.7003046638	16.1886540832
3.69686257181	5.31828298887	0.531022917206	-0.0	-0.0	0.01231776044	0.378815471878	0.000317058266804	21.8383369438	14.9002695024
3.66946531153	5.29696969697	0.547107670559	-0.0	-0.0	0.01182521716	0.379121358759	0.000310244765592	20.9314782899	13.579844119
3.6553247901	5.28233791121	0.564859819768	-0.0	-0.0	0.0113024593733	0.379445843082	0.000301732483731	19.99007539	12.2530001319
3.64030048608	5.27386290839	0.579924439023	-0.0	-0.0	0.0108728496533	0.379712381922	0.000295031782252	19.233803426	11.2225223432
3.64162615996	5.27514413837	0.579350239815	-0.0	-0.0	0.0108816798667	0.379706904626	0.000295089396149	19.2493001678	11.2528999401
3.64206805126	5.27546444587	0.57911346193	-0.0	-0.0	0.0108864721867	0.379703938147	0.000295139822674	19.2574787067	11.2664893416
3.63941670349	5.27217419148	0.578543069421	-0.0	-0.0	0.0108968437467	0.379697498504	0.000295542703473	19.2753001241	11.2981702678
3.63941670349	5.27217419148	0.577736948698	-0.0	-0.0	0.0109103873067	0.379689102272	0.000295792930665	19.2988933914	11.3421131474
3.64118426867	5.27409542107	0.576771466098	-0.0	-0.0	0.0109278105333	0.379678289432	0.000295966506449	19.3289547176	11.395962966
3.64206805126	5.27232	0.574639279327	-0.0	-0.0	0.0109653968133	0.379654973408	0.000296582986916	19.394191668	11.5148322374
3.66018559434	5.2910543131	0.555656164355	-0.0	-0.0	0.01131748792	0.379436516985	0.000301541221989	20.0108505285	12.6343667265
3.67123287671	5.30670926518	0.536840847023	-0.0	-0.0	0.0117002902933	0.379198918337	0.000307643972934	20.6931997256	13.8655487264
3.68272205038	5.31790616023	0.520405103877	-0.0	-0.0	0.01206754608	0.378970888805	0.000313416833312	21.3591439827	15.0583377142
3.6889085285	5.32376395534	0.505638016941	-0.0	-0.0	0.0124285490533	0.378746649847	0.000319518400449	22.0243296169	16.2404231168
3.7057003977	5.33906399236	0.491979553344	-0.0	-0.0	0.01279275704	0.378520343206	0.000324753889182	22.7055030917	17.4421838383
3.71542200619	5.34902958956	0.479340913492	-0.0	-0.0	0.0131643214933	0.378289380551	0.000330724394958	23.4101506639	18.6687406169
3.72735307114	5.36354961832	0.467904359199	-0.0	-0.0	0.0135363507067	0.378058049476	0.000336490744278	24.1251828174	19.8938632035
3.73442333186	5.36551286123	0.458072020619	-0.0	-0.0	0.01388941736	0.377838418774	0.000342332884696	24.8123298413	21.0524294916
3.74060980999	5.38028616852	0.44908460909	-0.0	-0.0	0.0142436939733	0.377617960927	0.000348284248294	25.5101252528	22.211803602
3.75386654883	5.38813075214	0.441074685608	-0.0	-0.0	0.0145923324	0.377400938067	0.000353445766314	26.2041538854	23.3448500519
3.75828546178	5.39061509195	0.433654494531	-0.0	-0.0	0.0149523432267	0.377176756127	0.000359617661597	26.9275833544	24.5010052892
3.76844896156	5.39556962025	0.427075631954	-0.0	-0.0	0.01531051036	0.376953639278	0.000365163101357	27.6522109431	25.6332249499
3.77817057004	5.40328697851	0.421654344905	-0.0	-0.0	0.0156541339733	0.376739509048	0.000370426606462	28.3495056871	26.684320747
3.78612461335	5.40422846324	0.4167783268	-0.0	-0.0	0.0160203404533	0.37651122522	0.000376201141613	29.0930427384	27.761934213
3.79363676536	5.41154210028	0.413138272518	-0.0	-0.0	0.0163805580933	0.37628659311	0.000381836108332	29.8207202077	28.7480657134
3.79584622183	5.41235813367	0.410449498462	-0.0	-0.0	0.0167494498533	0.37605646793	0.000388062266107	30.5614202608	29.6845140882
3.80335837384	5.41485678313	0.408483187044	-0.0	-0.0	0.0171536889067	0.375804200617	0.000394255047714	31.3689516502	30.636663238
3.8068935042	5.41370638164	0.408249286155	-0.0	-0.0	0.0172135081733	0.375766854549	0.000394911313254	31.4882047046	30.773215948
3.8068935042	5.41307764854	0.408419274142	-0.0	-0.0	0.0172105263333	0.37576871591	0.000394846405435	31.4806306089	30.7512205589
3.80335837384	5.41378225299	0.408604707915	-0.0	-0.0	0.0172006025333	0.375774904915	0.000395029298362	31.4589123055	30.7141033986
3.80159080866	5.41391249607	0.408856448986	-0.0	-0.0	0.01718904456	0.375782119873	0.000394999144856	31.4337368844	30.667963347
3.80291648255	5.4140969163	0.409003907911	-0.0	-0.0	0.0171828699867	0.375785975844	0.000394746271797	31.4200847338	30.6420255114
3.80114891737	5.41220893644	0.409341036775	-0.0	-0.0	0.01716859528	0.37579488992	0.000394661452216	31.3885640103	30.5824810368
3.80203269996	5.41328297136	0.409773535752	-0.0	-0.0	0.0171501267867	0.375806408332	0.00039422529193	31.3480146588	30.5060992535
3.80114891737	5.41170915958	0.411828441247	-0.0	-0.0	0.01706294408	0.375860824795	0.000392686405353	31.1564585591	30.1460372921
3.7896597437	5.40712708925	0.419544377347	-0.0	-0.0	0.01674356016	0.376060142755	0.000387896567108	30.459645433	28.8411406091
3.79186920018	5.40560983297	0.428079891422	-0.0	-0.0	0.0164037507733	0.376272120657	0.000381330531577	29.726662651	27.4781453971
3.78612461335	5.40252365931	0.43621095119	-0.0	-0.0	0.0160906825333	0.376467366181	0.000376064549685	29.0588624529	26.2490014686
3.77375165709	5.39589257504	0.444492906502	-0.0	-0.0	0.0157808553067	0.376660514044	0.00037151052256	28.4052155211	25.059953239
3.77242598321	5.39273301738	0.452889346249	-0.0	-0.0	0.0154743623067	0.376851543555	0.000365932299581	27.7657574288	23.9129681089
3.7649138312	5.38412899146	0.461855193945	-0.0	-0.0	0.0151550994533	0.377050459954	0.000360718345522	27.1075014891	22.7494136695
3.75077330977	5.37258626148	0.471165477701	-0.0	-0.0	0.0148316887067	0.377251895955	0.000356053332802	26.448932285	21.6035919595
3.73751657092	5.36441484301	0.481002175536	-0.0	-0.0	0.0144959934	0.377460910179	0.000351069181366	25.7745647874	20.4539960024
3.72735307114	5.35875436924	0.491077399696	-0.0	-0.0	0.0141610572533	0.377669383053	0.000345814964234	25.1111168067	19.3420032568
3.7229341582	5.3546437659	0.502457634356	-0.0	-0.0	0.0137938848667	0.377897851083	0.000339406026821	24.393429011	18.1605146597
3.70525850641	5.34161886552	0.514648347738	-0.0	-0.0	0.0134071160933	0.378138410126	0.000333880361602	23.6500783981	16.9693342313
3.69376933274	5.32695984704	0.528017616611	-0.0	-0.0	0.0129895113467	0.378398052377	0.000327243139402	22.8611690118	15.743994358
3.68007070261	5.31471433131	0.541752088337	-0.0	-0.0	0.0125746587867	0.378655869304	0.000320834219186	22.090324649	14.5757017217
3.66239505082	5.30336	0.55746223814	-0.0	-0.0	0.0121117381733	0.37894343427	0.000313843931343	21.244149402	13.335707872
3.65134776845	5.29074607749	0.575201014451	-0.0	-0.0	0.0115982158533	0.379262283026	0.000305331937964	20.3233218981	12.0442499718
3.62792752983	5.26700898588	0.5938917068	-0.0	-0.0	0.0110636225333	0.379594036578	0.000297433587353	19.3849631732	10.7950278703
3.60848431286	5.25225225225	0.617524034569	-0.0	-0.0	0.0104102220533	0.379999277726	0.000286991121413	18.2669382434	9.37787191684
3.58418029165	5.23225806452	0.646139905767	-0.0	-0.0	0.00965482125333	0.380467449916	0.000274994881589	17.0139698676	7.87935872882
3.55766681396	5.21477162293	0.6753788777	-0.0	-0.0	0.00892951114667	0.380916635247	0.000263733805979	15.854177806	6.56801107733
