  0.5698521E+10  0.2496732E+00  0.4933959E+00  0.4975015E+00  0.2864380E+02
  0.6355347E+10  0.2513810E+00  0.4886416E+00  0.4961434E+00  0.2907518E+02
  0.8160796E+10  0.2550321E+00  0.4819164E+00  0.4945719E+00  0.2985158E+02
  0.9064487E+10  0.2597980E+00  0.4737147E+00  0.4929947E+00  0.2996057E+02
  0.8438176E+10  0.2637897E+00  0.4678624E+00  0.4942088E+00  0.3024689E+02
  0.7137874E+10  0.2690641E+00  0.4621344E+00  0.4919438E+00  0.3029707E+02
  0.6112958E+10  0.2766951E+00  0.4507441E+00  0.4850097E+00  0.2989670E+02
  0.5443579E+10  0.2866632E+00  0.4372715E+00  0.4749919E+00  0.2923567E+02
  0.5093971E+10  0.2950114E+00  0.4218692E+00  0.4633667E+00  0.2845221E+02
  0.4978542E+10  0.2976170E+00  0.4073688E+00  0.4524606E+00  0.2794982E+02
  0.4989832E+10  0.2970276E+00  0.4043771E+00  0.4435539E+00  0.2767511E+02
  0.5089314E+10  0.2948210E+00  0.4104001E+00  0.4336703E+00  0.2757144E+02
  0.5191129E+10  0.2956122E+00  0.4228056E+00  0.4259133E+00  0.2693553E+02
  0.5251919E+10  0.2997100E+00  0.4283708E+00  0.4340601E+00  0.2684230E+02
  0.5293180E+10  0.3034979E+00  0.4307486E+00  0.4339022E+00  0.2696252E+02
  0.5231119E+10  0.3058936E+00  0.4107354E+00  0.4389874E+00  0.2786616E+02
  0.5175486E+10  0.3070247E+00  0.3957705E+00  0.4553007E+00  0.2839920E+02
  0.5068371E+10  0.3092080E+00  0.3693858E+00  0.4842452E+00  0.2952324E+02
  0.4974683E+10  0.3114716E+00  0.3431985E+00  0.5123292E+00  0.3046263E+02
  0.4868244E+10  0.3159366E+00  0.3165433E+00  0.5425054E+00  0.3151835E+02
  0.4817781E+10  0.3163378E+00  0.2986523E+00  0.5606842E+00  0.3195016E+02
  0.4752042E+10  0.3159116E+00  0.2741632E+00  0.5798047E+00  0.3273324E+02
  0.4707445E+10  0.3146906E+00  0.2577631E+00  0.5909247E+00  0.3323601E+02
  0.4727751E+10  0.3094783E+00  0.2483232E+00  0.5930661E+00  0.3321329E+02
  0.4767551E+10  0.2997109E+00  0.2436552E+00  0.5841203E+00  0.3288725E+02
  0.4846775E+10  0.2875127E+00  0.2444385E+00  0.5687759E+00  0.3218094E+02
  0.4988546E+10  0.2737660E+00  0.2553982E+00  0.5469160E+00  0.3084639E+02
  0.5104391E+10  0.2539920E+00  0.2612201E+00  0.5187186E+00  0.2967133E+02
  0.5224242E+10  0.2372175E+00  0.2703419E+00  0.4914090E+00  0.2841701E+02
  0.5351372E+10  0.2226038E+00  0.2795237E+00  0.4679986E+00  0.2718467E+02
  0.5355024E+10  0.2097206E+00  0.2780531E+00  0.4480071E+00  0.2685404E+02
  0.5332167E+10  0.1952454E+00  0.2726452E+00  0.4272706E+00  0.2676778E+02
  0.5323503E+10  0.1873020E+00  0.2688380E+00  0.4162158E+00  0.2674647E+02
  0.5303709E+10  0.1834110E+00  0.2653443E+00  0.4094999E+00  0.2679333E+02
  0.5296261E+10  0.1770441E+00  0.2615783E+00  0.4016017E+00  0.2688981E+02
  0.5258702E+10  0.1696208E+00  0.2557142E+00  0.3907868E+00  0.2706445E+02
  0.5264334E+10  0.1621541E+00  0.2521868E+00  0.3831254E+00  0.2718274E+02
  0.5259954E+10  0.1539279E+00  0.2478281E+00  0.3740047E+00  0.2732860E+02
  0.5269962E+10  0.1419964E+00  0.2427809E+00  0.3623738E+00  0.2751389E+02
  0.5233652E+10  0.1269113E+00  0.2340289E+00  0.3444102E+00  0.2781382E+02
  0.5297540E+10  0.1144097E+00  0.2317708E+00  0.3362572E+00  0.2793204E+02
  0.5206867E+10  0.1020169E+00  0.2215207E+00  0.3173299E+00  0.2826103E+02
  0.5188657E+10  0.9217541E-01  0.2162297E+00  0.3061452E+00  0.2844777E+02
  0.5374545E+10  0.8381907E-01  0.2223206E+00  0.3109540E+00  0.2832824E+02
  0.5649565E+10  0.7741318E-01  0.2339438E+00  0.3240419E+00  0.2805370E+02
  0.5772453E+10  0.7259075E-01  0.2382907E+00  0.3279402E+00  0.2796303E+02
  0.5760714E+10  0.6669880E-01  0.2351182E+00  0.3212322E+00  0.2807556E+02
  0.6092482E+10  0.6133594E-01  0.2501924E+00  0.3394118E+00  0.2770542E+02
  0.6485789E+10  0.5674901E-01  0.2688309E+00  0.3627288E+00  0.2723768E+02
  0.6802467E+10  0.5300221E-01  0.2838147E+00  0.3814496E+00  0.2686195E+02
  0.6850101E+10  0.5131739E-01  0.2855824E+00  0.3831479E+00  0.2682376E+02
  0.7223996E+10  0.4830479E-01  0.3038855E+00  0.4066578E+00  0.2635708E+02
  0.7560346E+10  0.4577998E-01  0.3204310E+00  0.4279917E+00  0.2593423E+02
  0.7636667E+10  0.4504995E-01  0.3241172E+00  0.4326759E+00  0.2584085E+02
  0.7790815E+10  0.4378598E-01  0.3316537E+00  0.4423467E+00  0.2564880E+02
  0.7911502E+10  0.4290810E-01  0.3376026E+00  0.4500295E+00  0.2549662E+02
  0.7906503E+10  0.4279888E-01  0.3372931E+00  0.4495661E+00  0.2550530E+02
  0.8006694E+10  0.4220523E-01  0.3422903E+00  0.4560789E+00  0.2537675E+02
  0.8062267E+10  0.4188565E-01  0.3450663E+00  0.4597011E+00  0.2530529E+02
  0.8045733E+10  0.4197001E-01  0.3442358E+00  0.4586128E+00  0.2532673E+02
  0.8030106E+10  0.4205362E-01  0.3434525E+00  0.4575880E+00  0.2534693E+02
  0.8086483E+10  0.4174258E-01  0.3462743E+00  0.4612756E+00  0.2527422E+02
  0.8152011E+10  0.4138198E-01  0.3495547E+00  0.4655628E+00  0.2518969E+02
  0.8187951E+10  0.4118432E-01  0.3513539E+00  0.4679143E+00  0.2514333E+02
  0.8220875E+10  0.4100334E-01  0.3530022E+00  0.4700685E+00  0.2510086E+02
  0.8199799E+10  0.4111914E-01  0.3519470E+00  0.4686895E+00  0.2512805E+02
  0.8207158E+10  0.4107870E-01  0.3523155E+00  0.4691710E+00  0.2511855E+02
  0.8217855E+10  0.4101992E-01  0.3528510E+00  0.4698709E+00  0.2510475E+02
  0.8222882E+10  0.4099229E-01  0.3531027E+00  0.4701999E+00  0.2509827E+02
  0.8194831E+10  0.4114643E-01  0.3516983E+00  0.4683644E+00  0.2513446E+02
  0.8027437E+10  0.4206627E-01  0.3433180E+00  0.4574114E+00  0.2535040E+02
  0.7720244E+10  0.4375432E-01  0.3279387E+00  0.4373109E+00  0.2574670E+02
  0.7388695E+10  0.4557620E-01  0.3113402E+00  0.4156167E+00  0.2617441E+02
  0.6125309E+10  0.5251857E-01  0.2480905E+00  0.3329501E+00  0.2780424E+02
  0.4873581E+10  0.5939689E-01  0.1854244E+00  0.2510462E+00  0.2941903E+02
  0.4372428E+10  0.6215076E-01  0.1603348E+00  0.2182544E+00  0.3006555E+02
  0.4184734E+10  0.6318214E-01  0.1509381E+00  0.2059731E+00  0.3030768E+02
  0.4135662E+10  0.6345180E-01  0.1484814E+00  0.2027621E+00  0.3037099E+02
  0.4125819E+10  0.6350589E-01  0.1479886E+00  0.2021181E+00  0.3038369E+02
  0.4123640E+10  0.6351786E-01  0.1478796E+00  0.2019755E+00  0.3038650E+02
  0.4123305E+10  0.6351970E-01  0.1478628E+00  0.2019536E+00  0.3038693E+02
  0.4123256E+10  0.6351997E-01  0.1478603E+00  0.2019504E+00  0.3038699E+02
  0.4123251E+10  0.6352000E-01  0.1478600E+00  0.2019501E+00  0.3038700E+02
  0.4123250E+10  0.6352000E-01  0.1478600E+00  0.2019500E+00  0.3038700E+02
  0.4123250E+10  0.6352000E-01  0.1478600E+00  0.2019500E+00  0.3038700E+02
  0.4123250E+10  0.6352000E-01  0.1478600E+00  0.2019500E+00  0.3038700E+02
  0.4123250E+10  0.6352000E-01  0.1478600E+00  0.2019500E+00  0.3038700E+02
  0.4123250E+10  0.6352000E-01  0.1478600E+00  0.2019500E+00  0.3038700E+02
  0.4123250E+10  0.6352000E-01  0.1478600E+00  0.2019500E+00  0.3038700E+02
  0.4123250E+10  0.6352000E-01  0.1478600E+00  0.2019500E+00  0.3038700E+02
  0.4123250E+10  0.6352000E-01  0.1478600E+00  0.2019500E+00  0.3038700E+02
  0.4123250E+10  0.6352000E-01  0.1478600E+00  0.2019500E+00  0.3038700E+02
  0.4123250E+10  0.6352000E-01  0.1478600E+00  0.2019500E+00  0.3038700E+02
  0.4123250E+10  0.6352000E-01  0.1478600E+00  0.2019500E+00  0.3038700E+02
  0.4123250E+10  0.6352000E-01  0.1478600E+00  0.2019500E+00  0.3038700E+02
  0.4123250E+10  0.6352000E-01  0.1478600E+00  0.2019500E+00  0.3038700E+02
  0.4123250E+10  0.6352000E-01  0.1478600E+00  0.2019500E+00  0.3038700E+02
  0.4123250E+10  0.6352000E-01  0.1478600E+00  0.2019500E+00  0.3038700E+02
  0.4123250E+10  0.6352000E-01  0.1478600E+00  0.2019500E+00  0.3038700E+02
  0.4123250E+10  0.6352000E-01  0.1478600E+00  0.2019500E+00  0.3038700E+02
