ID Probability CSE E_m nu 
 9 35.37 2.428     7.9784618625e+00     2.5236545895e-01 
11 34.10 7.094     7.9266625003e+00     3.5669152389e-01 
 4 7.50 43.481     7.7329027063e+00     2.8578670661e-01 
10 6.21 46.036     8.1765262007e+00     1.1373279625e-01 
 6 5.43 47.786     7.7163186652e+00     2.0787106525e-01 
 0 3.25 53.897     7.5859904690e+00     4.4419235683e-01 
12 2.40 57.220     7.5899757558e+00     3.5633071781e-01 
 3 2.25 57.885     7.5395034486e+00     4.5878501597e-01 
 8 1.45 62.317     7.5710899393e+00     2.2596947894e-01 
 1 0.93 66.523     7.5277122686e+00     1.8273088062e-01 
 7 0.86 67.208     7.4639871548e+00     3.8451549417e-01 
 5 0.14 82.267     7.1803384803e+00     4.2416208134e-01 
 2 0.09 85.155     7.1319531408e+00     3.5165622276e-01 
