# C		CN		K0		e_x		e_y		e_z		n		overlap		p		q
3.32832523199	5.13997951519	0.736056965644	-0.0	-0.0	1.87240000048e-07	0.390791455954	0.000123953718285	5.58797224856	1.78985240023
3.38709677419	5.14376889486	0.64704456417	-0.0	-0.0	0.000531443826667	0.390467723918	0.000131372719047	6.19630445468	2.85998391996
3.4286345559	5.15973377704	0.571001268755	-0.0	-0.0	0.00134984762667	0.389968676203	0.000144012334567	7.17189162157	4.3091439236
3.45514803358	5.17185430464	0.532367015557	-0.0	-0.0	0.00212068413333	0.389498260505	0.00015595211938	8.12401709353	5.51992407042
3.46486964207	5.18425405227	0.508036234518	-0.0	-0.0	0.00286652962667	0.389042750685	0.000167968055629	9.0784272312	6.6459772363
3.48387096774	5.18427114182	0.490660655226	-0.0	-0.0	0.00361248325333	0.388586834885	0.000179404074759	10.0669290691	7.76373276089
3.49933716306	5.19088225648	0.478300238893	-0.0	-0.0	0.00433858268	0.388142726922	0.000190525848438	11.0587525118	8.84597843408
3.52452496686	5.2027424094	0.468722236509	-0.0	-0.0	0.00503626472	0.387715696143	0.00020058864026	12.042852078	9.90701866375
3.55103844454	5.20629257217	0.460796146315	-0.0	-0.0	0.00572674384	0.387292780625	0.000210391349853	13.0490851189	10.984822863
3.57313300928	5.21018697614	0.454420293682	-0.0	-0.0	0.00641326198667	0.386872001581	0.000220271896206	14.0778860462	12.0711111009
3.58771542201	5.22272288381	0.449332160727	-0.0	-0.0	0.00707321445333	0.386467236227	0.000230126770585	15.0922449318	13.1315690917
3.60627485639	5.23459563543	0.445014724025	-0.0	-0.0	0.00772982676	0.38606424731	0.000239630143044	16.1278166407	14.2072401757
3.63323022536	5.24545164379	0.441357257071	-0.0	-0.0	0.00836371930667	0.38567495505	0.000248154667548	17.1520291797	15.2681512079
3.64516129032	5.25829081633	0.438209263032	-0.0	-0.0	0.00898968749333	0.385290286256	0.000257522625092	18.1865948483	16.3349386837
3.6553247901	5.26592356688	0.435378402943	-0.0	-0.0	0.00960245564	0.384913500468	0.000266778792276	19.2226888488	17.405060738
3.68007070261	5.27710843373	0.432839596096	-0.0	-0.0	0.01020852716	0.384540596891	0.000274840924083	20.2703468437	18.4863584553
3.6805125939	5.27598225602	0.43047290929	-0.0	-0.0	0.0108068733867	0.384172233191	0.000284572144396	21.3272416308	19.5810782199
3.69023420239	5.28164556962	0.42838229171	-0.0	-0.0	0.0114085767867	0.383801571719	0.000293597109487	22.4086543167	20.6959736427
3.7057003977	5.28697571744	0.426280650117	-0.0	-0.0	0.0121410528933	0.383350055751	0.000304244167618	23.7486045367	22.0641022033
3.71895713654	5.28962264151	0.424621020837	-0.0	-0.0	0.0127213886267	0.382992087893	0.000312553634161	24.8320427756	23.1789594343
3.72602739726	5.29302763819	0.423210785651	-0.0	-0.0	0.0132863232	0.382643420314	0.000321094439978	25.902291118	24.2742432866
3.7308882015	5.29526200188	0.421977305374	-0.0	-0.0	0.0138520024667	0.382294095703	0.000329803235231	26.9897853845	25.3813869133
3.74370304905	5.30015649452	0.420767443383	-0.0	-0.0	0.01442276032	0.381941434574	0.000337886649213	28.105236359	26.520487927
3.74060980999	5.30511132016	0.419657244602	-0.0	-0.0	0.0150851648267	0.381531894169	0.000348841684319	29.4165484573	27.8446359547
3.75077330977	5.30425265791	0.418731056033	-0.0	-0.0	0.0156255701333	0.381197587343	0.000356645188702	30.5050600789	28.9502198842
3.76403004861	5.3147049641	0.417950740917	-0.0	-0.0	0.0161585611733	0.380867676343	0.000364014150729	31.5920487589	30.0475740474
3.78524083076	5.32224984462	0.417198197066	-0.0	-0.0	0.01669558644	0.380535102053	0.000370651016734	32.7026973437	31.1696932577
3.79142730888	5.32639751553	0.416984426807	-0.0	-0.0	0.0169151308667	0.380399082352	0.000373574681775	33.1592098793	31.6237689364
3.790101635	5.32618825722	0.417202491808	-0.0	-0.0	0.0169067821467	0.380404255205	0.000373547122514	33.1386861534	31.5848635728
3.78833406982	5.32566811684	0.417477557854	-0.0	-0.0	0.0168967420667	0.380410475964	0.000373530911434	33.1139805701	31.5369624016
3.78700839593	5.3250466128	0.417832749229	-0.0	-0.0	0.01688252576	0.380419282039	0.000373393881209	33.0792778681	31.4725187188
3.78391515687	5.32462686567	0.418107293627	-0.0	-0.0	0.0168722147467	0.380425672648	0.000373503429917	33.05394416	31.4241850987
3.78435704817	5.32566096423	0.418559298374	-0.0	-0.0	0.0168547711067	0.380436479043	0.000373129703102	33.0112243967	31.343762197
3.78303137428	5.32607342875	0.41900744416	-0.0	-0.0	0.01683766904	0.380447069153	0.000372936534616	32.969392474	31.2646623045
3.7817057004	5.32492997199	0.419643263542	-0.0	-0.0	0.0168131410133	0.380462272136	0.000372600886073	32.9093063954	31.1519777546
3.77551922227	5.32387780549	0.421890361479	-0.0	-0.0	0.01672814476	0.380514926912	0.00037159852218	32.701678537	30.7604185074
3.7560760053	5.3115625	0.431649120544	-0.0	-0.0	0.01636665716	0.380738818816	0.000366640601132	31.8248294285	29.122020397
3.74458683164	5.30504227999	0.441418818791	-0.0	-0.0	0.01601647492	0.380955640286	0.000361093009766	30.9854606186	27.5773569328
3.7308882015	5.29839974898	0.450539802524	-0.0	-0.0	0.0157008088667	0.381151020737	0.000356406809918	30.2383190933	26.2189222422
3.71674768007	5.29232221523	0.459843405072	-0.0	-0.0	0.0153861453067	0.381345719326	0.000351769734374	29.5026065169	24.9041052845
3.71188687583	5.29206049149	0.469664864593	-0.0	-0.0	0.0150615938533	0.381546471893	0.00034607595683	28.753679954	23.5892120701
3.70835174547	5.29211356467	0.479916164637	-0.0	-0.0	0.0147288175867	0.381752244309	0.000340098554631	27.9957016486	22.2877921793
3.69907202828	5.28657187994	0.4908850206	-0.0	-0.0	0.01438135024	0.381967027899	0.000334372246985	27.2148392181	20.9744047288
3.68758285462	5.27934198039	0.502803474434	-0.0	-0.0	0.0140122525067	0.382195100375	0.00032844205936	26.398506814	19.6328286688
3.67344233319	5.27578546493	0.515654400461	-0.0	-0.0	0.0136243910667	0.382434676609	0.000322396622168	25.5540359995	18.2793254495
3.66327883341	5.27162849873	0.529645191572	-0.0	-0.0	0.0132094509467	0.382690876081	0.000315485473906	24.6662679737	16.9017898239
3.64250994255	5.25310806503	0.544697576678	-0.0	-0.0	0.01277572772	0.382958559332	0.000309123325205	23.756011401	15.530096653
3.6301369863	5.24584929757	0.56118034368	-0.0	-0.0	0.01231776044	0.383241079415	0.000301584898765	22.8142640148	14.1512433119
3.61776403005	5.23536936361	0.579286421685	-0.0	-0.0	0.01182521716	0.383544785086	0.000293424685767	21.8245710269	12.76106118
3.59566946531	5.21776779987	0.598877480521	-0.0	-0.0	0.0113024593733	0.383866951593	0.000285505142008	20.8007410857	11.3893211289
3.58020327	5.20366206232	0.615470572307	-0.0	-0.0	0.0108728496533	0.384131595737	0.000278798355749	19.9798144568	10.3312809982
3.58064516129	5.20327552987	0.61472936356	-0.0	-0.0	0.0108816798667	0.3841261601	0.000278932645339	19.9968679529	10.3669190409
3.58108705259	5.20359666024	0.614453285151	-0.0	-0.0	0.0108864721867	0.384123207782	0.000278984084119	20.0056689312	10.3814848557
3.58241272647	5.20391779062	0.613760942386	-0.0	-0.0	0.0108968437467	0.384116820146	0.000279072408102	20.0251245795	10.4167128041
3.58285461776	5.20488118176	0.612808440041	-0.0	-0.0	0.0109103873067	0.384108478838	0.000279290654007	20.0508289034	10.464754906
3.58373840035	5.2051364366	0.611626859389	-0.0	-0.0	0.0109278105333	0.384097747927	0.000279544498403	20.0837106122	10.5250791212
3.58373840035	5.20577849117	0.609045547601	-0.0	-0.0	0.0109653968133	0.384074598018	0.000280243950038	20.155011985	10.6573959348
3.59611135661	5.22040423484	0.586312672113	-0.0	-0.0	0.01131748792	0.383857700081	0.00028581055525	20.8292498465	11.8982272767
3.60892620415	5.23701090443	0.564075621434	-0.0	-0.0	0.0117002902933	0.383621792094	0.000291881850179	21.575622926	13.2584656016
3.622182943	5.25016015375	0.544857215034	-0.0	-0.0	0.01206754608	0.383395382589	0.000297616908212	22.3048357474	14.5740751667
3.62969509501	5.25872558437	0.527803047793	-0.0	-0.0	0.0124285490533	0.383172752102	0.000303689995118	23.0334227165	15.873146167
3.63720724702	5.26624	0.512355717886	-0.0	-0.0	0.01279275704	0.382948051446	0.000309787860262	23.7790246513	17.1812711687
3.64869642068	5.27484819431	0.498166264205	-0.0	-0.0	0.0131643214933	0.382718734276	0.000315651905812	24.5500842159	18.5140405732
3.65134776845	5.27595017566	0.485293928096	-0.0	-0.0	0.0135363507067	0.382489046177	0.00032226736865	25.3325197994	19.850119927
3.66106937693	5.2849393746	0.474294205003	-0.0	-0.0	0.01388941736	0.38227098387	0.000327885443687	26.083561498	21.1110966738
3.66593018118	5.29090909091	0.464372799397	-0.0	-0.0	0.0142436939733	0.382052098155	0.000333933343158	26.8443913689	22.3646698815
3.67609368095	5.2969098439	0.455574509113	-0.0	-0.0	0.0145923324	0.381836627162	0.00033935793354	27.6000120196	23.5870933386
3.68272205038	5.3053167781	0.447465158452	-0.0	-0.0	0.0149523432267	0.381614034638	0.000345265679013	28.3863260797	24.8311519046
3.69111798498	5.31244034362	0.440344322799	-0.0	-0.0	0.01531051036	0.38139250944	0.000350928709758	29.173252913	26.0441460952
3.70393283252	5.32073674182	0.434550093968	-0.0	-0.0	0.0156541339733	0.381179904773	0.000355850334956	29.9301515508	27.1638751489
3.70746796288	5.3220177665	0.429518286858	-0.0	-0.0	0.0160203404533	0.380953254014	0.000361999868668	30.7369873687	28.2967362646
3.71895713654	5.3297434273	0.425821044863	-0.0	-0.0	0.0163805580933	0.380730220084	0.000367155611867	31.5249113105	29.3268457292
3.72602739726	5.33554922444	0.423205838477	-0.0	-0.0	0.0167494498533	0.380501734527	0.000372763703763	32.324950518	30.2936386771
3.72912063632	5.33786776337	0.42132553137	-0.0	-0.0	0.0171536889067	0.380251253939	0.000379273136161	33.1973523312	31.27633974
3.73353954927	5.34071496362	0.421163580412	-0.0	-0.0	0.0172135081733	0.380214179915	0.000379819756755	33.3254398636	31.4113237356
3.73309765798	5.34071496362	0.421283750574	-0.0	-0.0	0.0172105263333	0.380216028014	0.000379806212272	33.3179079792	31.3936092964
3.72912063632	5.33850047453	0.421507807193	-0.0	-0.0	0.0172006025333	0.3802221758	0.000380027235378	33.2940378176	31.3513474235
3.72823685373	5.33786776337	0.421812011458	-0.0	-0.0	0.01718904456	0.38022934193	0.000379901063423	33.2659995983	31.2981407633
3.72867874503	5.33924050633	0.42198048519	-0.0	-0.0	0.0171828699867	0.380233168737	0.000379740014478	33.2509473435	31.2691484676
3.7308882015	5.3391331857	0.422353771764	-0.0	-0.0	0.01716859528	0.380242015664	0.00037924833543	33.2163173691	31.2037761945
3.72823685373	5.33966445078	0.422845944132	-0.0	-0.0	0.0171501267867	0.380253456659	0.000379171968799	33.1715268769	31.1185437798
3.72514361467	5.33755541482	0.425190998878	-0.0	-0.0	0.01706294408	0.38030749038	0.000377850157218	32.9602305014	30.7166366636
3.71498011489	5.33386226595	0.434031370109	-0.0	-0.0	0.01674356016	0.3805053786	0.000372882461506	32.1916639709	29.2594111952
3.70835174547	5.33068614994	0.443818509499	-0.0	-0.0	0.0164037507733	0.380715850516	0.000367170635289	31.3834381472	27.7408536124
3.70349094123	5.32433290978	0.453144393556	-0.0	-0.0	0.0160906825333	0.380909700777	0.000361775197155	30.6477230017	26.375666575
3.69863013699	5.32146263911	0.462648334997	-0.0	-0.0	0.0157808553067	0.381101477936	0.00035643786269	29.9283655507	25.0590841039
3.69553689792	5.31468531469	0.472362829938	-0.0	-0.0	0.0154743623067	0.381291141094	0.000350990066335	29.2251969037	23.7878799672
3.68758285462	5.30661577608	0.482764074869	-0.0	-0.0	0.0151550994533	0.381488640321	0.000345763106328	28.5018413247	22.5010915272
3.67962881131	5.30286624204	0.493507866412	-0.0	-0.0	0.0148316887067	0.381688641199	0.000340447044771	27.7786901798	21.24244085
3.67123287671	5.2955052598	0.504890831951	-0.0	-0.0	0.0144959934	0.381896170585	0.000334962724821	27.0391282054	19.9832457092
3.65974370305	5.28566868816	0.516527904258	-0.0	-0.0	0.0141610572533	0.382103161233	0.000329786495188	26.3125096895	18.771787991
3.64958020327	5.27435324178	0.529660880474	-0.0	-0.0	0.0137938848667	0.382329994244	0.000323902490586	25.5284289147	17.4917086873
3.63941670349	5.26230031949	0.543851584714	-0.0	-0.0	0.0134071160933	0.382568843522	0.000317651590886	24.7161323544	16.200901695
3.62704374724	5.25184	0.559558826229	-0.0	-0.0	0.0129895113467	0.382826627558	0.000311013382436	23.8547992263	14.8740714218
3.61555457357	5.2399103139	0.575450936224	-0.0	-0.0	0.0125746587867	0.383082614724	0.000304337076471	23.0148696961	13.6281550185
3.59876270437	5.22457491177	0.593248184063	-0.0	-0.0	0.0121117381733	0.383368132407	0.000297206112713	22.0958676651	12.3314190161
3.58064516129	5.20533419023	0.612867302674	-0.0	-0.0	0.0115982158533	0.383684705344	0.000289243668488	21.0974867352	11.0087612337
3.57357490057	5.19466752329	0.633349740946	-0.0	-0.0	0.0110636225333	0.38401409533	0.000279987118551	20.0810379526	9.74463243964
3.5466195316	5.17209152433	0.658748602856	-0.0	-0.0	0.0104102220533	0.384416449353	0.000270076945062	18.8713758525	8.3364286608
3.52629253204	5.14972571797	0.689161634718	-0.0	-0.0	0.00965482125333	0.384881285261	0.000257734845969	17.5196868827	6.86928169208
3.48961555457	5.12167423751	0.719158682651	-0.0	-0.0	0.00892951114667	0.385327276128	0.000247129983587	16.274189777	5.62330190582
