# C		CN		K0		e_x		e_y		e_z		n		overlap		p		q
3.4365885992	5.20629604823	0.735979586445	-0.0	-0.0	1.87240000048e-07	0.387813582676	0.000127445948459	5.58663903583	1.79006202627
3.47503314185	5.21986051146	0.642397260883	-0.0	-0.0	0.000531443826667	0.387488268204	0.000135658773528	6.17652754569	2.90014241657
3.51391957578	5.22811059908	0.557371904024	-0.0	-0.0	0.00134984762667	0.386986781094	0.000148498747168	7.12843875392	4.47607023733
3.55413168361	5.24640992167	0.512469065697	-0.0	-0.0	0.00212068413333	0.386514065956	0.000159992371637	8.06227182601	5.8232992727
3.58727353071	5.25348009064	0.484068690966	-0.0	-0.0	0.00286652962667	0.386056329558	0.000171086898149	9.00012852114	7.07793286996
3.61025187804	5.26539825863	0.464299339765	-0.0	-0.0	0.00361248325333	0.385598185194	0.000182439613645	9.96977311537	8.3078155611
3.63588157313	5.27526467757	0.449803880166	-0.0	-0.0	0.00433858268	0.385151906387	0.000193195621977	10.946064264	9.51114573957
3.65444100751	5.27923322684	0.438882968941	-0.0	-0.0	0.00503626472	0.384722788238	0.000203723466126	11.9145897922	10.6810105279
3.66946531153	5.2847133758	0.430128248314	-0.0	-0.0	0.00572674384	0.384297805467	0.000214235405905	12.9010913969	11.8563771711
3.67565178966	5.28448823903	0.422917758543	-0.0	-0.0	0.00641326198667	0.383874969611	0.000225193723511	13.9117968231	13.0481575727
3.68846663721	5.28947368421	0.416877186705	-0.0	-0.0	0.00707321445333	0.383468222176	0.000235307509993	14.9118129173	14.2255992826
3.70393283252	5.29112724976	0.411839074294	-0.0	-0.0	0.00772982676	0.383063266888	0.00024513047316	15.9307448296	15.4136435205
3.71277065842	5.30176767677	0.407680871223	-0.0	-0.0	0.00836371930667	0.382672071316	0.000254962800618	16.9361719879	16.5778837388
3.72691117985	5.30761964736	0.404097837269	-0.0	-0.0	0.00898968749333	0.382285522701	0.000264276852376	17.9510583567	17.7476497406
3.73663278833	5.3167662787	0.400895348203	-0.0	-0.0	0.00960245564	0.381906890951	0.000273678887745	18.9671725509	18.9200465893
3.75695978789	5.3249764964	0.397917918131	-0.0	-0.0	0.01020852716	0.381532168778	0.000282178020878	19.9950544644	20.1109652273
3.76844896156	5.33051907442	0.395367844472	-0.0	-0.0	0.0108068733867	0.381162000151	0.000291196313336	21.0303855455	21.302385532
3.78258948299	5.33322942643	0.392929774245	-0.0	-0.0	0.0114085767867	0.380789531176	0.000300023327542	22.0926980801	22.5300235212
3.79893946089	5.33436820863	0.390348738918	-0.0	-0.0	0.0121410528933	0.380335814507	0.000310767312373	23.4110705769	24.0455027506
3.80777728679	5.33860465116	0.388755060974	-0.0	-0.0	0.0127213886267	0.379976090511	0.000319460082868	24.4671263901	25.2410498154
3.81705700398	5.34489164087	0.387187182762	-0.0	-0.0	0.0132863232	0.379625718609	0.000327865093796	25.5146741106	26.4358857293
3.83296509059	5.35319543069	0.385687969021	-0.0	-0.0	0.0138520024667	0.379274686464	0.000335772536182	26.5841837906	27.6581332945
3.84180291648	5.36057988896	0.384384685152	-0.0	-0.0	0.01442276032	0.378920301492	0.000344339278127	27.6792178388	28.9010269354
3.84931506849	5.36414048059	0.382907070609	-0.0	-0.0	0.0150851648267	0.378508768438	0.000354533926558	28.9726851242	30.3749506558
3.85859478568	5.36973239003	0.381866307424	-0.0	-0.0	0.0156255701333	0.378172811282	0.000362538141503	30.0434870971	31.587937073
3.87096774194	5.37691835482	0.380903338165	-0.0	-0.0	0.0161585611733	0.377841294622	0.000370110123822	31.1138490289	32.800102865
3.87847989395	5.37982832618	0.380033829309	-0.0	-0.0	0.01669558644	0.377507089947	0.000378181296393	32.2058387155	34.0325505181
3.88466637207	5.38357843137	0.379710937028	-0.0	-0.0	0.0169151308667	0.377370419096	0.000381168014048	32.6561775564	34.5390779927
3.88157313301	5.38381361128	0.379961477073	-0.0	-0.0	0.0169067821467	0.377375608233	0.000381304955632	32.6351922104	34.4931174275
3.87980556783	5.38197424893	0.380172425778	-0.0	-0.0	0.0168967420667	0.377381857473	0.000381294874801	32.6119466983	34.4485635211
3.87980556783	5.38228080932	0.380505065319	-0.0	-0.0	0.01688252576	0.377390701351	0.00038102904245	32.5783187547	34.3815798067
3.88157313301	5.3828939301	0.380739047545	-0.0	-0.0	0.0168722147467	0.377397130368	0.000380662984283	32.5539659089	34.3337790991
3.88068935042	5.38393130941	0.381145634108	-0.0	-0.0	0.0168547711067	0.377407990733	0.000380424173446	32.5128390893	34.2520775893
3.8820150243	5.38485127262	0.381543559533	-0.0	-0.0	0.01683766904	0.377418638252	0.000379975398582	32.4725156431	34.1721680463
3.88024745913	5.38228080932	0.382116354562	-0.0	-0.0	0.0168131410133	0.377433908757	0.000379690384518	32.414718988	34.0576239698
3.87803800265	5.38147807421	0.384120455777	-0.0	-0.0	0.01672814476	0.37748681335	0.000378318048609	32.214765874	33.6612763467
3.86301369863	5.37350138334	0.392863953632	-0.0	-0.0	0.01636665716	0.377711809714	0.000372991746582	31.3698724526	31.9966668917
3.84401237296	5.36551511413	0.40166849044	-0.0	-0.0	0.01601647492	0.377929688541	0.000368233699242	30.5612760114	30.4198958994
3.83561643836	5.36071649166	0.40990772756	-0.0	-0.0	0.0157008088667	0.378126024031	0.00036307965668	29.8402456018	29.0279406427
3.82722050376	5.35756263532	0.418398081267	-0.0	-0.0	0.0153861453067	0.378321674327	0.000357938818663	29.1291031914	27.6702597479
3.82191780822	5.35687732342	0.427431178231	-0.0	-0.0	0.0150615938533	0.378523405173	0.000352304936216	28.4034381007	26.3031750537
3.79893946089	5.34712286159	0.437017425309	-0.0	-0.0	0.0147288175867	0.378730186446	0.000348111220304	27.6682380049	24.935612906
3.79363676536	5.34111422347	0.447372016707	-0.0	-0.0	0.01438135024	0.378946014604	0.000342030858108	26.9107133644	23.5466316188
3.77198409191	5.3328125	0.458711757661	-0.0	-0.0	0.0140122525067	0.379175206736	0.000336987342168	26.1167647331	22.1182710523
3.76049491825	5.32082551595	0.471124992846	-0.0	-0.0	0.0136243910667	0.379415954544	0.000330684088647	25.2953107838	20.6637525091
3.7476800707	5.31765443713	0.484786089674	-0.0	-0.0	0.0132094509467	0.379673406345	0.000323961286281	24.430116384	19.1717814517
3.73663278833	5.30759573132	0.499543331072	-0.0	-0.0	0.01277572772	0.379942394666	0.000316726022338	23.5423593204	17.6809704361
3.72337604949	5.29811320755	0.515596461704	-0.0	-0.0	0.01231776044	0.380226299138	0.000309230430978	22.6244181163	16.1865690764
3.70128148475	5.28860119987	0.533417056032	-0.0	-0.0	0.01182521716	0.380531489344	0.000301825910867	21.6586379287	14.6681598511
3.68139637649	5.26985131288	0.552805872632	-0.0	-0.0	0.0113024593733	0.380855236703	0.000293672793136	20.657802208	13.162038803
3.6637207247	5.26015228426	0.569541748437	-0.0	-0.0	0.0108728496533	0.381121170184	0.000287063633984	19.8543951987	11.9861916408
3.664162616	5.26046954315	0.568946887579	-0.0	-0.0	0.0108816798667	0.381115709518	0.000287194961114	19.870797817	12.0193566372
3.664162616	5.26046954315	0.56867228565	-0.0	-0.0	0.0108864721867	0.381112739429	0.000287283025687	19.8795166147	12.0353824727
3.66460450729	5.26078680203	0.568026221171	-0.0	-0.0	0.0108968437467	0.381106320569	0.000287439737172	19.8985397321	12.0722420913
3.66725585506	5.26237309645	0.56717704672	-0.0	-0.0	0.0109103873067	0.381097938489	0.000287483916133	19.9235250966	12.1207989788
3.66858152894	5.26292419918	0.566082705337	-0.0	-0.0	0.0109278105333	0.381087159779	0.000287703101147	19.9556397252	12.18352548
3.66946531153	5.26212361331	0.563744020369	-0.0	-0.0	0.0109653968133	0.381063892055	0.000288332039471	20.0251262037	12.318867437
3.68007070261	5.27367754197	0.54297126866	-0.0	-0.0	0.01131748792	0.380845931787	0.000294021418642	20.68169721	13.5940415453
3.69818824569	5.29222011385	0.522499860029	-0.0	-0.0	0.0117002902933	0.38060887277	0.000299668438595	21.4081536892	14.996182566
3.706142289	5.30129623775	0.504660303604	-0.0	-0.0	0.01206754608	0.380381356019	0.000305821107633	22.1172159111	16.3570735928
3.71498011489	5.31058451817	0.488655856015	-0.0	-0.0	0.0124285490533	0.380157631466	0.000311776013058	22.8257267594	17.7085913763
3.72646928856	5.3180814137	0.473979416237	-0.0	-0.0	0.01279275704	0.379931843452	0.000317542497629	23.5512744613	19.0791328861
3.7392841361	5.32850393701	0.460395514062	-0.0	-0.0	0.0131643214933	0.379701400713	0.00032330828047	24.3022720747	20.481585198
3.75254087494	5.34004403901	0.448036514044	-0.0	-0.0	0.0135363507067	0.379470594762	0.000329023024245	25.0649344804	21.8898666972
3.76182059213	5.35051870481	0.437373827006	-0.0	-0.0	0.01388941736	0.379251469008	0.000334704173087	25.7978697032	23.2264166403
3.76270437472	5.35682819383	0.427651287356	-0.0	-0.0	0.0142436939733	0.379031506008	0.000341134393332	26.5411245884	24.5632901566
3.76844896156	5.36132075472	0.419018911313	-0.0	-0.0	0.0145923324	0.378814974786	0.000346994839904	27.2791304108	25.8677901337
3.77198409191	5.36655139893	0.4110089116	-0.0	-0.0	0.0149523432267	0.378591302332	0.000353231961081	28.0474758256	27.2001400366
3.7812638091	5.37080062794	0.403904291258	-0.0	-0.0	0.01531051036	0.378368694943	0.00035885655211	28.8171304991	28.5059513406
3.79054352629	5.37511751802	0.397964108017	-0.0	-0.0	0.0156541339733	0.378155049256	0.000364159558698	29.5583544209	29.725893458
3.80159080866	5.38247261346	0.392708752776	-0.0	-0.0	0.0160203404533	0.377927283903	0.00036962085525	30.3481514998	30.967826939
3.81175430844	5.38600874453	0.388679461351	-0.0	-0.0	0.0163805580933	0.377703161973	0.000374947071287	31.1200527463	32.1111180719
3.82191780822	5.38859457775	0.385923308445	-0.0	-0.0	0.0167494498533	0.377473559451	0.000380287468753	31.9017068482	33.1689454543
3.83119752541	5.39097978227	0.384021908742	-0.0	-0.0	0.0171536889067	0.377221859082	0.000386199008834	32.7524268426	34.2323711172
3.83561643836	5.39260180292	0.383802207923	-0.0	-0.0	0.0172135081733	0.377184603836	0.000386760141442	32.8782085475	34.3846383266
3.83517454706	5.39229095431	0.383948922065	-0.0	-0.0	0.0172105263333	0.377186460969	0.000386739816549	32.8701378014	34.3623087018
3.83031374282	5.38961442786	0.384137601398	-0.0	-0.0	0.0172006025333	0.377192633806	0.000387049332958	32.8473270191	34.3206197321
3.83296509059	5.39179104478	0.384403119766	-0.0	-0.0	0.01718904456	0.377199839965	0.000386567416076	32.8203167077	34.2673224268
3.8316394167	5.39023631841	0.384573424667	-0.0	-0.0	0.0171828699867	0.377203685478	0.000386584398556	32.8056388124	34.235928951
3.8316394167	5.39414694894	0.384884344396	-0.0	-0.0	0.01716859528	0.377212575649	0.000386321317462	32.7724495689	34.1720026973
3.82766239505	5.39134495641	0.385320637668	-0.0	-0.0	0.0171501267867	0.377224077488	0.000386379257985	32.7292285255	34.0859240094
3.82501104728	5.39264568401	0.387397939949	-0.0	-0.0	0.01706294408	0.377278367273	0.000385025475512	32.525531801	33.6802806642
3.81794078657	5.38864628821	0.395190843847	-0.0	-0.0	0.01674356016	0.377477221118	0.000379788264423	31.7843672841	32.2112482854
3.80380026513	5.38136917787	0.403815101825	-0.0	-0.0	0.0164037507733	0.377688729075	0.000374855198803	31.0046695287	30.677484325
3.80026513478	5.37785423835	0.412087451671	-0.0	-0.0	0.0160906825333	0.377883520501	0.000369374796984	30.2946147518	29.2909152408
3.78833406982	5.3724137931	0.420626561667	-0.0	-0.0	0.0157808553067	0.378076236704	0.000364757820544	29.5994626787	27.9415289202
3.77198409191	5.36529393273	0.429412890386	-0.0	-0.0	0.0154743623067	0.378266825372	0.000360624831787	28.9195656515	26.6315405356
3.7649138312	5.35754716981	0.438867293553	-0.0	-0.0	0.0151550994533	0.378465293934	0.00035535473179	28.2195354401	25.2989497103
3.75828546178	5.35084959094	0.448772893848	-0.0	-0.0	0.0148316887067	0.378666272437	0.000349968884182	27.5192708365	23.9826118426
3.75298276624	5.34897637795	0.459455347536	-0.0	-0.0	0.0144959934	0.37887481085	0.000344227386505	26.8015134512	22.6494356582
3.74237737517	5.33816577372	0.470466751723	-0.0	-0.0	0.0141610572533	0.379082818687	0.000338971864929	26.0944097363	21.3575439731
3.73707467963	5.32797731569	0.482951847154	-0.0	-0.0	0.0137938848667	0.379310754386	0.000332613024135	25.3291708841	19.9853142196
3.72514361467	5.31766561514	0.496642766121	-0.0	-0.0	0.0134071160933	0.379550777278	0.000326467705741	24.5348961303	18.5871275087
3.71718957137	5.30630914826	0.51171566109	-0.0	-0.0	0.0129895113467	0.379809825725	0.000319385693451	23.6922560997	17.1518906722
3.70879363677	5.29599242663	0.526911050034	-0.0	-0.0	0.0125746587867	0.380067059846	0.000312378533105	22.870099857	15.8040828268
3.69244365886	5.28399746996	0.544236275174	-0.0	-0.0	0.0121117381733	0.380353973168	0.000305148122656	21.9701223897	14.3835045573
3.67476800707	5.26599113363	0.563840769789	-0.0	-0.0	0.0115982158533	0.380672093546	0.000297078754765	20.9921711057	12.9097268829
3.65753424658	5.25635324015	0.584651554482	-0.0	-0.0	0.0110636225333	0.381003090279	0.000288550238235	19.9967455097	11.4861087811
3.62969509501	5.24098308331	0.611046013035	-0.0	-0.0	0.0104102220533	0.381407414394	0.000278602695611	18.8121027943	9.87858598905
3.59390190013	5.21623355791	0.643001749921	-0.0	-0.0	0.00965482125333	0.381874519168	0.00026729778414	17.4867306504	8.19254945443
3.56650463986	5.19645732689	0.67530489535	-0.0	-0.0	0.00892951114667	0.382322693383	0.000255951843375	16.2628745921	6.73928414895
