# C		CN		K0		e_x		e_y		e_z		n		overlap		p		q
3.33893062307	5.13644096632	0.736072933835	-0.0	-0.0	1.87240000048e-07	0.390308388878	0.000105188375088	5.58687954089	1.78937102239
3.40167918692	5.14352626296	0.635820316562	-0.0	-0.0	0.000531443826667	0.389984400141	0.000112787185781	6.30779350006	3.03371520109
3.43216968626	5.15791223404	0.554659879221	-0.0	-0.0	0.00134984762667	0.389484956711	0.00012602689593	7.47640445159	4.7354738628
3.46045072912	5.16986120291	0.514027416422	-0.0	-0.0	0.00212068413333	0.389014168	0.000138095248712	8.63050642846	6.20425459712
3.48696420681	5.17147540984	0.489050983636	-0.0	-0.0	0.00286652962667	0.388558296987	0.00014960074692	9.79730503168	7.59201009622
3.51126822802	5.17906066536	0.471650947003	-0.0	-0.0	0.00361248325333	0.388102019672	0.000161014788748	11.0127267891	8.98249076152
3.5293857711	5.18784530387	0.459123092333	-0.0	-0.0	0.00433858268	0.387657559558	0.000172268113997	12.2433898951	10.3565959137
3.55280600972	5.19327731092	0.449777332667	-0.0	-0.0	0.00503626472	0.387230190168	0.000182705325449	13.4691236612	11.7043493658
3.56429518338	5.19858156028	0.442294221948	-0.0	-0.0	0.00572674384	0.386806939303	0.000193547607924	14.7230939857	13.0710043562
3.56783031374	5.20541760722	0.436129837056	-0.0	-0.0	0.00641326198667	0.386385826605	0.000204722763333	16.0099008535	14.4651495641
3.59257622625	5.20897435897	0.431019778026	-0.0	-0.0	0.00707321445333	0.385980736762	0.000214223965373	17.2851427721	15.8453739708
3.6049491825	5.21355498721	0.426827318008	-0.0	-0.0	0.00772982676	0.385577431764	0.000224311428395	18.5868699513	17.2418624691
3.62085726911	5.22448979592	0.423376006653	-0.0	-0.0	0.00836371930667	0.385187830408	0.000233770503072	19.8756190099	18.6177007868
3.63234644278	5.23241006049	0.420212964919	-0.0	-0.0	0.00898968749333	0.384802857071	0.000243379189371	21.1832346368	20.0199822297
3.64383561644	5.2417302799	0.417453350607	-0.0	-0.0	0.00960245564	0.384425770971	0.000252738139418	22.4947450865	21.4249122919
3.65797613787	5.24698795181	0.415168873102	-0.0	-0.0	0.01020852716	0.384052573246	0.000261721799631	23.81730229	22.8303761426
3.66548828988	5.24810126582	0.413049762231	-0.0	-0.0	0.0108068733867	0.383683913145	0.000271011822484	25.1498937898	24.2512567502
3.67918692002	5.25647504738	0.411130015756	-0.0	-0.0	0.0114085767867	0.38331296207	0.000279896807457	26.5173404527	25.7075262331
3.69288555015	5.26710816777	0.408935520528	-0.0	-0.0	0.0121410528933	0.382861088076	0.000290957273194	28.2226612398	27.5290362159
3.70835174547	5.26647834275	0.407286012229	-0.0	-0.0	0.0127213886267	0.382502842751	0.00029933318036	29.6034921216	29.0091607787
3.71807335395	5.27603513174	0.405961583769	-0.0	-0.0	0.0132863232	0.382153892317	0.000307871725037	30.9694121303	30.4599348302
3.73265576668	5.28584846587	0.404685632606	-0.0	-0.0	0.0138520024667	0.381804290712	0.000315981198213	32.3599281261	31.9409241956
3.74149359258	5.28732042473	0.403642945569	-0.0	-0.0	0.01442276032	0.381451349944	0.000324607061705	33.7830292185	33.4425470147
3.74856385329	5.29151061174	0.402595650663	-0.0	-0.0	0.0150851648267	0.381041491797	0.000334868603499	35.4617821897	35.2068330373
3.75872735307	5.28824626866	0.401863445703	-0.0	-0.0	0.0156255701333	0.38070691561	0.000342831057872	36.8540829984	36.6637116542
3.76535572249	5.29623873174	0.40116689944	-0.0	-0.0	0.0161585611733	0.380376744988	0.000350977982322	38.2470265661	38.123213669
3.7812638091	5.30571073867	0.400547793254	-0.0	-0.0	0.01669558644	0.380043904074	0.000358298644688	39.6691131784	39.6087874723
3.78877596111	5.30926557174	0.400313871581	-0.0	-0.0	0.0169151308667	0.379907777291	0.000361181493547	40.2557344351	40.2206490849
3.78258948299	5.3067617866	0.400583408382	-0.0	-0.0	0.0169067821467	0.37991294914	0.00036160328151	40.2281683878	40.1630177022
3.77817057004	5.30807453416	0.400798295689	-0.0	-0.0	0.0168967420667	0.379919177373	0.000361839148928	40.1976323284	40.1085735547
3.77684489616	5.31022691949	0.401144455063	-0.0	-0.0	0.01688252576	0.379927992569	0.00036169646057	40.1535044101	40.0260168548
3.77375165709	5.30939054726	0.401407093343	-0.0	-0.0	0.0168722147467	0.379934381896	0.000361797268491	40.1215050487	39.9649312235
3.77110030932	5.30896079652	0.401826042573	-0.0	-0.0	0.0168547711067	0.379945202214	0.000361722130459	40.0676308159	39.8648056695
3.77021652673	5.30740510268	0.402238850832	-0.0	-0.0	0.01683766904	0.379955806342	0.000361483001404	40.0147489132	39.7665134991
3.76933274414	5.30781201369	0.402843028772	-0.0	-0.0	0.0168131410133	0.379971014616	0.000361103320228	39.9389487907	39.6245320623
3.7649138312	5.30448318804	0.404938834998	-0.0	-0.0	0.01672814476	0.380023707606	0.000359916614912	39.6766206012	39.1352683162
3.75298276624	5.29292614522	0.41404603781	-0.0	-0.0	0.01636665716	0.380247785755	0.000354161938326	38.5683942444	37.0867043146
3.74326115776	5.28455538222	0.423154696335	-0.0	-0.0	0.01601647492	0.380464773978	0.000348400624683	37.5075662208	35.1556410517
3.73751657092	5.2827241487	0.431624553735	-0.0	-0.0	0.0157008088667	0.380660309354	0.000342929202451	36.5627834066	33.4599194258
3.73442333186	5.27732667083	0.440329734302	-0.0	-0.0	0.0153861453067	0.380855162328	0.000337247123292	35.6331275964	31.8124609837
3.72425983208	5.27543035994	0.44950340342	-0.0	-0.0	0.0150615938533	0.381056073213	0.000331992438538	34.6859242396	30.1649522915
3.71321254971	5.26936343681	0.45911419723	-0.0	-0.0	0.0147288175867	0.38126200952	0.000326611328783	33.7262145907	28.5294973831
3.69951391958	5.25981778197	0.469399189815	-0.0	-0.0	0.01438135024	0.381476963563	0.000321220165594	32.739328774	26.8798156965
3.69465311533	5.25628930818	0.480719165924	-0.0	-0.0	0.0140122525067	0.381705216887	0.000314649437011	31.706798632	25.1826415934
3.68493150685	5.24834749764	0.492917079796	-0.0	-0.0	0.0136243910667	0.381944983091	0.000308128314907	30.6391856073	23.4711558899
3.66946531153	5.2408459596	0.506179093162	-0.0	-0.0	0.0132094509467	0.382201385714	0.000301562025925	29.5168501953	21.7297862222
3.64913831198	5.2253164557	0.520572513445	-0.0	-0.0	0.01277572772	0.382469281222	0.000295034537946	28.366597109	19.9883783488
3.63588157313	5.22017766497	0.536371890536	-0.0	-0.0	0.01231776044	0.382752025337	0.000287480141113	27.1784261568	18.2376844437
3.61864781264	5.20999045498	0.553791062076	-0.0	-0.0	0.01182521716	0.38305597182	0.000279599015133	25.9293240111	16.4689612739
3.59522757402	5.19642286809	0.572973776221	-0.0	-0.0	0.0113024593733	0.383378399831	0.000271592512362	24.6333619677	14.7055199854
3.57401679187	5.18697883258	0.589328845952	-0.0	-0.0	0.0108728496533	0.383643249569	0.000265158929947	23.5965535788	13.343661915
3.57578435705	5.19062901155	0.58862575009	-0.0	-0.0	0.0108816798667	0.383637806984	0.000265195603401	23.6179034957	13.387241668
3.57755192223	5.19088867501	0.588364076879	-0.0	-0.0	0.0108864721867	0.383634853172	0.000265151731113	23.6289906346	13.4052679323
3.57755192223	5.19088867501	0.58769767487	-0.0	-0.0	0.0108968437467	0.38362846047	0.000265344042474	23.6534280965	13.449091085
3.57666813964	5.19056785371	0.586804839184	-0.0	-0.0	0.0109103873067	0.383620112549	0.000265661643477	23.6856690598	13.5076742623
3.57843570482	5.1908274535	0.58565570357	-0.0	-0.0	0.0109278105333	0.383609373129	0.000265855399384	23.7271255436	13.5833106767
3.58064516129	5.19102564103	0.58319447907	-0.0	-0.0	0.0109653968133	0.383586211305	0.000266392559697	23.8167232986	13.7467582504
3.58992487848	5.19648	0.561454525038	-0.0	-0.0	0.01131748792	0.383369132835	0.000272257176852	24.6647133042	15.2855324778
3.60892620415	5.21097989148	0.540224444533	-0.0	-0.0	0.0117002902933	0.38313303989	0.000277934620284	25.6042332657	16.975471929
3.62660185594	5.22611464968	0.521970431345	-0.0	-0.0	0.01206754608	0.382906451465	0.000283390118054	26.5217639825	18.6084455201
3.63764913831	5.23870146404	0.505796017923	-0.0	-0.0	0.0124285490533	0.382683637502	0.000289226164088	27.4390750687	20.223534278
3.64958020327	5.24753733715	0.49105489612	-0.0	-0.0	0.01279275704	0.382458765005	0.000295021159047	28.378866996	21.8604723127
3.66106937693	5.25642653126	0.477534250956	-0.0	-0.0	0.0131643214933	0.382229265999	0.000300973330094	29.3526105075	23.5322705371
3.66460450729	5.26245636306	0.465453996781	-0.0	-0.0	0.0135363507067	0.381999394482	0.0003075606365	30.3408212155	25.1983493297
3.67034909412	5.26871827411	0.45508972303	-0.0	-0.0	0.01388941736	0.381781160553	0.000313592067084	31.289903143	26.777887004
3.68493150685	5.28168567807	0.445705085714	-0.0	-0.0	0.0142436939733	0.381562101275	0.000318849755802	32.2526910283	28.3558313459
3.69421122404	5.29322355921	0.437380021745	-0.0	-0.0	0.0145923324	0.381346452469	0.000324442613726	33.2103231394	29.8994924936
3.70260715864	5.30158227848	0.429674501015	-0.0	-0.0	0.0149523432267	0.381123690923	0.000330292047576	34.2088917794	31.4790874428
3.71365444101	5.30596779286	0.423035084914	-0.0	-0.0	0.01531051036	0.38090199759	0.000335820302267	35.2093914407	33.0126945468
3.72160848431	5.30926860025	0.417590065267	-0.0	-0.0	0.0156541339733	0.380689224519	0.000341288462925	36.1721905044	34.4386517056
3.72735307114	5.31924290221	0.412847705463	-0.0	-0.0	0.0160203404533	0.380462386622	0.000347276554728	37.1980723644	35.8892289651
3.73884224481	5.32252989301	0.409424958252	-0.0	-0.0	0.0163805580933	0.380239170561	0.000352510836699	38.2023188771	37.2125306123
3.74237737517	5.32620320856	0.406983952232	-0.0	-0.0	0.0167494498533	0.380010503723	0.00035854329416	39.2240854477	38.469002796
3.75475033142	5.33249607535	0.405232192654	-0.0	-0.0	0.0171536889067	0.379759829093	0.000364235892869	40.3386958474	39.7558071979
3.75961113566	5.33166144201	0.405025872694	-0.0	-0.0	0.0172135081733	0.379722727926	0.000364777565959	40.5035929119	39.941272243
3.75961113566	5.33511139002	0.405136478629	-0.0	-0.0	0.0172105263333	0.379724575236	0.000364716942667	40.493640384	39.9191559737
3.75519222271	5.33197364292	0.40539265374	-0.0	-0.0	0.0172006025333	0.379730730695	0.000364958300726	40.462946992	39.8604386175
3.75430844012	5.3313460935	0.405668466114	-0.0	-0.0	0.01718904456	0.379737899709	0.000364827918448	40.4275485226	39.7949710468
3.75563411401	5.33333333333	0.405822131632	-0.0	-0.0	0.0171828699867	0.379741729551	0.000364583175841	40.4085015416	39.7591919068
3.75430844012	5.33343799058	0.40618115903	-0.0	-0.0	0.01716859528	0.379750574265	0.000364443230741	40.3645697746	39.6762421083
3.75298276624	5.33249607535	0.406645729764	-0.0	-0.0	0.0171501267867	0.379762038459	0.000364224023493	40.3077077291	39.5690671439
3.75121520106	5.33280955374	0.408840348052	-0.0	-0.0	0.01706294408	0.379816110127	0.000362754029615	40.0400520279	39.066371676
3.73530711445	5.3217884131	0.417077162711	-0.0	-0.0	0.01674356016	0.380014150749	0.000358278230926	39.0667527968	37.2480691538
3.72116659302	5.31094292021	0.426191622305	-0.0	-0.0	0.0164037507733	0.380224796479	0.000353234472601	38.0439021843	35.3543088727
3.71542200619	5.30650252525	0.434883192684	-0.0	-0.0	0.0160906825333	0.380418798042	0.000347890761756	37.113286425	33.6512765942
3.70879363677	5.30164245104	0.443730683891	-0.0	-0.0	0.0157808553067	0.380610731433	0.00034270062833	36.2035710096	32.0095595544
3.70304904993	5.29614412137	0.452723996967	-0.0	-0.0	0.0154743623067	0.38080054035	0.00033748056846	35.3148050198	30.4289784879
3.69332744145	5.28924050633	0.462364348739	-0.0	-0.0	0.0151550994533	0.380998196651	0.000332375257143	34.4006143075	28.8274342788
3.69111798498	5.28951536269	0.472394316383	-0.0	-0.0	0.0148316887067	0.381198356118	0.000326528263875	33.4871749426	27.2544124287
3.67741935484	5.27814779575	0.48314308604	-0.0	-0.0	0.0144959934	0.381406050063	0.00032145848895	32.5512963709	25.6692481896
3.66681396376	5.26562995874	0.494178264159	-0.0	-0.0	0.0141610572533	0.381613204843	0.000316126151356	31.6313676449	24.1402883154
3.66018559434	5.2591298825	0.506504712043	-0.0	-0.0	0.0137938848667	0.381840217719	0.000309857055431	30.6389292424	22.5336757418
3.64825452939	5.24626628535	0.519875660243	-0.0	-0.0	0.0134071160933	0.382079256391	0.000303671745078	29.6116211245	20.9102843549
3.64074237738	5.23910969793	0.534737597816	-0.0	-0.0	0.0129895113467	0.382337243696	0.000296544876745	28.5226640529	19.237519573
3.62748563853	5.22738853503	0.549876128289	-0.0	-0.0	0.0125746587867	0.382593434983	0.000289942414169	27.4620563322	17.6611222815
3.60671674768	5.21072796935	0.566993811968	-0.0	-0.0	0.0121117381733	0.382879179065	0.00028305415414	26.3025620408	16.0111127127
3.59036676977	5.19942381562	0.586148239535	-0.0	-0.0	0.0115982158533	0.383196003026	0.000274845660118	25.0432818114	14.3132482587
3.56959787892	5.17960230917	0.606173775712	-0.0	-0.0	0.0110636225333	0.3835256542	0.000266527805103	23.7613891912	12.6894956215
3.53910737958	5.15614938828	0.631498098836	-0.0	-0.0	0.0104102220533	0.383928327266	0.000256701222127	22.2417706242	10.8654200595
3.50287229342	5.12213247173	0.66202815132	-0.0	-0.0	0.00965482125333	0.38439353257	0.000245383678428	20.5499405015	8.96531814695
3.47414935926	5.11154471545	0.692152671531	-0.0	-0.0	0.00892951114667	0.384839876274	0.000234048809234	18.9899752632	7.35561806647
