# C		CN		K0		e_x		e_y		e_z		n		overlap		p		q
3.31860362351	5.10997616616	0.735848370573	-0.0	-0.0	1.87240000048e-07	0.390752554517	0.000120898206447	5.58728230959	1.79134806659
3.38753866549	5.13002680965	0.636463524403	-0.0	-0.0	0.000531443826667	0.390428801808	0.000127986240188	6.21180047968	2.98058319296
3.42200618648	5.15113182423	0.54577228588	-0.0	-0.0	0.00134984762667	0.389929722226	0.000141137242323	7.22834771938	4.7094131855
3.45426425099	5.15412541254	0.497163272085	-0.0	-0.0	0.00212068413333	0.38945927649	0.000153116556641	8.23227807356	6.22690168052
3.47768448962	5.16759776536	0.467180469923	-0.0	-0.0	0.00286652962667	0.389003737583	0.000164793388733	9.24293806733	7.6378991368
3.50773309766	5.1826200588	0.446099995877	-0.0	-0.0	0.00361248325333	0.388547792669	0.00017596776281	10.2934810286	9.03957172974
3.52231551038	5.1865234375	0.430832225192	-0.0	-0.0	0.00433858268	0.388103656348	0.000187457513259	11.3540253933	10.4138187204
3.54175872735	5.19993508601	0.419290539549	-0.0	-0.0	0.00503626472	0.387676598301	0.000198212309973	12.4102078992	11.7591634361
3.5545735749	5.20388349515	0.409900357427	-0.0	-0.0	0.00572674384	0.387253655777	0.000209207201272	13.4929338809	13.1259022959
3.56783031374	5.20380522412	0.402055361111	-0.0	-0.0	0.00641326198667	0.386832849864	0.000220061736091	14.604488119	14.5212961715
3.58285461776	5.20758354756	0.39593558805	-0.0	-0.0	0.00707321445333	0.386428055133	0.000230241471005	15.7010990194	15.8791691154
3.59787892179	5.21467478372	0.390701510862	-0.0	-0.0	0.00772982676	0.386025043946	0.00024033347645	16.8223950266	17.2614390147
3.61113566063	5.21891978268	0.386301041972	-0.0	-0.0	0.00836371930667	0.385635726418	0.000250149251047	17.9333536426	18.6263130526
3.62704374724	5.22356687898	0.382511904191	-0.0	-0.0	0.00898968749333	0.385251033537	0.000259605882483	19.05702957	20.0011277668
3.63543968184	5.22324547475	0.379256660792	-0.0	-0.0	0.00960245564	0.384874222233	0.000269351708909	20.1818188869	21.3721377484
3.6469288555	5.22718631179	0.376390174375	-0.0	-0.0	0.01020852716	0.3845012963	0.000278737008168	21.3185187293	22.7543133232
3.65797613787	5.23142586152	0.373758343093	-0.0	-0.0	0.0108068733867	0.384132904771	0.00028804960001	22.4661208291	24.1529380123
3.67300044189	5.23833543506	0.371426361031	-0.0	-0.0	0.0114085767867	0.383762223938	0.000297049331375	23.6423020633	25.580350514
3.69376933274	5.24780150754	0.368782920813	-0.0	-0.0	0.0121410528933	0.383310680212	0.000307795485992	25.1073295755	27.362718916
3.706142289	5.25517241379	0.366934087164	-0.0	-0.0	0.0127213886267	0.382952695414	0.000316623740538	26.293478346	28.8006408743
3.72558550597	5.26625	0.365274031572	-0.0	-0.0	0.0132863232	0.382604002862	0.00032455410515	27.4685251778	30.224505085
3.73619089704	5.26932668329	0.363742861613	-0.0	-0.0	0.0138520024667	0.38225465645	0.000333225538523	28.6650363537	31.6732006933
3.74679628811	5.27584059776	0.362305504213	-0.0	-0.0	0.01442276032	0.381901971513	0.000341940101808	29.8921473691	33.1588823533
3.75386654883	5.27891791045	0.36083857651	-0.0	-0.0	0.0150851648267	0.381492401456	0.000352489128513	31.339800532	34.9040901509
3.76137870084	5.28487107797	0.35970326054	-0.0	-0.0	0.0156255701333	0.38115807583	0.000360928291502	32.5402307424	36.3533638907
3.77551922227	5.28014842301	0.358669355833	-0.0	-0.0	0.0161585611733	0.380828145762	0.000368582291381	33.7405423815	37.8006568531
3.77949624392	5.28500772798	0.357723774148	-0.0	-0.0	0.01669558644	0.3804955463	0.000377269300385	34.9652739125	39.27377002
3.78391515687	5.28434702069	0.357411669938	-0.0	-0.0	0.0169151308667	0.380359517302	0.000380534130718	35.4697064054	39.8742288086
3.78258948299	5.28443483632	0.357598145252	-0.0	-0.0	0.0169067821467	0.380364690485	0.000380507600684	35.4477790394	39.8293521173
3.7817057004	5.28289067326	0.357802285498	-0.0	-0.0	0.0168967420667	0.380370911642	0.000380406067679	35.4216496216	39.7778768174
3.7817057004	5.28350833848	0.35810319432	-0.0	-0.0	0.01688252576	0.380379714663	0.000380135717221	35.3845738665	39.7036948801
3.7812638091	5.28218585983	0.358321490146	-0.0	-0.0	0.0168722147467	0.380386104368	0.000379983670882	35.3576402006	39.6498948291
3.77993813522	5.28491965389	0.358690094438	-0.0	-0.0	0.0168547711067	0.38039691585	0.000379782992116	35.3120827217	39.5590712798
3.77684489616	5.28447742733	0.359051208633	-0.0	-0.0	0.01683766904	0.380407513926	0.000379767913008	35.2675058821	39.470287177
3.77640300486	5.28518403959	0.359571063626	-0.0	-0.0	0.0168131410133	0.380422709911	0.000379344823445	35.2035794612	39.3429791408
3.77242598321	5.28390092879	0.361386461425	-0.0	-0.0	0.01672814476	0.380475363795	0.000378121820437	34.9824379943	38.9028493876
3.76226248343	5.28243327126	0.369333254974	-0.0	-0.0	0.01636665716	0.38069928063	0.000372240718964	34.0488245256	37.0516045705
3.75254087494	5.27789866335	0.37735670682	-0.0	-0.0	0.01601647492	0.380916110776	0.000366498850539	33.1542419521	35.2933981666
3.73663278833	5.27684144819	0.384895704985	-0.0	-0.0	0.0157008088667	0.381111503703	0.000361996680301	32.3571597036	33.737921536
3.72823685373	5.273125	0.392653859676	-0.0	-0.0	0.0153861453067	0.381306214724	0.000356765192735	31.5712506418	32.2207936726
3.71542200619	5.26723057644	0.400954926284	-0.0	-0.0	0.0150615938533	0.38150698011	0.000351737761006	30.7697051399	30.6881727587
3.70216526734	5.26492771842	0.409729619642	-0.0	-0.0	0.0147288175867	0.381712765666	0.000346587671722	29.9576408753	29.1566434009
3.69288555015	5.25904941769	0.419243466248	-0.0	-0.0	0.01438135024	0.381927562971	0.000340786492251	29.1214303159	27.5973583971
3.68625718073	5.25622439332	0.429718964788	-0.0	-0.0	0.0140122525067	0.382155644847	0.000334324542228	28.2455951271	25.9883811765
3.67609368095	5.24731861199	0.441148914779	-0.0	-0.0	0.0136243910667	0.382395237985	0.000327808878912	27.3389203418	24.3506395139
3.65841802916	5.22969984202	0.453817530315	-0.0	-0.0	0.0132094509467	0.382651457375	0.000321443527112	26.3855016136	22.6636090927
3.64604507291	5.21955077507	0.467417787633	-0.0	-0.0	0.01277572772	0.382919157719	0.000314279483163	25.4082349122	20.9815874819
3.63632346443	5.2145800317	0.482377408968	-0.0	-0.0	0.01231776044	0.383201695852	0.000306441802903	24.3971088393	19.2825505388
3.61997348652	5.2043215761	0.49915189504	-0.0	-0.0	0.01182521716	0.383505420907	0.000298498312259	23.3333236304	17.544556009
3.59743703049	5.18801784576	0.517770347291	-0.0	-0.0	0.0113024593733	0.383827608669	0.000290475397031	22.2325067448	15.8009722452
3.57622624834	5.17524784138	0.533707426564	-0.0	-0.0	0.0108728496533	0.384092270819	0.000284092797941	21.3491746702	14.4455210564
3.57666813964	5.17652702271	0.533118448296	-0.0	-0.0	0.0108816798667	0.384086832199	0.000284225272493	21.3673065632	14.4843041866
3.57755192223	5.1774864087	0.532881206147	-0.0	-0.0	0.0108864721867	0.384083886339	0.000284241684872	21.3767204385	14.5013789703
3.57843570482	5.17780620403	0.532279226572	-0.0	-0.0	0.0108968437467	0.384077498749	0.000284367152296	21.3978026052	14.5428628125
3.5797613787	5.17806905371	0.531512217307	-0.0	-0.0	0.0109103873067	0.384069150655	0.000284515001442	21.4252552986	14.5962454638
3.58152894388	5.18100415734	0.530515608046	-0.0	-0.0	0.0109278105333	0.384058419058	0.000284700695541	21.4606482494	14.6656285198
3.58064516129	5.18132395267	0.528371147842	-0.0	-0.0	0.0109653968133	0.38403526767	0.00028547633414	21.5371914038	14.8159945197
3.5885992046	5.18983700863	0.509358840858	-0.0	-0.0	0.01131748792	0.383818359005	0.000291433404055	22.2608986499	16.2312638603
3.60715863897	5.20778806256	0.490582231402	-0.0	-0.0	0.0117002902933	0.383582436318	0.000297091595855	23.0619218917	17.7897691134
3.61776403005	5.21875	0.474209673861	-0.0	-0.0	0.01206754608	0.383356008339	0.000303087986448	23.843811585	19.3031014874
3.6301369863	5.22954473098	0.459545976914	-0.0	-0.0	0.0124285490533	0.383133358321	0.000308796467188	24.6246358633	20.8043447206
3.63985859479	5.23720190779	0.446046115586	-0.0	-0.0	0.01279275704	0.382908655742	0.000314786212043	25.4247535196	22.3310588253
3.64825452939	5.24698029243	0.433483424606	-0.0	-0.0	0.0131643214933	0.382679321013	0.00032099616582	26.25249797	23.8983492156
3.65974370305	5.25357029514	0.42207869503	-0.0	-0.0	0.0135363507067	0.382449613295	0.000326943485126	27.0939604278	25.4720834322
3.66902342024	5.26148969889	0.412222333552	-0.0	-0.0	0.01388941736	0.382231538351	0.000332705830539	27.9026463895	26.9680182878
3.67697746354	5.26320784562	0.403172429121	-0.0	-0.0	0.0142436939733	0.38201263866	0.000338593037516	28.7238977956	28.4716632086
3.68493150685	5.26626658244	0.3950588022	-0.0	-0.0	0.0145923324	0.381797148276	0.000344344491814	29.5404852143	29.9481829549
3.68979231109	5.27488151659	0.38748183273	-0.0	-0.0	0.0149523432267	0.381574547169	0.000350568432414	30.3916372281	31.463342542
3.70039770217	5.28170347003	0.380732969565	-0.0	-0.0	0.01531051036	0.381353007826	0.000356192516254	31.2456288232	32.9544625512
3.70967741935	5.28661417323	0.37502807928	-0.0	-0.0	0.0156541339733	0.381140398855	0.000361618888937	32.0693398705	34.3573607688
3.71718957137	5.29376574307	0.369859002432	-0.0	-0.0	0.0160203404533	0.380913717682	0.000367558476863	32.9492597138	35.8035256182
3.7229341582	5.29591194969	0.365845593226	-0.0	-0.0	0.0163805580933	0.380690676979	0.000373479403017	33.8129471347	37.147436447
3.72779496244	5.30075424261	0.362998787369	-0.0	-0.0	0.0167494498533	0.38046217146	0.000379561280871	34.6912689595	38.4097533826
3.74016791869	5.29949874687	0.361060169967	-0.0	-0.0	0.0171536889067	0.380211679449	0.000385381025825	35.6461104013	39.676181495
3.74016791869	5.30012531328	0.36083861651	-0.0	-0.0	0.0172135081733	0.380174603057	0.000386420779536	35.7871008822	39.857179625
3.74016791869	5.30012531328	0.360969554549	-0.0	-0.0	0.0172105263333	0.380176444247	0.000386356856463	35.7782919249	39.8331468961
3.73840035351	5.30021936697	0.361138405098	-0.0	-0.0	0.0172006025333	0.380182601556	0.000386354669014	35.7529912388	39.786658341
3.73707467963	5.29927922281	0.361384141372	-0.0	-0.0	0.01718904456	0.38018975939	0.000386272715115	35.7230104419	39.7266676221
3.7397260274	5.30084612974	0.361510643957	-0.0	-0.0	0.0171828699867	0.380193593093	0.000385881832651	35.7069367848	39.6950970379
3.73619089704	5.29905956113	0.361815738992	-0.0	-0.0	0.01716859528	0.380202440584	0.000385976394176	35.6698790703	39.6209207805
3.73486522316	5.29883976168	0.362207186006	-0.0	-0.0	0.0171501267867	0.380213887206	0.000385763224195	35.6219264841	39.5254338532
3.72956252762	5.29921507064	0.364083460334	-0.0	-0.0	0.01706294408	0.380267919481	0.000384659074306	35.3959858662	39.074164505
3.7229341582	5.29946524064	0.371147255389	-0.0	-0.0	0.01674356016	0.380465820338	0.000379285320566	34.5739307936	37.4366867433
3.72028281043	5.29631959736	0.378995521656	-0.0	-0.0	0.0164037507733	0.380676308102	0.000373102802374	33.7090741642	35.722854385
3.70879363677	5.29098360656	0.386543553723	-0.0	-0.0	0.0160906825333	0.380870168333	0.000368314332051	32.9215557248	34.1708094814
3.70216526734	5.2815258512	0.394327340875	-0.0	-0.0	0.0157808553067	0.381061961899	0.000363092586935	32.1506570132	32.6604807364
3.69067609368	5.27749683944	0.402304922318	-0.0	-0.0	0.0154743623067	0.381251626927	0.000358401694454	31.3966134671	31.1961082019
3.68493150685	5.27189377174	0.410947441383	-0.0	-0.0	0.0151550994533	0.381449140332	0.000352896615336	30.6203990288	29.7004364485
3.67609368095	5.2678910703	0.420021889062	-0.0	-0.0	0.0148316887067	0.381649158494	0.0003476147151	29.8441520141	28.2204506982
3.66946531153	5.26013941698	0.429786415958	-0.0	-0.0	0.0144959934	0.381856701132	0.000341885064621	29.0492679015	26.7227293488
3.6557666814	5.25444726811	0.439913900752	-0.0	-0.0	0.0141610572533	0.382063704998	0.000336821489727	28.2670828068	25.266144272
3.64030048608	5.24482648838	0.451481771192	-0.0	-0.0	0.0137938848667	0.382290547328	0.000331226844323	27.4182784039	23.7094802481
3.62836942112	5.2370015949	0.464037717171	-0.0	-0.0	0.0134071160933	0.382529417024	0.000325024471424	26.5433195081	22.135365449
3.61776403005	5.22534312161	0.477912774783	-0.0	-0.0	0.0129895113467	0.382787221836	0.00031812419251	25.6149080425	20.5128973804
3.60804242156	5.21693290735	0.492159304963	-0.0	-0.0	0.0125746587867	0.383043221032	0.000311217449637	24.7094839679	18.9714717931
3.60141405214	5.21003836317	0.508578556958	-0.0	-0.0	0.0121117381733	0.383328756948	0.000303140152696	23.7179382593	17.3345497457
3.58329650906	5.18809980806	0.527296032892	-0.0	-0.0	0.0115982158533	0.383645350099	0.000295075058968	22.6420131666	15.6278751759
3.56031816173	5.16415517794	0.547215053638	-0.0	-0.0	0.0110636225333	0.383974758949	0.000286972665279	21.5480118902	13.9750885561
3.54220061865	5.14148219442	0.5725543805	-0.0	-0.0	0.0104102220533	0.384377140834	0.000276297723888	20.2487836783	12.104636428
3.50508174989	5.11250805932	0.603400151906	-0.0	-0.0	0.00965482125333	0.384842007232	0.000265162429801	18.7966747664	10.1342541201
3.48254529386	5.09802652863	0.635329822287	-0.0	-0.0	0.00892951114667	0.385288025771	0.00025345032113	17.4534275701	8.40911302877
