# C		CN		K0		e_x		e_y		e_z		n		overlap		p		q
3.35130357932	5.14140386572	0.735956071553	-0.0	-0.0	1.87240000048e-07	0.390916650189	0.00014322444962	5.5878646703	1.79064827602
3.39372514361	5.14649681529	0.656078479037	-0.0	-0.0	0.000531443826667	0.39059298468	0.000151036868712	6.10912104045	2.72610152089
3.43570481662	5.15532691669	0.574679093735	-0.0	-0.0	0.00134984762667	0.390094039522	0.000163736581865	6.95426028873	4.12838442514
3.46796288113	5.15794669299	0.525664356831	-0.0	-0.0	0.00212068413333	0.389623720982	0.000175743107951	7.78979956576	5.40378472144
3.48873177198	5.16192345437	0.493112050896	-0.0	-0.0	0.00286652962667	0.389168304284	0.00018768250527	8.63145578607	6.60828893966
3.50596553248	5.16552623004	0.469697934834	-0.0	-0.0	0.00361248325333	0.388712482176	0.000199667269416	9.50368413405	7.79596894343
3.51922227132	5.17050990581	0.452477267578	-0.0	-0.0	0.00433858268	0.388268465479	0.000211438075384	10.381611445	8.95165972795
3.54529385771	5.17495158167	0.4393470271	-0.0	-0.0	0.00503626472	0.387841522456	0.000221866190799	11.2528273498	10.0744414873
3.56120194432	5.1787206686	0.428590190552	-0.0	-0.0	0.00572674384	0.387418693849	0.000232765106725	12.1427433065	11.2080916472
3.57755192223	5.1908274535	0.419634001263	-0.0	-0.0	0.00641326198667	0.386998001276	0.000243516323118	13.0531532745	12.3564477712
3.5881573133	5.19353806782	0.412430328166	-0.0	-0.0	0.00707321445333	0.386593315793	0.000254134319523	13.9513703783	13.4762105036
3.6053910738	5.20153061224	0.406323568756	-0.0	-0.0	0.00772982676	0.386190412934	0.000264184073349	14.8671216742	14.6077957851
3.6217410517	5.21496815287	0.401163015873	-0.0	-0.0	0.00836371930667	0.385801200265	0.000273849113412	15.7723290871	15.7214407662
3.6305788776	5.21065989848	0.396681614302	-0.0	-0.0	0.00898968749333	0.385416610998	0.000283912655608	16.6861411872	16.8405188709
3.63367211666	5.21211160431	0.3927765276	-0.0	-0.0	0.00960245564	0.385039898467	0.000294201683069	17.6003200282	17.9563313648
3.64869642068	5.21923441949	0.389328886394	-0.0	-0.0	0.01020852716	0.384667075696	0.000303384199655	18.5223764032	19.0780043207
3.66769774635	5.22386649874	0.386281215585	-0.0	-0.0	0.0108068733867	0.384298783391	0.000312065039798	19.449855951	20.2025188079
3.68758285462	5.23383553045	0.383561265704	-0.0	-0.0	0.0114085767867	0.383928202397	0.000320634492699	20.3981695754	21.3469438788
3.69553689792	5.23942337825	0.380568074226	-0.0	-0.0	0.0121410528933	0.383476779217	0.000332465397423	21.5755349799	22.7658296503
3.70658418029	5.24616828277	0.378448776465	-0.0	-0.0	0.0127213886267	0.383118889568	0.000341397334778	22.5259721841	23.9075617397
3.71277065842	5.25171982489	0.376592864451	-0.0	-0.0	0.0132863232	0.382770288995	0.000350483266899	23.4654428118	25.0319020624
3.72337604949	5.25757102716	0.37468161385	-0.0	-0.0	0.0138520024667	0.382421041479	0.000359189119594	24.4239742168	26.1914047903
3.73795846222	5.26525529265	0.372975128122	-0.0	-0.0	0.01442276032	0.382068447516	0.000367575781125	25.4053002129	27.3714930664
3.75386654883	5.2765692977	0.371011713857	-0.0	-0.0	0.0150851648267	0.381658991273	0.000377421523414	26.5656708821	28.7760121922
3.76977463544	5.27824203033	0.369557877971	-0.0	-0.0	0.0156255701333	0.381324746205	0.000385124830137	27.5273906177	29.9366384824
3.78524083076	5.28091273512	0.368194137798	-0.0	-0.0	0.0161585611733	0.380994909946	0.000392728567854	28.4907964639	31.1001620047
3.79142730888	5.28434996919	0.36696622868	-0.0	-0.0	0.01669558644	0.380662399297	0.00040134482435	29.4742405552	32.2818623809
3.79407865665	5.28347183749	0.366467055587	-0.0	-0.0	0.0169151308667	0.380526412251	0.00040485655664	29.8804088321	32.7713960946
3.79231109147	5.28193290243	0.366644120297	-0.0	-0.0	0.0169067821467	0.380531584041	0.000404884898087	29.8630582893	32.7365231769
3.79054352629	5.28039396737	0.366803667865	-0.0	-0.0	0.0168967420667	0.380537803522	0.000404884180493	29.8425731164	32.6998059756
3.79054352629	5.28008618036	0.36707023271	-0.0	-0.0	0.01688252576	0.38054660059	0.000404613239052	29.8133300058	32.6439715795
3.79054352629	5.28039396737	0.367261371501	-0.0	-0.0	0.0168722147467	0.380552997084	0.000404416434146	29.7920672213	32.6036516323
3.79142730888	5.2810095414	0.367582627229	-0.0	-0.0	0.0168547711067	0.380563798747	0.000403989916767	29.7562195415	32.5358350814
3.78877596111	5.28025870034	0.367899281144	-0.0	-0.0	0.01683766904	0.380574395948	0.000403947076996	29.7210994207	32.4693119073
3.78877596111	5.28258859784	0.368350679366	-0.0	-0.0	0.0168131410133	0.38058958905	0.000403479941367	29.6707228376	32.3742913463
3.78921785241	5.28219346888	0.369939388446	-0.0	-0.0	0.01672814476	0.380642234377	0.000401814030317	29.4964119996	32.0445210838
3.7733097658	5.27952999382	0.376837534887	-0.0	-0.0	0.01636665716	0.380866084067	0.00039658518877	28.7600035845	30.6593080542
3.76005302696	5.27596899225	0.383784200918	-0.0	-0.0	0.01601647492	0.381082854187	0.000391257300054	28.0540938731	29.3409452029
3.75740167919	5.27520943221	0.390246097886	-0.0	-0.0	0.0157008088667	0.381278187416	0.000385526567678	27.42606706	28.1772952151
3.75033141847	5.27479017718	0.396892351058	-0.0	-0.0	0.0153861453067	0.381472854689	0.000380270385989	26.8065210435	27.0387263262
3.74149359258	5.27156649019	0.403872714414	-0.0	-0.0	0.0150615938533	0.381673566	0.000374991013608	26.1741144896	25.8937518101
3.73265576668	5.26887086712	0.411268825283	-0.0	-0.0	0.0147288175867	0.38187929613	0.000369547023046	25.5330701146	24.7437099992
3.72779496244	5.26662503903	0.419248221907	-0.0	-0.0	0.01438135024	0.382094035581	0.000363443267406	24.8728133879	23.5707781483
3.70923552806	5.2544600939	0.427978492599	-0.0	-0.0	0.0140122525067	0.382322056509	0.000358238759042	24.1797249572	22.3571820288
3.68979231109	5.24042686755	0.437483550741	-0.0	-0.0	0.0136243910667	0.382561588188	0.00035277951411	23.4634898713	21.1181289515
3.6805125939	5.23475801383	0.448028863342	-0.0	-0.0	0.0132094509467	0.382817733216	0.000345827970019	22.7094171854	19.8331664278
3.67034909412	5.22725841989	0.459385272079	-0.0	-0.0	0.01277572772	0.383085363251	0.000338600080576	21.9344998152	18.5401746224
3.64825452939	5.21148989899	0.471869270691	-0.0	-0.0	0.01231776044	0.383367821238	0.000332004657654	21.1315039654	17.2248422764
3.63588157313	5.20303605313	0.485876699345	-0.0	-0.0	0.01182521716	0.383671468534	0.000323908301906	20.2858792463	15.8682772426
3.61467079099	5.18946366233	0.501206991104	-0.0	-0.0	0.0113024593733	0.383993574874	0.00031603450853	19.4083347939	14.5036068398
3.60053026955	5.18358256443	0.51424542147	-0.0	-0.0	0.0108728496533	0.384258160383	0.000309253020005	18.7011973571	13.4349025116
3.60008837826	5.18326439707	0.513739998769	-0.0	-0.0	0.0108816798667	0.384252728666	0.000309460985458	18.7160179588	13.4662501135
3.60008837826	5.18294622972	0.513581931163	-0.0	-0.0	0.0108864721867	0.384249772362	0.000309547578588	18.7236374098	13.4782131624
3.60362350862	5.18580973592	0.513149039642	-0.0	-0.0	0.0108968437467	0.384243386039	0.000309434512087	18.7403447454	13.5080148326
3.60318161732	5.18517340121	0.512523805314	-0.0	-0.0	0.0109103873067	0.384235046446	0.000309727144338	18.7626013878	13.5497873911
3.60185594344	5.18390073178	0.511771024443	-0.0	-0.0	0.0109278105333	0.38422431774	0.000310164139434	18.7909319805	13.601314797
3.60273972603	5.18479643766	0.510099109575	-0.0	-0.0	0.0109653968133	0.384201178831	0.000310789249014	18.8524608721	13.715244297
3.61157755192	5.19453273999	0.495219665608	-0.0	-0.0	0.01131748792	0.383984317123	0.000316577027588	19.4333965397	14.7850721946
3.622182943	5.20514449031	0.480380775434	-0.0	-0.0	0.0117002902933	0.383748466114	0.000322763564211	20.0746671331	15.9598952221
3.63543968184	5.21993018089	0.467308962137	-0.0	-0.0	0.01206754608	0.383522102734	0.000328422728651	20.6995863898	17.0987005015
3.63941670349	5.22857142857	0.455465411956	-0.0	-0.0	0.0124285490533	0.383299505677	0.000334799667269	21.3233101487	18.2287287885
3.64869642068	5.22767574414	0.444480832418	-0.0	-0.0	0.01279275704	0.383074857525	0.00034073575419	21.9612360657	19.3755455265
3.65930181175	5.23624288425	0.434140321439	-0.0	-0.0	0.0131643214933	0.38284558748	0.000346666008227	22.6207405992	20.5539222168
3.67167476801	5.25229212773	0.424582635977	-0.0	-0.0	0.0135363507067	0.382615948297	0.00035241829441	23.2898747042	21.7418072586
3.68360583297	5.26405559065	0.416221994806	-0.0	-0.0	0.01388941736	0.382397929088	0.00035783894728	23.9322226043	22.8729040304
3.69421122404	5.26725496376	0.4084538186	-0.0	-0.0	0.0142436939733	0.382179089799	0.000363385939631	24.5839257204	24.0119977801
3.70393283252	5.27375707992	0.401405402826	-0.0	-0.0	0.0145923324	0.381963657269	0.000368897215409	25.232075823	25.1337259835
3.71100309324	5.28018867925	0.394688445164	-0.0	-0.0	0.0149523432267	0.381741114861	0.000374871055269	25.9084247632	26.2929553212
3.71851524525	5.28432296576	0.388598197161	-0.0	-0.0	0.01531051036	0.381519635187	0.000380741108579	26.5876253899	27.4405048568
3.72514361467	5.2893002824	0.383336868122	-0.0	-0.0	0.0156541339733	0.381307080926	0.000386406589866	27.2440401499	28.5288586894
3.73442333186	5.29301159511	0.3784264899	-0.0	-0.0	0.0160203404533	0.381080472588	0.000392168866862	27.9472023296	29.6631092913
3.73884224481	5.29555416406	0.374488655488	-0.0	-0.0	0.0163805580933	0.380857477468	0.000398261522056	28.6390768283	30.7277870445
3.74326115776	5.29415442326	0.371531491552	-0.0	-0.0	0.0167494498533	0.380629043637	0.000404397536642	29.3420695862	31.7382106436
3.74900574459	5.29793878826	0.369473412232	-0.0	-0.0	0.0171536889067	0.380378617784	0.000410883444613	30.1053596929	32.7478036481
3.75033141847	5.2991880075	0.369291995473	-0.0	-0.0	0.0172135081733	0.380341547812	0.000411780935774	30.2175561063	32.8861670407
3.75033141847	5.2991880075	0.369384553988	-0.0	-0.0	0.0172105263333	0.380343395532	0.000411721853623	30.2111859081	32.870909177
3.748121962	5.29731417864	0.369537346058	-0.0	-0.0	0.0172006025333	0.38034954485	0.000411778090519	30.1909756296	32.835189955
3.74679628811	5.29575265459	0.369740116735	-0.0	-0.0	0.01718904456	0.380356705231	0.000411705735085	30.1673932949	32.7913432023
3.74679628811	5.29575265459	0.369857598652	-0.0	-0.0	0.0171828699867	0.380360532733	0.000411588484739	30.1546938728	32.767003309
3.74591250552	5.29450343535	0.370122569104	-0.0	-0.0	0.01716859528	0.380369368726	0.000411414975213	30.1254305448	32.7114756069
3.74458683164	5.295625	0.370461163224	-0.0	-0.0	0.0171501267867	0.380380817902	0.000411210477375	30.0875805924	32.6401130018
3.74370304905	5.29477961863	0.372076116599	-0.0	-0.0	0.01706294408	0.380434839102	0.000409657069491	29.9092809508	32.303519418
3.73574900574	5.29005006258	0.378159110284	-0.0	-0.0	0.01674356016	0.380632686655	0.000404474035801	29.2601570349	31.0794966495
3.72956252762	5.29225462527	0.384884591184	-0.0	-0.0	0.0164037507733	0.380843114688	0.000398710715418	28.5769020957	29.7972633783
3.7229341582	5.29010989011	0.391324694895	-0.0	-0.0	0.0160906825333	0.381036924864	0.000393502390183	27.9541802736	28.6343786463
3.71542200619	5.28607356177	0.397905168891	-0.0	-0.0	0.0157808553067	0.381228666548	0.00038845060838	27.344614436	27.5041032967
3.7145382236	5.28719723183	0.404621340758	-0.0	-0.0	0.0154743623067	0.381418287673	0.000382772236111	26.7480278196	26.4064159606
3.70835174547	5.28503937008	0.411828995326	-0.0	-0.0	0.0151550994533	0.381615746313	0.000377393886017	26.1332773052	25.2857214129
3.70172337605	5.27986132997	0.419322286635	-0.0	-0.0	0.0148316887067	0.38181570609	0.000371975855697	25.5175310884	24.1767144426
3.68846663721	5.2696558257	0.427298162464	-0.0	-0.0	0.0144959934	0.382023192828	0.000366987954312	24.8866832623	23.05512371
3.67565178966	5.26027830487	0.435536971699	-0.0	-0.0	0.0141610572533	0.382230140939	0.000361957905961	24.2654111871	21.9610681822
3.66637207247	5.25395820139	0.444943835069	-0.0	-0.0	0.0137938848667	0.382456927336	0.000355977758882	23.5935162451	20.788103205
3.6557666814	5.24247226624	0.455139261407	-0.0	-0.0	0.0134071160933	0.382695727529	0.000349768433543	22.8964383946	19.5919655472
3.64206805126	5.22937817259	0.466516114824	-0.0	-0.0	0.0129895113467	0.382953456278	0.000343284111985	22.1561853748	18.3441864131
3.63543968184	5.22261035249	0.478144715077	-0.0	-0.0	0.0125746587867	0.383209393149	0.000336187182588	21.4332821557	17.1524796798
3.62571807335	5.21353670162	0.491527402979	-0.0	-0.0	0.0121117381733	0.383494845213	0.000328469523402	20.640495347	15.8772106167
3.61025187804	5.19955442393	0.506676338537	-0.0	-0.0	0.0115982158533	0.383811360038	0.000320325615064	19.779090536	14.5391716138
3.5965532479	5.18407643312	0.522939781334	-0.0	-0.0	0.0110636225333	0.384140682334	0.000311609946062	18.8995246143	13.2210294922
3.5718073354	5.1595914459	0.54380198187	-0.0	-0.0	0.0104102220533	0.384542953671	0.000301579636189	17.8498784163	11.7020459323
3.54971277066	5.1428113993	0.569622538321	-0.0	-0.0	0.00965482125333	0.385007694861	0.000289397086552	16.6729898061	10.062913001
3.5293857711	5.12026940346	0.596407922654	-0.0	-0.0	0.00892951114667	0.385453593269	0.000277628003391	15.5823754903	8.60390074376
