# C		CN		K0		e_x		e_y		e_z		n		overlap		p		q
3.32523199293	5.12189308819	0.735562332505	-0.0	-0.0	1.87240000048e-07	0.390949928279	0.000138010755541	5.58917975141	1.79431213358
3.37074679629	5.13333333333	0.648568539904	-0.0	-0.0	0.000531443826667	0.390626280455	0.000145680579121	6.1278536954	2.81244065541
3.41272646929	5.15536251253	0.567845524561	-0.0	-0.0	0.00134984762667	0.390127362557	0.000158226834073	6.99516645623	4.24639016736
3.43614670791	5.16622340426	0.524088776614	-0.0	-0.0	0.00212068413333	0.389657069227	0.000170397981321	7.84496545279	5.46853045066
3.45514803358	5.1824212272	0.496258638261	-0.0	-0.0	0.00286652962667	0.389201677898	0.000182060029057	8.6934254645	6.59352573741
3.47105612019	5.19285478002	0.476092072274	-0.0	-0.0	0.00361248325333	0.388745880694	0.000193731000398	9.57107774421	7.705774357
3.49668581529	5.20236920039	0.461090826072	-0.0	-0.0	0.00433858268	0.388301888256	0.000204431631738	10.4544489254	8.79313111952
3.52054794521	5.20981996727	0.449749198442	-0.0	-0.0	0.00503626472	0.38787496856	0.000214623824653	11.328950613	9.84538470656
3.52894387981	5.21129980405	0.440723414245	-0.0	-0.0	0.00572674384	0.387452163055	0.000225553379147	12.2189122333	10.8965367695
3.55810870526	5.21854734112	0.433101526437	-0.0	-0.0	0.00641326198667	0.387031493467	0.000235024112885	13.1277572732	11.9634981006
3.56959787892	5.2300712897	0.427073503092	-0.0	-0.0	0.00707321445333	0.386626829874	0.000245129753758	14.0224999078	12.9987456064
3.58771542201	5.23210831721	0.421871423453	-0.0	-0.0	0.00772982676	0.386223949249	0.000254700468059	14.9351739275	14.0493304547
3.59478568272	5.2393685567	0.41759147902	-0.0	-0.0	0.00836371930667	0.385834757845	0.00026460553057	15.8348668488	15.0759269111
3.6133451171	5.24646983312	0.41398879459	-0.0	-0.0	0.00898968749333	0.385450189591	0.000273489960823	16.7413196258	16.1007459044
3.63367211666	5.25015974441	0.410732586524	-0.0	-0.0	0.00960245564	0.385073497642	0.000281979035082	17.6487879683	17.1288297866
3.64295183385	5.25478316327	0.407960787712	-0.0	-0.0	0.01020852716	0.384700695241	0.000291156999034	18.5623179926	18.1554428418
3.65620857269	5.2635264163	0.405420758243	-0.0	-0.0	0.0108068733867	0.384332423057	0.000299862030807	19.4816018701	19.1900107702
3.66637207247	5.27544529262	0.403108798218	-0.0	-0.0	0.0114085767867	0.38396186231	0.000308833344642	20.4227448799	20.246990328
3.67874502872	5.27855329949	0.400557912277	-0.0	-0.0	0.0121410528933	0.383510463912	0.000319696098569	21.5915398438	21.5580989485
3.68714096332	5.28725428028	0.39871104269	-0.0	-0.0	0.0127213886267	0.383152589054	0.000328404177709	22.5350594987	22.6158605802
3.70172337605	5.29987333756	0.397048123516	-0.0	-0.0	0.0132863232	0.382804012173	0.000336319372258	23.46851038	23.6615773462
3.70923552806	5.30509010433	0.395369070018	-0.0	-0.0	0.0138520024667	0.382454778431	0.000344894979218	24.4201217055	24.7358794124
3.7313300928	5.31255901794	0.393743039713	-0.0	-0.0	0.01442276032	0.38210220904	0.000352175865823	25.3958249605	25.8403058157
3.75828546178	5.3249764964	0.392104237223	-0.0	-0.0	0.0150851648267	0.381692775168	0.000360435945429	26.5455949728	27.1329638921
3.77110030932	5.3303125	0.390806938137	-0.0	-0.0	0.0156255701333	0.381358548362	0.000368053354012	27.5006125792	28.21012331
3.78612461335	5.33250311333	0.389674379983	-0.0	-0.0	0.0161585611733	0.381028730124	0.000375297908956	28.454809064	29.2804300796
3.79407865665	5.34568670196	0.388582959316	-0.0	-0.0	0.01669558644	0.380696237642	0.000383291918592	29.4296918712	30.3750171947
3.7980556783	5.3488951136	0.388078153939	-0.0	-0.0	0.0169151308667	0.380560258026	0.000386498481942	29.8334114032	30.8346446185
3.79452054795	5.35026488002	0.388337083883	-0.0	-0.0	0.0169067821467	0.380565429534	0.000386690943712	29.814588647	30.7931728262
3.79717189571	5.35057650358	0.388565219539	-0.0	-0.0	0.0168967420667	0.380571648675	0.000386236093455	29.793638806	30.75216079
3.79407865665	5.34870676223	0.388916372962	-0.0	-0.0	0.01688252576	0.380580454596	0.000386284842752	29.7636217368	30.6914055324
3.79275298277	5.347460268	0.389167075562	-0.0	-0.0	0.0168722147467	0.380586841406	0.000386226515875	29.7418165576	30.6476948235
3.79142730888	5.34756857855	0.38959837634	-0.0	-0.0	0.0168547711067	0.380597638819	0.000386035526769	29.7050185706	30.5733329476
3.790101635	5.34663341646	0.390023254955	-0.0	-0.0	0.01683766904	0.380608239102	0.000385848753161	29.668823232	30.5002573645
3.790101635	5.34600997506	0.390629668484	-0.0	-0.0	0.0168131410133	0.380623431373	0.000385388921992	29.61706	30.3960641151
3.7896597437	5.34747348721	0.392742924829	-0.0	-0.0	0.01672814476	0.380676073824	0.000383839273631	29.4379735653	30.0362241398
3.78082191781	5.33634945398	0.401958733297	-0.0	-0.0	0.01636665716	0.380899911284	0.000377941623312	28.6817666687	28.5260502005
3.7644719399	5.3234375	0.411192573492	-0.0	-0.0	0.01601647492	0.381116671184	0.00037298577339	27.9578873423	27.099340209
3.74458683164	5.31451865789	0.419806168678	-0.0	-0.0	0.0157008088667	0.381311995924	0.000369013866217	27.3130235544	25.8426965169
3.72779496244	5.30503144654	0.428648980363	-0.0	-0.0	0.0153861453067	0.381506647444	0.000364734921926	26.6772786104	24.6197820557
3.7145382236	5.29814056098	0.438052349998	-0.0	-0.0	0.0150615938533	0.381707349099	0.000359912805344	26.0295957679	23.3898515989
3.70481661511	5.29699842022	0.447988631219	-0.0	-0.0	0.0147288175867	0.38191306115	0.00035458505747	25.3741834951	22.1629837662
3.68758285462	5.29083412623	0.458732557342	-0.0	-0.0	0.01438135024	0.382127795707	0.000349701291505	24.6992366497	20.9165098565
3.67432611578	5.28448823903	0.470412382138	-0.0	-0.0	0.0140122525067	0.382355808855	0.0003440116986	23.99263916	19.6404201752
3.65930181175	5.27197452229	0.483121327425	-0.0	-0.0	0.0136243910667	0.382595322768	0.000338158979058	23.262377271	18.3453857871
3.64030048608	5.2612583839	0.497061030574	-0.0	-0.0	0.0132094509467	0.382851455595	0.000332167344907	22.4947618539	17.0202605417
3.6301369863	5.2539174928	0.512207146453	-0.0	-0.0	0.01277572772	0.38311906155	0.000324994117845	21.7067364098	15.6910434761
3.61555457357	5.24695317511	0.528822751301	-0.0	-0.0	0.01231776044	0.383401515815	0.000317756683733	20.8907048002	14.3511962561
3.59390190013	5.23062077839	0.547342700002	-0.0	-0.0	0.01182521716	0.383705140323	0.000310518070383	20.0330099346	12.9872794088
3.58373840035	5.2192530586	0.567758130375	-0.0	-0.0	0.0113024593733	0.384027231216	0.000301708118646	19.1434370042	11.6242547348
3.56915598763	5.2127178825	0.585102497112	-0.0	-0.0	0.0108728496533	0.384291795575	0.000295003898583	18.4282821408	10.5692986557
3.56915598763	5.2127178825	0.584443424723	-0.0	-0.0	0.0108816798667	0.38428636541	0.000295171420208	18.443125296	10.6010536982
3.56959787892	5.2130406714	0.584177323834	-0.0	-0.0	0.0108864721867	0.384283421323	0.00029522011347	18.4507566418	10.6148360172
3.56959787892	5.2130406714	0.583520313673	-0.0	-0.0	0.0108968437467	0.384277028732	0.000295410899536	18.4677457208	10.6478496729
3.56959787892	5.2130406714	0.582631079339	-0.0	-0.0	0.0109103873067	0.384268689594	0.000295662179021	18.490132294	10.6922940405
3.56959787892	5.21407814014	0.581511313441	-0.0	-0.0	0.0109278105333	0.384257961475	0.000295983902981	18.5188549012	10.7487520027
3.57048166151	5.21433182699	0.579105987191	-0.0	-0.0	0.0109653968133	0.384234821495	0.000296606370325	18.5808960233	10.8709264637
3.57843570482	5.22562943835	0.557703102855	-0.0	-0.0	0.01131748792	0.384017979362	0.000302454045951	19.1678707666	12.0230664097
3.59125055236	5.23846402065	0.536620449901	-0.0	-0.0	0.0117002902933	0.383782129451	0.000308433992413	19.8170393006	13.2876175985
3.59876270437	5.24629271438	0.518273260788	-0.0	-0.0	0.01206754608	0.38355577831	0.000314561865114	20.4503698435	14.5120524515
3.61467079099	5.2578778135	0.501862533155	-0.0	-0.0	0.0124285490533	0.383333200332	0.000319821278498	21.0825699751	15.723741014
3.63102076889	5.26981071543	0.486785090813	-0.0	-0.0	0.01279275704	0.383108564062	0.00032507960161	21.7298379279	16.9521361378
3.63985859479	5.27587311759	0.472836448092	-0.0	-0.0	0.0131643214933	0.382879306543	0.000331132175688	22.3994899507	18.2068548724
3.65178965974	5.28598848369	0.460121844591	-0.0	-0.0	0.0135363507067	0.382649676905	0.000336886378136	23.0788418099	19.4659083358
3.66327883341	5.29594119527	0.449137421772	-0.0	-0.0	0.01388941736	0.38243167915	0.000342306450102	23.731559008	20.6600658883
3.6725585506	5.30766773163	0.43906168779	-0.0	-0.0	0.0142436939733	0.382212843834	0.000347927934369	24.3939275595	21.8571720016
3.68228015908	5.31906739061	0.430008335722	-0.0	-0.0	0.0145923324	0.381997421942	0.000353374622503	25.0522388619	23.0313537648
3.69067609368	5.32228243545	0.421541650265	-0.0	-0.0	0.0149523432267	0.381774894269	0.000359107071442	25.7373081802	24.2332413498
3.70039770217	5.32887615409	0.41397130275	-0.0	-0.0	0.01531051036	0.381553426696	0.000364631263959	26.4240694661	25.4142492637
3.70923552806	5.33460559796	0.407559082102	-0.0	-0.0	0.0156541339733	0.381340877334	0.000369922668595	27.0861946319	26.5221906648
3.72470172338	5.34094513162	0.401803665834	-0.0	-0.0	0.0160203404533	0.38111428555	0.000374870913311	27.7920921101	27.6531271421
3.73884224481	5.34756483238	0.397357766183	-0.0	-0.0	0.0163805580933	0.380891305155	0.000379740710111	28.4828478304	28.6925143273
3.75121520106	5.35511363636	0.394219570783	-0.0	-0.0	0.0167494498533	0.380662878929	0.00038481067783	29.1829671708	29.6545797411
3.75872735307	5.36034047919	0.392052635767	-0.0	-0.0	0.0171536889067	0.380412475296	0.000390867551119	29.9442768714	30.6112164259
3.75695978789	5.36119873817	0.391799831726	-0.0	-0.0	0.0172135081733	0.380375409252	0.00039205638951	30.0568174336	30.7477543231
3.7565178966	5.36194383086	0.391948685479	-0.0	-0.0	0.0172105263333	0.380377247396	0.000392037429322	30.0495561631	30.727673727
3.75165709236	5.36059362172	0.392153920628	-0.0	-0.0	0.0172006025333	0.380383390116	0.000392363603587	30.029073962	30.6893033583
3.75165709236	5.36102337334	0.392437079479	-0.0	-0.0	0.01718904456	0.380390559298	0.000392148813003	30.0048472756	30.6405343184
3.75209898365	5.36133922931	0.392594163286	-0.0	-0.0	0.0171828699867	0.380394380323	0.000391986382867	29.9918057271	30.6139093244
3.748121962	5.36306135357	0.392950961002	-0.0	-0.0	0.01716859528	0.380403232196	0.000392135335853	29.9617670492	30.5530695776
3.75077330977	5.36559139785	0.393407803333	-0.0	-0.0	0.0171501267867	0.380414675109	0.000391514136806	29.9229943783	30.4749770873
3.74723817941	5.36274509804	0.395607167467	-0.0	-0.0	0.01706294408	0.38046868988	0.00039025328318	29.7400219407	30.104698946
3.74060980999	5.35770813549	0.403864128269	-0.0	-0.0	0.01674356016	0.380666526624	0.000384968130986	29.0745023007	28.7637597822
3.72160848431	5.35176358437	0.413026385303	-0.0	-0.0	0.0164037507733	0.380876941302	0.000380570238195	28.3747721932	27.3626965254
3.71321254971	5.34170375079	0.421776676032	-0.0	-0.0	0.0160906825333	0.381070743626	0.000375587205667	27.7379240273	26.0996753032
3.70349094123	5.33524355301	0.430759883845	-0.0	-0.0	0.0157808553067	0.381262475057	0.000370779719448	27.1148403828	24.8746027148
3.69200176757	5.32472912683	0.439969696297	-0.0	-0.0	0.0154743623067	0.381452079245	0.000366209124707	26.505570631	23.687874453
3.6809544852	5.31662942866	0.449826975085	-0.0	-0.0	0.0151550994533	0.381649532571	0.000361345599371	25.8790228716	22.485053597
3.67167476801	5.30661130629	0.460121990876	-0.0	-0.0	0.0148316887067	0.381849481423	0.000356243221443	25.2529126279	21.2996249284
3.66062748564	5.29740965782	0.471148986042	-0.0	-0.0	0.0144959934	0.382056948007	0.000351087862147	24.6117196676	20.1039177642
3.65267344233	5.28928	0.482449025625	-0.0	-0.0	0.0141610572533	0.3822638936	0.000345640145334	23.9807077661	18.9494391263
3.64560318162	5.28274095421	0.495250956219	-0.0	-0.0	0.0137938848667	0.382490667634	0.00033950585912	23.2986653528	17.7241413103
3.63543968184	5.27952503209	0.50914501751	-0.0	-0.0	0.0134071160933	0.382729454781	0.000333287805243	22.5917070929	16.4831393859
3.61643835616	5.26270096463	0.524588741242	-0.0	-0.0	0.0129895113467	0.382987176074	0.00032732150445	21.842196443	15.2022353267
3.6053910738	5.25040231735	0.540427108685	-0.0	-0.0	0.0125746587867	0.383243092336	0.000320676197395	21.1107501687	13.9874217211
3.58638974812	5.23749596644	0.558526868783	-0.0	-0.0	0.0121117381733	0.383528535748	0.000313835970669	20.3101769168	12.7059562635
3.57490057446	5.22376493381	0.579023846947	-0.0	-0.0	0.0115982158533	0.383845026335	0.000305397640362	19.4403061975	11.3768180477
3.55368979231	5.20621560376	0.60056545864	-0.0	-0.0	0.0110636225333	0.384174326335	0.000297370917525	18.5536989412	10.1007007384
3.53159522757	5.18831168831	0.627452348337	-0.0	-0.0	0.0104102220533	0.384576579051	0.000287242623667	17.4995342791	8.67363983563
3.50287229342	5.1615109085	0.659432089641	-0.0	-0.0	0.00965482125333	0.385041291613	0.000275742720693	16.3220074806	7.19156218403
3.46884666372	5.13313706248	0.691849326285	-0.0	-0.0	0.00892951114667	0.385487169841	0.000265212944149	15.2330977334	5.90773836815
