# C		CN		K0		e_x		e_y		e_z		n		overlap		p		q
3.30357931949	5.12204319506	0.735261205648	-0.0	-0.0	1.87240000048e-07	0.39071626214	0.000113537557452	5.58732115491	1.79619580795
3.35749005745	5.12592842674	0.635137952697	-0.0	-0.0	0.000531443826667	0.390392490146	0.0001211873637	6.25171937161	3.0141910818
3.3862129916	5.14098690836	0.554914389001	-0.0	-0.0	0.00134984762667	0.389893380835	0.000134219980198	7.31689681536	4.6306774137
3.39902783915	5.15454240697	0.51493476706	-0.0	-0.0	0.00212068413333	0.389422907074	0.000146702468428	8.36126121653	5.99411496872
3.42421564295	5.17022696929	0.490022727743	-0.0	-0.0	0.00286652962667	0.388967341031	0.000158005210504	9.40991914179	7.27081019699
3.44189129474	5.17314722499	0.472314681489	-0.0	-0.0	0.00361248325333	0.388511368957	0.000169493567825	10.4996687381	8.54741959749
3.46442775077	5.18121693122	0.459330025504	-0.0	-0.0	0.00433858268	0.388067206179	0.000180282407897	11.5997044766	9.80623730649
3.48387096774	5.18250575469	0.449540676695	-0.0	-0.0	0.00503626472	0.387640122692	0.000190661287901	12.6925138892	11.0369878479
3.49845338047	5.20157842815	0.441822165329	-0.0	-0.0	0.00572674384	0.387217154974	0.000201097225606	13.8073120442	12.2745075819
3.51436146708	5.20878400524	0.435655766214	-0.0	-0.0	0.00641326198667	0.386796323994	0.000211338807004	14.9493686496	13.5251504359
3.54396818383	5.22117263844	0.430371910052	-0.0	-0.0	0.00707321445333	0.386391505149	0.000220302575444	16.0812795888	14.7688496564
3.55545735749	5.22514619883	0.425744352749	-0.0	-0.0	0.00772982676	0.385988469956	0.000230269469678	17.2389731451	16.0404613628
3.56517896597	5.22884927066	0.421990998366	-0.0	-0.0	0.00836371930667	0.385599129236	0.000239932642558	18.3843000945	17.2880607764
3.58152894388	5.23255813953	0.418786170398	-0.0	-0.0	0.00898968749333	0.38521441344	0.00024895101638	19.5410994232	18.542220589
3.58462218294	5.23804909561	0.416225888303	-0.0	-0.0	0.00960245564	0.384837576971	0.00025862468479	20.696084434	19.7797919601
3.60583296509	5.24372990354	0.413784155689	-0.0	-0.0	0.01020852716	0.384464631541	0.000266887193211	21.8648031336	21.0402433931
3.62085726911	5.2533675433	0.411690526952	-0.0	-0.0	0.0108068733867	0.384096218068	0.000275431887382	23.0405718937	22.3019538574
3.63941670349	5.26865193724	0.409687103735	-0.0	-0.0	0.0114085767867	0.383725515153	0.000283751434079	24.2487163705	23.603165197
3.65709235528	5.27182919057	0.40736697912	-0.0	-0.0	0.0121410528933	0.383273948365	0.000294241908175	25.7546510112	25.2318912552
3.67079098542	5.27604828463	0.40567413535	-0.0	-0.0	0.0127213886267	0.382915931413	0.000302549726591	26.9731402282	26.5506669497
3.67476800707	5.28353464717	0.404099751094	-0.0	-0.0	0.0132863232	0.382567223846	0.000311391651057	28.1815890773	27.8621069059
3.68228015908	5.2892981899	0.402732023076	-0.0	-0.0	0.0138520024667	0.382217853071	0.000319904510026	29.409606793	29.1870941248
3.70128148475	5.29506641366	0.40147083662	-0.0	-0.0	0.01442276032	0.381865148414	0.000327503846267	30.6691414906	30.5440423344
3.71586389748	5.31058451817	0.400105991889	-0.0	-0.0	0.0150851648267	0.38145555746	0.000336972388433	32.1582593711	32.1487923897
3.7224922669	5.31461028716	0.399134889176	-0.0	-0.0	0.0156255701333	0.381121202425	0.000345133008019	33.3913455909	33.4716650592
3.73442333186	5.32157480315	0.39826455716	-0.0	-0.0	0.0161585611733	0.38079125765	0.000352673918927	34.6248719336	34.7921096522
3.75342465753	5.32726702228	0.397440866307	-0.0	-0.0	0.01669558644	0.380458647503	0.000359588973058	35.8846577713	36.1404786288
3.75386654883	5.32914967054	0.397121986068	-0.0	-0.0	0.0169151308667	0.380322615402	0.000363113298978	36.4047986803	36.6967698933
3.75121520106	5.33040201005	0.397384499607	-0.0	-0.0	0.0169067821467	0.380327779312	0.000363204518667	36.380531981	36.645617058
3.74944763588	5.3301916431	0.397655950824	-0.0	-0.0	0.0168967420667	0.380333999172	0.000363186464327	36.3527159242	36.5900355614
3.75254087494	5.33207665724	0.398021027241	-0.0	-0.0	0.01688252576	0.380342810138	0.00036262020919	36.3134134221	36.5134734813
3.74988952718	5.32987747408	0.398301386467	-0.0	-0.0	0.0168722147467	0.380349199399	0.000362681658491	36.2847861644	36.4563149791
3.74900574459	5.32893496701	0.398757599631	-0.0	-0.0	0.0168547711067	0.380360001443	0.000362438863157	36.2365999885	36.3618294308
3.748121962	5.32788944724	0.399209856025	-0.0	-0.0	0.01683766904	0.380370601777	0.000362200955521	36.1892590988	36.2687586863
3.74856385329	5.32830662897	0.39985982899	-0.0	-0.0	0.0168131410133	0.380385801322	0.000361695562224	36.1214585617	36.1355251451
3.74414494034	5.3259981138	0.402125119422	-0.0	-0.0	0.01672814476	0.380438458111	0.000360518510243	35.8868982503	35.6755529979
3.73442333186	5.32293635791	0.411993620059	-0.0	-0.0	0.01636665716	0.380662381057	0.000354617042563	34.8971807414	33.7498494505
3.71630578878	5.31573957016	0.421934965842	-0.0	-0.0	0.01601647492	0.380879229274	0.000349683992973	33.9500555825	31.9306796582
3.70967741935	5.30961416825	0.431181140555	-0.0	-0.0	0.0157008088667	0.381074632947	0.000344347632791	33.1080446972	30.3364395007
3.70216526734	5.30725372189	0.440675766451	-0.0	-0.0	0.0153861453067	0.381269359637	0.00033910702831	32.2788459452	28.7894215181
3.69465311533	5.30225182366	0.450785549023	-0.0	-0.0	0.0150615938533	0.381470136982	0.000333665838666	31.433842079	27.236300032
3.68183826779	5.29393072768	0.461591829551	-0.0	-0.0	0.0147288175867	0.381675929401	0.000328529359813	30.5779813107	25.6815331634
3.67300044189	5.28812480102	0.473165253564	-0.0	-0.0	0.01438135024	0.381890744897	0.000322746053394	29.6970832858	24.1153112775
3.65090587715	5.27763578275	0.48575583742	-0.0	-0.0	0.0140122525067	0.382118845524	0.000317716200565	28.7770223581	22.5183790991
3.6305788776	5.26096701889	0.499301487398	-0.0	-0.0	0.0136243910667	0.382358451328	0.000312145542518	27.8252754875	20.9127188717
3.61511268228	5.25240847784	0.514077439216	-0.0	-0.0	0.0132094509467	0.382614682423	0.00030563867862	26.8262374254	19.2817729917
3.60097216085	5.24332153202	0.530001532384	-0.0	-0.0	0.01277572772	0.382882398713	0.000298672950979	25.8024866495	17.6608414716
3.5881573133	5.2304964539	0.547291126257	-0.0	-0.0	0.01231776044	0.383164953677	0.000291183239494	24.7454593687	16.0449498142
3.5634114008	5.21779935275	0.566684343145	-0.0	-0.0	0.01182521716	0.383468695742	0.000284016979012	23.6351159429	14.401822604
3.53645603182	5.19441739695	0.587832350072	-0.0	-0.0	0.0113024593733	0.383790909137	0.000276479836137	22.4872290212	12.7802436723
3.52629253204	5.18589535262	0.605703951611	-0.0	-0.0	0.0108728496533	0.384055581695	0.000269336449826	21.5662708291	11.5358573432
3.52673442333	5.18622034449	0.604969747171	-0.0	-0.0	0.0108816798667	0.384050142751	0.00026947076911	21.5852934104	11.5752181475
3.52673442333	5.18622034449	0.604660812326	-0.0	-0.0	0.0108864721867	0.384047190915	0.000269556824574	21.5951225964	11.5927868488
3.52673442333	5.18622034449	0.603911816325	-0.0	-0.0	0.0108968437467	0.38404080249	0.000269746972062	21.6168468237	11.6343227809
3.52717631463	5.18654533637	0.602918160723	-0.0	-0.0	0.0109103873067	0.38403246605	0.000269964430901	21.6455213178	11.6895029791
3.52850198851	5.18784530387	0.601660712953	-0.0	-0.0	0.0109278105333	0.384021727918	0.000270185266722	21.6823298566	11.7598690528
3.52806009722	5.18752031199	0.598960881016	-0.0	-0.0	0.0109653968133	0.383998575151	0.000270914082106	21.7618463496	11.9121870099
3.53866548829	5.19837662338	0.575050689223	-0.0	-0.0	0.01131748792	0.383781648341	0.000276605678758	22.514805782	13.3495815061
3.5550154662	5.2153746351	0.551676516651	-0.0	-0.0	0.0117002902933	0.383545713338	0.000282395291346	23.3498053357	14.9308260162
3.57224922669	5.22944983819	0.531562771288	-0.0	-0.0	0.01206754608	0.383319281425	0.000287799007567	24.1658577429	16.46073474
3.58020327	5.24005176318	0.513761505249	-0.0	-0.0	0.0124285490533	0.383096611592	0.000293807273518	24.9815482624	17.973148064
3.60097216085	5.25823111685	0.497584705515	-0.0	-0.0	0.01279275704	0.382871890481	0.000298799462523	25.8172553182	19.5035827962
3.61732213875	5.2699742268	0.482622924578	-0.0	-0.0	0.0131643214933	0.382642545084	0.00030426860476	26.6837850317	21.0745826027
3.62925320371	5.27942122186	0.469182737112	-0.0	-0.0	0.0135363507067	0.382412826319	0.000310103725856	27.5644522597	22.645399894
3.64030048608	5.28626444159	0.457642214591	-0.0	-0.0	0.01388941736	0.382194738385	0.000315643720076	28.4114278882	24.1360899848
3.65488289881	5.29702018584	0.447156118454	-0.0	-0.0	0.0142436939733	0.38197583192	0.000320869854224	29.271508418	25.6281525568
3.66239505082	5.304	0.437898476175	-0.0	-0.0	0.0145923324	0.381760321113	0.00032658617902	30.1268278885	27.0834258093
3.67167476801	5.31275983371	0.429384138644	-0.0	-0.0	0.0149523432267	0.381537712617	0.000332308391102	31.0172475326	28.5655834038
3.67565178966	5.31543624161	0.421966973749	-0.0	-0.0	0.01531051036	0.381316159432	0.000338412380633	31.9082121238	30.0075831477
3.68537339814	5.32396166134	0.415858025149	-0.0	-0.0	0.0156541339733	0.381103524618	0.000343658006934	32.7652794803	31.3469575032
3.70039770217	5.33290856961	0.410592245411	-0.0	-0.0	0.0160203404533	0.380876839214	0.000348711918147	33.6773549634	32.6979956224
3.70658418029	5.33704646722	0.406694406555	-0.0	-0.0	0.0163805580933	0.380653789767	0.000354381072586	34.5685714457	33.9304951831
3.71851524525	5.34243964422	0.403983375781	-0.0	-0.0	0.0167494498533	0.380425266094	0.000359521285462	35.4730154697	35.0822385083
3.72470172338	5.34719136782	0.402051525148	-0.0	-0.0	0.0171536889067	0.380174759161	0.000365708974376	36.4585180658	36.2512251213
3.72558550597	5.3449587825	0.401823953812	-0.0	-0.0	0.0172135081733	0.380137681143	0.000366622461211	36.6044308272	36.4193481653
3.72558550597	5.3452758402	0.401982395534	-0.0	-0.0	0.0172105263333	0.38013952065	0.000366558044386	36.5950053192	36.3939321734
3.72558550597	5.34708121827	0.402203677673	-0.0	-0.0	0.0172006025333	0.380145675459	0.000366376218273	36.5682035125	36.3449043407
3.72470172338	5.34750872739	0.402514056098	-0.0	-0.0	0.01718904456	0.380152844448	0.000366246666994	36.5364192504	36.2819783168
3.7224922669	5.34592192955	0.402681520789	-0.0	-0.0	0.0171828699867	0.380156671728	0.000366347537254	36.5193687815	36.2481561656
3.72337604949	5.34761904762	0.403065472421	-0.0	-0.0	0.01716859528	0.380165514063	0.000365993781831	36.480146168	36.1705648436
3.72381794079	5.3473015873	0.403559135504	-0.0	-0.0	0.0171501267867	0.380176967049	0.000365605291441	36.4294298857	36.0706894552
3.71984091913	5.34317460317	0.40592979397	-0.0	-0.0	0.01706294408	0.38023099799	0.000364364413214	36.1902617816	35.5980503391
3.71232876712	5.33576874206	0.414824656418	-0.0	-0.0	0.01674356016	0.380428915189	0.000359115355676	35.3205216791	33.8896064903
3.70128148475	5.33386428799	0.424651248957	-0.0	-0.0	0.0164037507733	0.380639415492	0.000353817010815	34.4068684304	32.1136463089
3.69111798498	5.32483264265	0.434053410526	-0.0	-0.0	0.0160906825333	0.380833280375	0.00034892667127	33.5760907232	30.5158256774
3.6805125939	5.32278683285	0.443675034371	-0.0	-0.0	0.0157808553067	0.381025092262	0.000344134734193	32.7648186847	28.9737769328
3.67167476801	5.31648	0.453570225234	-0.0	-0.0	0.0154743623067	0.381214771349	0.000339241499739	31.9725158375	27.482089151
3.65620857269	5.30330234049	0.46424464769	-0.0	-0.0	0.0151550994533	0.381412298272	0.0003347284044	31.1583473805	25.9683858524
3.64560318162	5.29662921348	0.475436238223	-0.0	-0.0	0.0148316887067	0.381612323836	0.000329683527247	30.3445710089	24.4777593258
3.63941670349	5.29071635079	0.487424137682	-0.0	-0.0	0.0144959934	0.381819878837	0.000323993380461	29.5115549309	22.9793512328
3.62969509501	5.28272756513	0.499732195567	-0.0	-0.0	0.0141610572533	0.382026892673	0.000318626491743	28.6926985371	21.5368176059
3.61290322581	5.27152531441	0.513618207574	-0.0	-0.0	0.0137938848667	0.382253750127	0.00031326785731	27.809232642	20.0162708957
3.60273972603	5.25967741935	0.528653585984	-0.0	-0.0	0.0134071160933	0.382492631658	0.000306972869863	26.8942845482	18.4851218409
3.58904109589	5.247819063	0.545287463328	-0.0	-0.0	0.0129895113467	0.382750448965	0.000300406134824	25.9246057163	16.916269889
3.57490057446	5.22753716871	0.561974754774	-0.0	-0.0	0.0125746587867	0.383006469417	0.000293922688189	24.9804360047	15.4552566682
3.55678303137	5.20809061489	0.580915128294	-0.0	-0.0	0.0121117381733	0.383292022342	0.00028687577913	23.9480854368	13.92747689
3.53071144498	5.19616135329	0.60197320559	-0.0	-0.0	0.0115982158533	0.383608634352	0.000279520077709	22.8282740522	12.3681746935
3.51038444543	5.18205546493	0.623882783869	-0.0	-0.0	0.0110636225333	0.383938064995	0.000271308541136	21.6900501532	10.8881478546
3.48696420681	5.16295811518	0.651406033614	-0.0	-0.0	0.0104102220533	0.384340467455	0.000261162232637	20.340415149	9.23724444859
3.46089262042	5.12770137525	0.684680729243	-0.0	-0.0	0.00965482125333	0.384805362769	0.000249340546518	18.8338433864	7.5193344699
3.42730888202	5.0969756739	0.71821178533	-0.0	-0.0	0.00892951114667	0.385251407877	0.000238554546906	17.4443981802	6.05267394189
