# f
2.59333333
3.53089583
4.46845833
5.40602083
6.3435833299999995
7.28114583
8.21870833
9.15627083
10.093833329999999
11.03139583
11.96895833
12.90652083
13.84408333
14.78164583
15.719208329999999
16.65677083
17.594333329999998
18.53189583
19.46945833
20.40702083
21.34458333
22.28214583
23.21970833
24.157270829999998
25.09483333
26.03239583
26.96995833
27.90752083
28.845083329999998
29.78264583
30.72020833
31.65777083
32.59533333
33.53289583
34.47045833
35.40802083
36.34558333
37.28314583
38.22070833
39.15827083
40.09583333
41.033395829999996
41.97095833
42.90852083
43.84608333
44.78364583
45.721208329999996
46.65877083
47.59633333
48.53389583
49.47145833
50.409020829999996
51.34658333
52.28414583
53.22170833
54.15927083
55.096833329999995
56.03439583
56.97195833
57.90952083
58.84708333
59.784645829999995
60.72220833
61.65977083
62.59733333
63.534895829999996
64.47245833
65.41002083000001
66.34758332999999
67.28514583
68.22270832999999
69.16027083
70.09783332999999
71.03539583
71.97295833000001
72.91052083
73.84808333000001
74.78564582999999
75.72320833
76.66077082999999
77.59833333
78.53589582999999
79.47345833
80.41102082999998
81.34858333
82.28614583000001
83.22370833
84.16127083
85.09883332999999
86.03639583
86.97395832999999
87.91152083
88.84908332999998
89.78664583
90.72420833000001
91.66177083
92.59933333000001
93.53689582999999
94.47445833
95.41202082999999
