# f
9.25933333
9.79105208
10.32277083
10.854489580000001
11.38620833
11.91792708
12.449645830000001
12.981364580000001
13.51308333
14.04480208
14.57652083
15.108239580000001
15.63995833
16.171677080000002
16.70339583
17.23511458
17.76683333
18.29855208
18.83027083
19.36198958
19.893708330000003
20.42542708
20.95714583
21.48886458
22.02058333
22.55230208
23.08402083
23.615739580000003
24.14745833
24.679177080000002
25.210895830000002
25.74261458
26.27433333
26.80605208
27.33777083
27.86948958
28.40120833
28.932927080000002
29.464645830000002
29.99636458
30.52808333
31.05980208
31.59152083
32.12323958
32.65495833
33.18667708
33.718395830000006
34.25011458
34.78183333
35.31355208
35.845270830000004
36.37698958
36.908708329999996
37.440427080000006
37.97214583
38.50386458
39.03558333
39.567302080000005
40.09902083
40.63073958
41.16245833000001
41.69417708
42.22589583
42.757614579999995
43.289333330000005
43.82105208
44.35277083
44.88448958000001
45.41620833
45.94792708
46.479645829999995
47.011364580000006
47.54308333
48.07480208
48.60652083000001
49.138239580000004
49.66995833
50.201677079999996
50.733395830000006
51.26511458
51.79683333
52.32855208000001
52.860270830000005
53.39198958
53.92370833
54.45542708000001
54.98714583
55.51886458
56.05058333000001
56.582302080000005
57.11402083
57.64573958
58.17745833000001
58.70917708
59.24089583
59.772614579999995
60.304333330000006
60.83605208
61.36777083
61.89948958000001
