# f
3.70433333
4.01752083
4.33070833
4.64389583
4.95708333
5.270270829999999
5.58345833
5.89664583
6.20983333
6.52302083
6.83620833
7.14939583
7.46258333
7.77577083
8.08895833
8.40214583
8.71533333
9.02852083
9.34170833
9.654895830000001
9.968083329999999
10.28127083
10.59445833
10.90764583
11.220833330000001
11.53402083
11.84720833
12.160395829999999
12.47358333
12.786770830000002
13.09995833
13.413145830000001
13.72633333
14.03952083
14.352708329999999
14.66589583
14.979083330000002
15.29227083
15.605458330000001
15.918645829999999
16.23183333
16.54502083
16.85820833
17.17139583
17.48458333
17.79777083
18.11095833
18.42414583
18.737333330000002
19.05052083
19.36370833
19.67689583
19.99008333
20.303270830000002
20.61645833
20.929645830000002
21.24283333
21.55602083
21.869208330000003
22.18239583
22.495583330000002
22.80877083
23.121958330000002
23.43514583
23.74833333
24.061520830000003
24.37470833
24.687895830000002
25.00108333
25.31427083
25.62745833
25.94064583
26.253833330000003
26.56702083
26.880208330000002
27.19339583
27.50658333
27.819770830000003
28.13295833
28.446145830000003
28.75933333
29.072520830000002
29.38570833
29.69889583
30.012083330000003
30.32527083
30.638458330000002
30.95164583
31.264833330000002
31.57802083
31.89120833
32.20439583
32.51758333
32.83077083
33.14395833
33.45714583
33.77033333
34.08352083
34.39670833
34.70989583
