# f
4.445
4.570875
4.696750000000001
4.822625
4.9485
5.074375
5.2002500000000005
5.326125
5.452
5.577875000000001
5.70375
5.829625
5.955500000000001
6.081375
6.20725
6.333125
6.459
6.584875
6.71075
6.836625
6.9625
7.088375
7.21425
7.3401250000000005
7.466
7.591875
7.7177500000000006
7.843624999999999
7.9695
8.095375
8.22125
8.347125
8.472999999999999
8.598875
8.72475
8.850625
8.9765
9.102374999999999
9.22825
9.354125
9.48
9.605875000000001
9.73175
9.857624999999999
9.9835
10.109375
10.23525
10.361125
10.487
10.612874999999999
10.73875
10.864625
10.9905
11.116375
11.242249999999999
11.368125
11.494
11.619875
11.74575
11.871625
11.997499999999999
12.123375
12.24925
12.375125
12.501
12.626875
12.752749999999999
12.878625
13.0045
13.130374999999999
13.25625
13.382124999999998
13.508
13.633875
13.759749999999999
13.885625
14.0115
14.137374999999999
14.26325
14.389125
14.514999999999999
14.640875
14.76675
14.892624999999999
15.0185
15.144374999999998
15.270249999999999
15.396125
15.521999999999998
15.647874999999999
15.77375
15.899624999999999
16.0255
16.151375
16.27725
16.403125
16.529
16.654874999999997
16.780749999999998
16.906625
