# f
2.223
2.5986249999999997
2.9742499999999996
3.349875
3.7255
4.101125
4.47675
4.852375
5.228
5.603624999999999
5.9792499999999995
6.354875
6.7305
7.106125
7.48175
7.857374999999999
8.233
8.608625
8.98425
9.359874999999999
9.735499999999998
10.111125
10.48675
10.862375
11.238
11.613624999999999
11.989249999999998
12.364874999999998
12.7405
13.116125
13.49175
13.867375
14.242999999999999
14.618624999999998
14.994250000000001
15.369875
15.7455
16.121125
16.49675
16.872374999999998
17.247999999999998
17.623625
17.99925
18.374875
18.7505
19.126125
19.501749999999998
19.877374999999997
20.253
20.628625
21.00425
21.379875
21.755499999999998
22.131124999999997
22.506749999999997
22.882375
23.258
23.633625
24.009249999999998
24.384874999999997
24.760499999999997
25.136125
25.51175
25.887375
26.262999999999998
26.638624999999998
27.014249999999997
27.389874999999996
27.7655
28.141125
28.51675
28.892374999999998
29.267999999999997
29.643624999999997
30.01925
30.394875
30.7705
31.146124999999998
31.521749999999997
31.897374999999997
32.272999999999996
32.648625
33.02425
33.399875
33.7755
34.151125
34.52675
34.902375
35.278
35.653625
36.02925
36.404875
36.780499999999996
37.156124999999996
37.531749999999995
37.907374999999995
38.283
38.658625
39.03425
39.409875
