# f
6.667
6.91775
7.1685
7.41925
7.67
7.92075
8.1715
8.42225
8.673
8.92375
9.1745
9.42525
9.675999999999998
9.926749999999998
10.177499999999998
10.428249999999998
10.678999999999998
10.929749999999999
11.180499999999999
11.431249999999999
11.681999999999999
11.932749999999999
12.183499999999999
12.434249999999999
12.684999999999999
12.935749999999999
13.186499999999999
13.437249999999999
13.687999999999999
13.938749999999999
14.189499999999999
14.440249999999999
14.690999999999999
14.941749999999999
15.192499999999999
15.443249999999999
15.693999999999999
15.944749999999999
16.1955
16.44625
16.697
16.94775
17.1985
17.44925
17.7
17.95075
18.2015
18.45225
18.702999999999996
18.95375
19.204499999999996
19.45525
19.705999999999996
19.95675
20.207499999999996
20.45825
20.708999999999996
20.95975
21.210499999999996
21.46125
21.711999999999996
21.96275
22.213499999999996
22.46425
22.714999999999996
22.96575
23.216499999999996
23.46725
23.717999999999996
23.96875
24.219499999999996
24.47025
24.720999999999997
24.97175
25.222499999999997
25.47325
25.723999999999997
25.97475
26.225499999999997
26.47625
26.726999999999997
26.97775
27.228499999999997
27.47925
27.729999999999997
27.98075
28.231499999999997
28.48225
28.732999999999997
28.98375
29.234499999999997
29.48525
29.735999999999997
29.98675
30.237499999999997
30.48825
30.738999999999997
30.989749999999994
31.240499999999997
31.491249999999994
