# f
8.889
8.952437499999998
9.015875
9.079312499999999
9.14275
9.206187499999999
9.269625
9.333062499999999
9.3965
9.459937499999999
9.523375
9.586812499999999
9.65025
9.713687499999999
9.777125
9.840562499999999
9.904
9.967437499999999
10.030875
10.0943125
10.15775
10.2211875
10.284624999999998
10.3480625
10.4115
10.4749375
10.538374999999998
10.6018125
10.665249999999999
10.7286875
10.792124999999999
10.8555625
10.918999999999999
10.9824375
11.045874999999999
11.1093125
11.172749999999999
11.2361875
11.299624999999999
11.363062499999998
11.426499999999999
11.4899375
11.553374999999999
11.616812499999998
11.68025
11.7436875
11.807125
11.870562499999998
11.934
11.997437499999998
12.060875
12.124312499999998
12.18775
12.251187499999999
12.314625
12.378062499999999
12.4415
12.504937499999999
12.568375
12.631812499999999
12.695249999999998
12.758687499999999
12.822125
12.885562499999999
12.948999999999998
13.012437499999999
13.075875
13.139312499999999
13.202749999999998
13.2661875
13.329625
13.3930625
13.456499999999998
13.5199375
13.583375
13.6468125
13.710249999999998
13.773687499999998
13.837124999999999
13.9005625
13.963999999999999
14.027437499999998
14.090874999999999
14.1543125
14.217749999999999
14.281187499999998
14.344624999999999
14.4080625
14.471499999999999
14.534937499999998
14.598374999999999
14.6618125
14.725249999999999
14.788687499999998
14.852125
14.9155625
14.979
15.042437499999998
15.105874999999997
15.169312499999998
