# f
0.371333333
0.934270833
1.497208333
2.060145833
2.623083333
3.1860208329999997
3.748958333
4.311895833
4.874833333
5.437770833
6.0007083329999995
6.563645833
7.126583333
7.6895208329999996
8.252458333
8.815395833
9.378333333
9.941270833
10.504208333000001
11.067145833
11.630083333
12.193020833
12.755958333
13.318895833000001
13.881833333000001
14.444770833
15.007708333
15.570645833
16.133583333
16.696520832999997
17.259458332999998
17.822395832999998
18.385333333
18.948270833
19.511208333
20.074145833
20.637083333
21.200020833
21.762958332999997
22.325895832999997
22.888833332999997
23.451770832999998
24.014708332999998
24.577645833
25.140583333
25.703520833
26.266458333
26.829395833
27.392333333
27.955270832999997
28.518208332999997
29.081145832999997
29.644083332999998
30.207020832999998
30.769958332999998
31.332895833
31.895833333
32.458770833
33.021708333
33.584645833
34.147583333
34.710520833000004
35.273458333
35.836395833000005
36.399333333
36.962270833
37.525208333
38.088145833
38.651083333
39.214020833
39.776958333
40.339895833
40.902833333000004
41.465770833
42.028708333000004
42.591645833
43.154583333
43.717520833
44.280458333
44.843395833
45.406333333
45.969270833
46.532208333
47.095145833000004
47.658083333
48.221020833000004
48.783958333
49.346895833
49.909833333
50.472770833
51.035708333
51.598645833
52.161583333
52.724520833
53.287458333000004
53.850395833
54.413333333000004
54.976270833
55.539208333
56.102145833
