# f
5.92633333
5.9585520800000005
5.990770830000001
6.02298958
6.05520833
6.08742708
6.1196458300000005
6.151864580000001
6.18408333
6.21630208
6.24852083
6.2807395800000005
6.312958330000001
6.34517708
6.37739583
6.40961458
6.441833330000001
6.47405208
6.50627083
6.53848958
6.57070833
6.602927080000001
6.63514583
6.66736458
6.69958333
6.7318020800000005
6.76402083
6.79623958
6.82845833
6.86067708
6.8928958300000005
6.925114580000001
6.95733333
6.98955208
7.02177083
7.05398958
7.08620833
7.11842708
7.15064583
7.18286458
7.215083330000001
7.24730208
7.27952083
7.31173958
7.34395833
7.37617708
7.40839583
7.44061458
7.47283333
7.5050520800000005
7.537270830000001
7.56948958
7.60170833
7.63392708
7.66614583
7.69836458
7.73058333
7.76280208
7.79502083
7.8272395800000005
7.85945833
7.89167708
7.92389583
7.9561145799999995
7.98833333
8.02055208
8.05277083
8.08498958
8.11720833
8.14942708
8.18164583
8.21386458
8.246083330000001
8.27830208
8.31052083
8.34273958
8.37495833
8.40717708
8.43939583
8.47161458
8.503833329999999
8.536052080000001
8.56827083
8.60048958
8.63270833
8.66492708
8.69714583
8.72936458
8.76158333
8.793802079999999
8.826020830000001
8.85823958
8.89045833
8.92267708
8.95489583
8.98711458
9.01933333
9.05155208
9.08377083
9.11598958
