# f
1.48233333
1.6706458299999998
1.8589583299999999
2.04727083
2.23558333
2.4238958299999998
2.6122083299999996
2.80052083
2.98883333
3.1771458299999997
3.36545833
3.55377083
3.74208333
3.9303958299999997
4.1187083300000005
4.30702083
4.495333329999999
4.68364583
4.87195833
5.06027083
5.24858333
5.436895829999999
5.6252083299999995
5.81352083
6.00183333
6.1901458300000005
6.378458329999999
6.566770829999999
6.75508333
6.94339583
7.13170833
7.320020829999999
7.508333329999999
7.69664583
7.88495833
8.07327083
8.261583329999999
8.449895829999999
8.63820833
8.82652083
9.01483333
9.20314583
9.391458329999999
9.57977083
9.76808333
9.95639583
10.144708329999998
10.333020829999999
10.52133333
10.70964583
10.89795833
11.086270829999998
11.274583329999999
11.462895829999999
11.65120833
11.83952083
12.02783333
12.216145829999999
12.404458329999999
12.59277083
12.78108333
12.96939583
13.157708329999998
13.346020829999999
13.534333329999999
13.72264583
13.91095833
14.099270829999998
14.287583329999999
14.475895829999999
14.66420833
14.85252083
15.040833329999998
15.229145829999998
15.417458329999999
15.605770829999999
15.79408333
15.98239583
16.17070833
16.35902083
16.54733333
16.73564583
16.92395833
17.11227083
17.30058333
17.48889583
17.67720833
17.865520829999998
18.05383333
18.24214583
18.43045833
18.61877083
18.807083329999998
18.99539583
19.183708329999998
19.37202083
19.56033333
19.748645829999997
19.93695833
20.125270829999998
