# f
7.778
8.403375
9.028749999999999
9.654125
10.279499999999999
10.904875
11.530249999999999
12.155625
12.780999999999999
13.406375
14.031749999999999
14.657125
15.282499999999999
15.907875
16.53325
17.158625
17.784
18.409375
19.03475
19.660125
20.2855
20.910875
21.53625
22.161625
22.787
23.412375
24.03775
24.663125
25.2885
25.913874999999997
26.53925
27.164625
27.79
28.415374999999997
29.04075
29.666125
30.2915
30.916874999999997
31.54225
32.167625
32.793
33.418375
34.04375
34.669125
35.2945
35.919875
36.54525
37.170625
37.796
38.421375
39.04675
39.672125
40.2975
40.922875
41.54825
42.173625
42.799
43.424375
44.049749999999996
44.675125
45.3005
45.925875
46.55125
47.176625
47.802
48.427375
49.052749999999996
49.678125
50.3035
50.928875
51.55425
52.179625
52.805
53.430375
54.055749999999996
54.681125
55.3065
55.931875
56.55725
57.182625
57.808
58.433375
59.058749999999996
59.684125
60.3095
60.934875
61.56025
62.185625
62.811
63.436375
64.06175
64.68712500000001
65.3125
65.937875
66.56325000000001
67.188625
67.81400000000001
68.439375
69.06475
69.69012500000001
