# f
5.556
6.431125
7.30625
8.181375
9.0565
9.931625
10.806750000000001
11.681875000000002
12.557
13.432125
14.30725
15.182375
16.0575
16.932625
17.807750000000002
18.682875
19.558
20.433125
21.30825
22.183375
23.058500000000002
23.933625000000003
24.808750000000003
25.683875
26.559
27.434125
28.309250000000002
29.184375000000003
30.059500000000003
30.934625
31.80975
32.684875
33.56
34.435125
35.31025
36.185375
37.0605
37.935625
38.81075
39.685874999999996
40.561
41.436125
42.31125
43.186375
44.0615
44.936625
45.811749999999996
46.686875
47.562
48.437125
49.31225
50.187375
51.0625
51.937625
52.81275
53.687875
54.563
55.438125
56.31325
57.188375
58.0635
58.938625
59.81375
60.688875
61.564
62.439125
63.31425
64.189375
65.06450000000001
65.939625
66.81475
67.689875
68.565
69.44012500000001
70.31525
71.190375
72.0655
72.940625
73.81575
74.690875
75.566
76.441125
77.31625
78.19137500000001
79.0665
79.941625
80.81675
81.691875
82.56700000000001
83.442125
84.31725
85.192375
86.0675
86.942625
87.81775
88.692875
89.568
90.443125
91.31825
92.193375
