# f
0.741666667
1.023635417
1.3056041669999998
1.587572917
1.869541667
2.151510417
2.4334791669999998
2.715447917
2.997416667
3.279385417
3.5613541669999997
3.843322917
4.125291667
4.407260417
4.689229167
4.971197917
5.2531666669999995
5.535135416999999
5.817104166999999
6.099072916999999
6.381041666999999
6.663010417
6.944979167
7.2269479169999995
7.508916666999999
7.790885416999999
8.072854167
8.354822917
8.636791667
8.918760417
9.200729167
9.482697917
9.764666667
10.046635417000001
10.328604167
10.610572917
10.892541667
11.174510417
11.456479167
11.738447917
12.020416667
12.302385417
12.584354167
12.866322917
13.148291667
13.430260417
13.712229167
13.994197917
14.276166667
14.558135417
14.840104167
15.122072917
15.404041667
15.686010417
15.967979167
16.249947917
16.531916667
16.813885417
17.095854167
17.377822917
17.659791667
17.941760417
18.223729167
18.505697917
18.787666667
19.069635417
19.351604167
19.633572917
19.915541667
20.197510417
20.479479167
20.761447916999998
21.043416667
21.325385417
21.607354167
21.889322917
22.171291667
22.453260417
22.735229167
23.017197917
23.299166666999998
23.581135417
23.863104167
24.145072917
24.427041667
24.709010417
24.990979167
25.272947917
25.554916667
25.836885417
26.118854167
26.400822917
26.682791667
26.964760417
27.246729166999998
27.528697917
27.810666667
28.092635417
28.374604167
28.656572917
