# f
4.81533333
5.503145829999999
6.19095833
6.87877083
7.56658333
8.25439583
8.94220833
9.63002083
10.31783333
11.005645829999999
11.69345833
12.38127083
13.06908333
13.75689583
14.444708330000001
15.13252083
15.82033333
16.50814583
17.19595833
17.883770830000003
18.571583330000003
19.259395830000003
19.947208330000002
20.635020830000002
21.32283333
22.01064583
22.69845833
23.38627083
24.07408333
24.76189583
25.44970833
26.13752083
26.82533333
27.51314583
28.20095833
28.88877083
29.57658333
30.264395829999998
30.952208330000005
31.640020830000005
32.327833330000004
33.015645830000004
33.703458330000004
34.39127083
35.07908333
35.76689583
36.45470833
37.14252083
37.83033333
38.51814583
39.20595833
39.89377083
40.58158333
41.26939583
41.95720833000001
42.64502083000001
43.33283333000001
44.02064583000001
44.708458330000006
45.396270830000006
46.084083330000006
46.771895830000005
47.459708330000005
48.147520830000005
48.835333330000005
49.523145830000004
50.210958330000004
50.898770830000004
51.58658333
52.27439583
52.96220833
53.65002083
54.33783333
55.02564583
55.71345833
56.40127083000001
57.08908333000001
57.77689583000001
58.46470833000001
59.15252083000001
59.84033333000001
60.52814583000001
61.21595833000001
61.903770830000006
62.591583330000006
63.279395830000006
63.967208330000005
64.65502083
65.34283333
66.03064583
66.71845833
67.40627083
68.09408333
68.78189583
69.46970833
70.15752083000001
70.84533333
71.53314583000001
72.22095833
72.90877083000001
