# f
3.334
3.8345000000000002
4.335
4.8355
5.336
5.836499999999999
6.337
6.8375
7.337999999999999
7.8385
8.338999999999999
8.8395
9.34
9.840499999999999
10.341
10.8415
11.341999999999999
11.8425
12.342999999999998
12.843499999999999
13.343999999999998
13.844499999999998
14.344999999999999
14.845499999999998
15.345999999999998
15.846499999999999
16.346999999999998
16.8475
17.348
17.848499999999998
18.349
18.8495
19.349999999999998
19.850499999999997
20.351
20.851499999999998
21.351999999999997
21.8525
22.352999999999998
22.853499999999997
23.353999999999996
23.854499999999998
24.354999999999997
24.855499999999996
25.355999999999998
25.856499999999997
26.356999999999996
26.857499999999998
27.357999999999997
27.858499999999996
28.358999999999998
28.859499999999997
29.359999999999996
29.8605
30.360999999999997
30.861499999999996
31.362
31.862499999999997
32.363
32.863499999999995
33.364
33.8645
34.364999999999995
34.8655
35.366
35.8665
36.367
36.8675
37.368
37.8685
38.369
38.8695
39.37
39.8705
40.371
40.8715
41.372
41.8725
42.373
42.8735
43.373999999999995
43.8745
44.375
44.875499999999995
45.376
45.8765
46.376999999999995
46.8775
47.378
47.878499999999995
48.379
48.8795
49.379999999999995
49.8805
50.381
50.881499999999996
51.382
51.8825
52.382999999999996
52.8835
