# f		u
99512.83599181229	0.00020078894600317199
281464.8045796608	0.00040157789200634397
493759.02068439865	0.000584113297463773
769117.6164885837	0.000784902243466945
1082382.3836279262	0.000985691189470117
1396561.4071918682	0.001168226594927546
1771666.4891207542	0.001369015540930718
2175393.128596448	0.00156980448693389
2565647.131562492	0.0017523398923913192
3019018.2757995306	0.001953128838394491
3496335.392654726	0.002153917784397663
3950072.165475189	0.002336453189855092
4470048.918507571	0.002537242135858264
5011029.553832992	0.002738031081861436
5520393.6737702	0.0029205664873188653
6099359.632324871	0.0031213554333220372
6697259.971164381	0.0033221443793252092
7256745.939438609	0.0035046797847826383
7889221.187443363	0.0037054687307858103
8539073.181375867	0.003906257676788982
9144545.034280011	0.004088793082246411
9826341.853243621	0.004289582028249583
10524288.291330034	0.004490370974252755
11172491.257534945	0.004672906379710184
11900274.18023146	0.004873695325713356
12643207.610049186	0.005074484271716528
13331493.558478763	0.0052570196771739575
14102524.341800557	0.0054578086231771294
14887871.658342356	0.0056585975691803014
15614031.206168905	0.0058411329746377305
16426009.36865165	0.0060419219206409025
17251594.22764961	0.0062427108666440745
18013747.493098292	0.0064252462721015036
18864704.77615779	0.0066260352181046756
19728655.025988173	0.0068268241641078475
20525177.052499935	0.007009359569565277
21413404.404059544	0.007210148515568449
22314087.199687153	0.007410937461571621
23143555.068406288	0.00759347286702905
24067550.295838036	0.007794261813032222
25003525.08109402	0.007995050759035394
25864679.218420662	0.008177586164492823
26823108.345740326	0.008378375110495995
27793091.834743004	0.008579164056499167
28684806.96225539	0.008761699461956596
29676474.99701965	0.008962488407959768
30587688.892642684	0.009145023813417197
31600577.323801514	0.009345812759420369
32624405.67780448	0.00954660170542354
33564554.64458812	0.00972913711088097
34608950.13001628	0.009929926056884142
35663958.86457439	0.010130715002887314
36632178.543782406	0.010313250408344743
37707157.99418044	0.010514039354347915
38792451.64028762	0.010714828300351087
39787950.79842854	0.010897363705808516
40892667.79887315	0.011098152651811688
42007423.8767745	0.01129894159781486
43029474.64165047	0.011481477003272289
44163149.3901616	0.011682265949275461
45306609.00149059	0.011883054895278633
46354538.83150392	0.012065590300736062
47516449.83442398	0.012266379246739234
48687909.86928818	0.012467168192742406
49761094.87939457	0.012649703598199835
50950572.02780789	0.012850492544203007
52149378.64695984	0.013051281490206179
53247238.01009394	0.013233816895663608
54463656.755319886	0.01343460584166678
55689199.8910846	0.013635394787669952
56811191.10199065	0.013817930193127381
58053967.515508875	0.014018719139130553
59305676.19544127	0.014219508085133725
60451291.03326974	0.014402043490591154
61719877.585549824	0.014602832436594326
62997215.92701611	0.014803621382597498
64165976.9894698	0.014986156788054927
65459858.91853751	0.0151869457340581
66762322.67530772	0.015387734680061271
67953780.38433337	0.0155702700855187
69272472.55218728	0.015771059031521872
70599586.11891447	0.015971847977525044
71813316.11852534	0.016154383382982473
73156360.27424009	0.016355172328985645
74507674.0736045	0.016555961274988817
75743274.95617901	0.016738496680446247
77110237.34044981	0.01693928562644942
78485325.53232044	0.01714007457245259
79742416.84191357	0.01732260997791002
81132886.08015151	0.01752339892391319
82403883.02157901	0.01770593432937062
83809565.01419629	0.017906723275373793
85223150.25496583	0.018107512221376965
86515048.94724832	0.018290047626834394
87943600.79703502	0.018490836572837566
89379930.06027956	0.018691625518840738
90692397.67127402	0.018874160924298167
92143458.9726853	0.01907494987030134
93602177.6782882	0.01927573881630451
94934896.78677875	0.01945827422176194
96408123.65459602	0.019659063167765112
97888893.30672623	0.019859852113768284
99241560.74862632	0.020042387519225713
100736624.59313454	0.020243176465228885
102239121.59979126	0.020443965411232057
103611447.43177955	0.020626500816689486
105128033.85742882	0.020827289762692658
106651948.4678301	0.02102807870869583
108043655.03348525	0.02121061411415326
109581462.84547706	0.02141140306015643
111126498.19058473	0.021612192006159603
112537319.27634211	0.021794727411617032
114096059.58191139	0.021995516357620204
115661930.8055679	0.022196305303623376
117091610.87568687	0.022378840709080805
118671006.26878053	0.022579629655083977
120257439.73874368	0.02278041860108715
121705733.24002253	0.022962954006544578
123305517.05968124	0.02316374295254775
124912249.64935124	0.023364531898550922
126378920.37762138	0.02354706730400835
127998836.03171279	0.023747856250011523
129625614.46461058	0.023948645196014695
131110434.98612626	0.024131180601472124
132750235.33320706	0.024331969547475296
134396815.5833264	0.024532758493478468
135899566.70508114	0.024715293898935897
137559013.48811737	0.02491608284493907
139225160.23017266	0.02511687179094224
140745630.51394835	0.02529940719639967
142424493.84043095	0.025500196142402842
144109979.94478634	0.025700985088406014
145647965.26039937	0.025883520493863443
147346023.12407887	0.026084309439866615
148895395.07788846	0.026266844845324044
150605932.305566	0.026467633791327216
152322970.14561853	0.02666842273733039
153889534.02696618	0.026850958142787817
155618914.27456573	0.02705174708879099
157354724.56850547	0.02725253603479416
158938293.74450204	0.02743507144025159
160686313.90200976	0.027635860386254762
162440695.7890981	0.027836649332257934
164041089.57622173	0.028019184737715364
165807552.96340856	0.028219973683718536
167580311.89568275	0.028420762629721708
169197355.25025496	0.028603298035179137
170982071.28442627	0.02880408698118231
172773018.70279765	0.02900487592718548
174406541.93354568	0.02918741133264291
176209325.8208417	0.02938820027864608
178018278.85399356	0.029588989224649254
179668117.35471314	0.029771524630106683
181488789.80285627	0.029972313576109855
183315570.9869191	0.030173102522113027
184981564.98746583	0.030355637927570456
186819951.938076	0.030556426873573628
188664388.95527223	0.0307572158195768
190346383.28929684	0.03093975122503423
192202315.66809407	0.0311405401710374
194064241.10273236	0.03134132911704057
195762084.9907397	0.031523864522498
197635398.4741254	0.031724653468501174
199514649.58449236	0.031925442414504346
201228196.43094787	0.032107977819961775
203118731.22760984	0.03230876676596495
205015149.7324511	0.03250955571196812
206744256.93578675	0.03269209111742555
208651857.58210677	0.03289288006342872
210565289.46051902	0.03309366900943189
212309818.23500302	0.03327620441488932
214234333.40316546	0.03347699336089249
216164628.70683601	0.033677782306895665
217924443.91537043	0.033860317712353094
219865726.2331756	0.034061106658356266
221812738.91000652	0.03426189560435944
223587708.90700564	0.03444443100981687
225545614.78848574	0.03464521995582004
227509202.51673022	0.03484600890182321
229299199.00031146	0.03502854430728064
231273588.48633048	0.03522933325328381
233073377.92264614	0.03541186865874124
235058510.39123878	0.03561265760474441
237049246.9993321	0.035813446550747585
238863857.40776667	0.035995981956205014
240865249.25276777	0.036196770902208186
242872199.8355442	0.03639755984821136
244701511.14114147	0.03658009525366879
246719031.33069608	0.03678088419967196
248742065.94218454	0.03698167314567513
250585960.9419821	0.03716420855113256
252619481.56198943	0.03736499749713573
254658473.33136603	0.037565786443138904
256516837.58169967	0.03774832184859633
258566233.71410066	0.037949110794599505
260621058.72628084	0.03814989974060268
262493780.43618438	0.038332435146060106
264558930.04379928	0.03853322409206328
266629467.2264217	0.03873401303806645
268516437.15670496	0.03891654844352388
270597220.9741745	0.03911733738952705
272683351.9905442	0.039318126335530224
274584463.3581657	0.03950066174098765
276680764.78858626	0.039701450686990825
278782373.9361783	0.039902239632994
280697522.32356155	0.040084775038451426
282809227.3404375	0.0402855639844546
284926201.45459586	0.04048635293045777
286855284.72356427	0.0406688883359152
288982281.7777312	0.04086967728191837
291114510.14022535	0.04107046622792154
293057428.35025924	0.04125300163337897
295199608.28145814	0.041453790579382144
297346982.5335875	0.041654579525385316
299303637.86412615	0.041837114930842745
301460893.8169349	0.04203790387684592
303623307.87689304	0.04223869282284909
305593604.5534299	0.04242122822830652
307765831.8972785	0.04262201717430969
309943181.88151413	0.04282280612031286
311927026.105249	0.04300534152577029
314114122.35826826	0.04320613047177346
316306306.50659657	0.043406919417776635
318303606.38742834	0.043589454823234064
320505471.1438982	0.043790243769237236
322511552.2516354	0.043972779174694665
324723055.24079394	0.04417356812069784
326939590.10197574	0.04437435706670101
328958978.70248866	0.04455689247215844
331185088.28101873	0.04475768141816161
333416196.78917146	0.04495847036416478
335448805.7600384	0.04514100576962221
337689426.7095689	0.04534179471562538
339935014.28496295	0.045542583661628555
341980758.19282156	0.045725119067085984
344235797.13320374	0.045925908013089156
346495771.01395965	0.04612669695909233
348554566.0606253	0.04630923236454976
350823931.39153695	0.04651002131055293
353098200.5761282	0.0467108102565561
355169964.5470887	0.04689334566201353
357453566.39220333	0.0470941346080167
359742041.5844734	0.047294923554019874
361826693.799626	0.0474774589594773
364124443.95320356	0.047678247905480475
366427037.5097577	0.04787903685148365
368524498.77626604	0.048061572256941076
370836310.65203136	0.04826236120294425
373152936.5318727	0.04846315014894742
375263129.0990267	0.04864568555440485
377588917.68121207	0.04884647450040802
379919491.39750034	0.04904726344641119
382042338.9134706	0.04922979885186862
384382020.7099056	0.049430587797871794
386726459.28372556	0.049631376743874966
388861886.75411284	0.049813912149332396
391215379.75125235	0.05001470109533557
393573601.6672841	0.05021549004133874
395721535.4153672	0.05039802544679617
398088759.03515655	0.05059881439279934
400460684.1991498	0.05079960333880251
402621051.82774514	0.05098213874425994
405001926.88622653	0.051182927690263114
407387476.5841847	0.051383716636266286
409560206.9390336	0.051566252041723715
411954655.60660434	0.05176704098772689
414353752.4655913	0.05196782993373006
416538775.60019696	0.05215036533918749
418946721.3634364	0.05235115428519066
421139774.1881001	0.05253368969064809
423556536.45576584	0.05273447863665126
425977904.08075154	0.05293526758265443
428183136.4030117	0.05311780298811186
430613271.8384872	0.053318591934115034
433047987.3355265	0.053519380880118206
435265332.256423	0.053701916285575635
437708767.6680255	0.05390270523157881
440156758.2577337	0.05410349417758198
442386149.9687231	0.05428602958303941
444842813.3535162	0.05448681852904258
447304007.4341758	0.05468760747504575
449545381.18782717	0.05487014288050318
452015201.69978726	0.05507093182650635
454489528.8159252	0.055271720772509525
456742820.89770746	0.055454256177966954
459225728.8170696	0.055655045123970126
461713119.6291976	0.0558558340699733
463978267.330305	0.05603836947543073
466474194.0340349	0.0562391584214339
468974580.2894953	0.05643994736743707
471251521.8806639	0.0566224827728945
473760399.8140025	0.05682327171889767
476273714.3188697	0.057024060664900844
478562389.0251384	0.05720659607035827
481084151.67416924	0.057407385016361445
483610328.2661579	0.05760817396236462
485910676.2425305	0.057790709367822046
488445258.1077229	0.05799149831382522
490984231.6300569	0.05819228725982839
493296193.93802446	0.05837482266528582
495843530.50870955	0.05857561161128899
498395236.78490794	0.05877640055729216
500718755.3697926	0.05895893596274959
503278783.09952885	0.059159724908752764
505843158.9090685	0.059360513854755936
508178176.5781523	0.059543049260213365
510750832.8609424	0.05974383820621654
513327815.9157584	0.05994462715221971
515674276.3171621	0.06012716255767714
518259499.46448225	0.06032795150368031
520849028.3862686	0.06052874044968348
523206875.9885485	0.06071127585514091
525804605.2071565	0.060912064801144084
528406619.50543374	0.061112853747147255
530775799.5778646	0.061295389152604685
533385974.94835144	0.06149617809860786
535762562.5874135	0.061678713504065286
538380873.5927821	0.06187950245006846
541003436.048837	0.06208029139607163
543391267.2208124	0.06226282680152906
546021927.0034279	0.06246361574753223
548656818.3117843	0.0626644046935354
551055840.3219777	0.06284694009899283
553698791.1846771	0.063047729044996
556345953.9257147	0.06324851799099918
558756114.8134464	0.0634310533964566
561411299.8603239	0.06363184234245978
564070677.4092947	0.06383263128846295
566491925.9310164	0.06401516669392038
569159289.0490475	0.06421595563992355
571830825.5579046	0.06441674458592672
574263111.1708541	0.06459927999138415
576942597.0121044	0.06480006893738732
579626237.3919065	0.0650008578833905
582069510.2382789	0.06518339328884792
584761064.2026749	0.0653841822348511
587456754.1065434	0.06558497118085427
589910964.9981587	0.0657675065863117
592614533.2167951	0.06596829553231487
595322219.0234034	0.06616908447831804
597787319.4268498	0.06635161988377547
600502848.7458159	0.06655240882977864
603222477.5433865	0.06675319777578181
605698419.5656219	0.06693573318123924
608425857.5303226	0.06713652212724242
611157377.1011161	0.06733731107324559
613644113.4755083	0.06751984647870302
616383408.3154635	0.06772063542470619
619126767.1207372	0.06792142437070936
621624251.1935267	0.06810395977616679
624375351.8076291	0.06830474872216996
627130498.9730474	0.06850553766817313
629638684.6902168	0.06868807307363056
632401540.6324301	0.06888886201963373
635168425.9339114	0.0690896509656369
637687267.8284439	0.06927218637109434
640461829.2939258	0.06947297531709751
643240403.1439072	0.06967376426310068
645769856.3234226	0.06985629966855811
648556074.1350554	0.07005708861456128
651092466.8444779	0.07023962402001871
653886307.7039113	0.07044041296602188
656684133.2992259	0.07064120191202505
659231064.1726321	0.07082373731748248
662036481.2745365	0.07102452626348565
664845866.6930139	0.07122531520948883
667403292.3070418	0.07140785061494626
670220238.0792029	0.07160863956094943
673041135.9499407	0.0718094285069526
675609013.4136335	0.07199196391241003
678437440.8655512	0.0721927528584132
681269804.3952802	0.07239354180441637
683848091.3392957	0.0725760772098738
686687954.0504242	0.07277686615587697
689531737.0118645	0.07297765510188015
692120391.5779866	0.07316019050733757
694971643.6863047	0.07336097945334075
697826800.4068459	0.07356176839934392
700425781.2377907	0.07374430380480135
703288377.4286909	0.07394509275080452
706154862.7793888	0.07414588169680769
708764129.0088915	0.07432841710226512
711638024.5043762	0.07452920604826829
714515793.8892509	0.07472999499427146
717135305.1324261	0.0749125303997289
720020455.6805992	0.07511331934573207
722909465.0262272	0.07531410829173524
725539181.3701922	0.07549664369719267
728435543.2350372	0.07569743264319584
731335748.9804251	0.07589822158919901
733975630.9751761	0.07608075699465644
736883160.9266101	0.07628154594065961
739794520.0133408	0.07648233488666278
742444528.6628747	0.07666487029212021
745363183.9670689	0.07686565923812338
748285653.8297116	0.07706644818412656
750945750.5833848	0.07724898358958399
753875488.9933413	0.07744977253558716
756809027.5501155	0.07765056148159033
759479174.29423	0.07783309688704776
762419954.0406086	0.07803388583305093
765364519.6842937	0.0782346747790541
768044678.7339057	0.07841721018451153
770996458.51609	0.0786179991305147
773683167.8638313	0.07880053453597213
776642144.1961123	0.0790013234819753
779604883.1735085	0.07920211242797848
782301543.3328912	0.0793846478334359
785271452.3046587	0.07958543677943908
788245110.0882185	0.07978622572544225
790951684.4749805	0.07996876113089968
793932485.9890106	0.08016955007690285
796917022.6329709	0.08037033902290602
799633475.063415	0.08055287442836345
802625129.4604636	0.08075366337436662
805620505.4542973	0.0809544523203698
808346800.1380342	0.08113698772582723
811349268.1889206	0.0813377766718304
814355444.4494896	0.08153856561783357
817091545.9823639	0.081721101023291
820104788.8802545	0.08192188996929417
823121726.7441596	0.08212267891529734
825867600.1013525	0.08230521432075477
828891579.4542364	0.08250600326675794
831919240.6703573	0.08270679221276112
834674851.1996609	0.08288932761821854
837709529.0230112	0.08309011656422172
840747875.7452321	0.08329090551022489
843513189.1604888	0.08347344091568232
846558527.8701053	0.08367422986168549
849607522.6502167	0.08387501880768866
852382505.0249201	0.08405755421314609
855438467.4299463	0.08425834315914926
858498073.2107219	0.08445913210515243
861282690.971772	0.08464166751060986
864349240.267882	0.08484245645661304
867419420.3763214	0.08504324540261621
870213640.2979321	0.08522578080807364
873290740.0606805	0.08542656975407681
876371458.201416	0.08562735870007998
879175247.3991671	0.08580989410553741
882262861.5774994	0.08601068305154058
885354081.8263581	0.08621147199754375
888167407.7513899	0.08639400740300118
891265500.6613054	0.08659479634900435
894367187.4590256	0.08679558529500753
897190017.8923706	0.08697812070046496
900298554.2107369	0.08717890964646813
903410672.3568317	0.0873796985924713
906242975.4038793	0.08756223399792873
909361920.1623896	0.0877630229439319
912200422.4325236	0.08794555834938933
915326178.8942442	0.0881463472953925
918455497.4735171	0.08834713624139567
921303420.2309573	0.0885296716468531
924439527.9813174	0.08873046059285628
927579186.1051316	0.08893124953885945
930436498.2909231	0.08911378494431688
933582923.275832	0.08931457389032005
936732887.005495	0.08951536283632322
939599557.8658726	0.08969789824178065
942756266.365142	0.08989868718778382
945916502.0939859	0.090099476133787
948792501.1754085	0.09028201153924442
951959459.7973316	0.0904828004852476
955129934.2453352	0.09068358943125077
958015231.3896325	0.0908661248367082
961192407.0656848	0.09106691378271137
964373087.274216	0.09126770272871454
967267652.6138443	0.09145023813417197
970455012.5935048	0.09165102708017514
973645865.9201802	0.09185181602617831
976549669.8735849	0.09203435143163574
979747181.7192706	0.09223514037763891
982948175.8329306	0.09243592932364209
985861189.1000104	0.09261846472909951
989068820.682125	0.09281925367510269
992279923.5579196	0.09302004262110586
995202117.1155922	0.09320257802656329
998419836.6076823	0.09340336697256646
1001641016.5222645	0.09360415591856963
1004572361.6201283	0.09378669132402706
1007800137.4941468	0.09398748027003023
1011031363.0209711	0.0941882692160334
1013971831.1770617	0.09437080462149083
1017209632.1987337	0.094571593567494
1020450872.2034568	0.09477238251349718
